SAMPLE NUMBER:   2
TIME RESOLUTION: 4 ms/sample
mmHg RESOLUTION: 0.0203458 mmHg/unit
DATA UNITS:      mmHg, mmHg/sec

------------------------- Begin Data -------------------------
  FA     	  FA'		  RV     	  RV'		
102.81   	 -10.17		 75.08   	-193.29		
102.77   	 -15.26		 74.30   	-249.24		
102.71   	 -30.52		 73.31   	-315.36		
102.58   	 -50.86		 72.04   	-345.88		
102.38   	 -96.64		 70.66   	-371.31		
101.99   	-142.42		 69.18   	-432.35		
101.42   	-183.11		 67.45   	-508.65		
100.69   	-213.63		 65.41   	-569.68		
 99.84   	-244.15		 63.13   	-645.98		
 98.86   	-254.32		 60.55   	-712.10		
 97.84   	-259.41		 57.70   	-778.23		
 96.81   	-249.24		 54.59   	-844.35		
 95.81   	-233.98		 51.21   	-890.13		
 94.87   	-213.63		 47.65   	-925.73		
 94.02   	-193.29		 43.95   	-930.82		
 93.24   	-172.94		 40.22   	-910.47		
 92.55   	-157.68		 36.58   	-864.70		
 91.92   	-152.59		 33.12   	-798.57		
 91.31   	-147.51		 29.93   	-727.36		
 90.72   	-157.68		 27.02   	-645.98		
 90.09   	-167.85		 24.44   	-574.77		
 89.42   	-188.20		 22.14   	-498.47		
 88.67   	-203.46		 20.14   	-437.43		
 87.85   	-218.72		 18.39   	-386.57		
 86.98   	-233.98		 16.85   	-335.71		
 86.04   	-239.06		 15.50   	-300.10		
 85.09   	-239.06		 14.30   	-274.67		
 84.13   	-223.80		 13.20   	-264.50		
 83.23   	-208.54		 12.15   	-259.41		
 82.40   	-188.20		 11.11   	-254.32		
 81.65   	-162.77		 10.09   	-259.41		
 81.00   	-137.33		  9.05   	-269.58		
 80.45   	-116.99		  7.98   	-279.75		
 79.98   	-101.73		  6.86   	-274.67		
 79.57   	 -91.56		  5.76   	-254.32		
 79.21   	 -96.64		  4.74   	-233.98		
 78.82   	-101.73		  3.80   	-213.63		
 78.41   	-106.82		  2.95   	-157.68		
 77.99   	-116.99		  2.32   	-101.73		
 77.52   	-132.25		  1.91   	 -50.86		
 76.99   	-137.33		  1.71   	  10.17		
 76.44   	-147.51		  1.75   	  61.04		
 75.85   	-152.59		  1.99   	  96.64		
 75.24   	-147.51		  2.38   	 122.07		
 74.65   	-142.42		  2.87   	 132.25		
 74.08   	-132.25		  3.40   	 122.07		
 73.55   	-116.99		  3.89   	  91.56		
 73.08   	-106.82		  4.25   	  66.12		
 72.65   	 -86.47		  4.52   	  30.52		
 72.31   	 -81.38		  4.64   	   0.00		
 71.98   	 -71.21		  4.64   	 -20.35		
 71.70   	 -61.04		  4.56   	 -30.52		
 71.45   	 -66.12		  4.44   	 -30.52		
 71.19   	 -66.12		  4.31   	 -20.35		
 70.93   	 -66.12		  4.23   	 -15.26		
 70.66   	 -71.21		  4.17   	   5.09		
 70.38   	 -71.21		  4.19   	  25.43		
 70.09   	 -81.38		  4.29   	  30.52		
 69.77   	 -76.30		  4.42   	  35.61		
 69.46   	 -81.38		  4.56   	  50.86		
 69.14   	 -81.38		  4.76   	  45.78		
 68.81   	 -76.30		  4.94   	  45.78		
 68.50   	 -71.21		  5.13   	  40.69		
 68.22   	 -66.12		  5.29   	  40.69		
 67.95   	 -66.12		  5.45   	  35.61		
 67.69   	 -61.04		  5.60   	  25.43		
 67.45   	 -55.95		  5.70   	  25.43		
 67.22   	 -50.86		  5.80   	  20.35		
 67.02   	 -50.86		  5.88   	  10.17		
 66.82   	 -50.86		  5.92   	   5.09		
 66.61   	 -50.86		  5.94   	   5.09		
 66.41   	 -55.95		  5.96   	  -5.09		
 66.18   	 -55.95		  5.94   	  -5.09		
 65.96   	 -61.04		  5.92   	  -5.09		
 65.72   	 -61.04		  5.90   	   0.00		
 65.47   	 -66.12		  5.90   	   0.00		
 65.21   	 -66.12		  5.90   	  10.17		
 64.94   	 -66.12		  5.94   	  15.26		
 64.68   	 -61.04		  6.00   	  25.43		
 64.44   	 -61.04		  6.10   	  25.43		
 64.19   	 -61.04		  6.21   	  40.69		
 63.95   	 -50.86		  6.37   	  40.69		
 63.74   	 -50.86		  6.53   	  45.78		
 63.54   	 -45.78		  6.71   	  45.78		
 63.36   	 -45.78		  6.90   	  40.69		
 63.17   	 -40.69		  7.06   	  50.86		
 63.01   	 -45.78		  7.26   	  40.69		
 62.83   	 -40.69		  7.43   	  40.69		
 62.67   	 -40.69		  7.59   	  40.69		
 62.50   	 -40.69		  7.75   	  45.78		
 62.34   	 -40.69		  7.93   	  40.69		
 62.18   	 -45.78		  8.10   	  35.61		
 61.99   	 -45.78		  8.24   	  30.52		
 61.81   	 -50.86		  8.36   	  30.52		
 61.61   	 -40.69		  8.48   	  30.52		
 61.44   	 -45.78		  8.61   	  25.43		
 61.26   	 -45.78		  8.71   	  20.35		
 61.08   	 -50.86		  8.79(E)	   0.00		
 60.87   	 -50.86		  8.79   	 -15.26		
 60.67   	 -50.86		  8.73   	 -20.35		
 60.47   	 -45.78		  8.65   	 -30.52		
 60.28   	 -40.69		  8.52   	 -35.61		
 60.12   	 -40.69		  8.38   	 -35.61		
 59.96   	 -40.69		  8.24   	 -25.43		
 59.80   	 -35.61		  8.14   	 -15.26		
 59.65   	 -40.69		  8.08   	 -10.17		
 59.49   	 -40.69		  8.04   	  25.43		
 59.33   	 -40.69		  8.14   	  66.12		
 59.17   	 -45.78		  8.40   	 127.16		
 58.98   	 -45.78		  8.91   	 188.20		
 58.80   	 -45.78		  9.66   	 249.24		
 58.62   	 -45.78		 10.66   	 315.36		
 58.43   	 -45.78		 11.92   	 366.22		
 58.25   	 -45.78		 13.39   	 427.26		
 58.07   	 -40.69		 15.10   	 488.30		
 57.90   	 -45.78		 17.05   	 554.42		
 57.72   	 -35.61		 19.27   	 595.11		
 57.58   	 -35.61		 21.65   	 635.81		
 57.44   	 -35.61		 24.19   	 686.67		
 57.29   	 -30.52		 26.94   	 727.36		
 57.17   	 -30.52		 29.85   	 737.54		
 57.05   	 -25.43		 32.80   	 732.45		
 56.95   	 -35.61		 35.73   	 768.05		
 56.81   	 -30.52		 38.80   	 681.58		
 56.68   	 -35.61		 41.53   	 595.11		
 56.54   	 -30.52		 43.91   	 503.56		
 56.42   	 -35.61		 45.92   	 396.74		
 56.28   	 -35.61		 47.51   	 305.19		
 56.13   	 -40.69		 48.73   	 223.80		
 55.97   	 -40.69		 49.62   	 167.85		
 55.81   	 -45.78		 50.29   	 116.99		
 55.63   	 -50.86		 50.76   	  86.47		
 55.42   	 -50.86		 51.11   	  71.21		
 55.22   	 -50.86		 51.39   	  61.04		
 55.02   	 -55.95		 51.64   	  61.04		
 54.79   	 -50.86		 51.88   	  91.56		
 54.59   	 -45.78		 52.25   	 172.94		
 54.40   	 -35.61		 52.94   	 269.58		
 54.26   	 -25.43		 54.02   	 330.62		
 54.16   	   0.00		 55.34   	 345.88		
 54.16   	  40.69		 56.72   	 340.79		
 54.32   	 122.07		 58.09   	 320.45		
 54.81   	 228.89		 59.37   	 284.84		
 55.73   	 371.31		 60.51   	 239.06		
 57.21   	 513.73		 61.46   	 198.37		
 59.27   	 630.72		 62.26   	 172.94		
 61.79   	 712.10		 62.95   	 142.42		
 64.64   	 757.88		 63.52   	 116.99		
 67.67   	 752.79		 63.99   	 101.73		
 70.68   	 737.54		 64.39   	 101.73		
 73.63   	 686.67		 64.80   	 111.90		
 76.38   	 620.55		 65.25   	 127.16		
 78.86   	 549.34		 65.76   	 147.51		
 81.06   	 478.13		 66.35   	 152.59		
 82.97   	 417.09		 66.96   	 172.94		
 84.64   	 361.14		 67.65   	 172.94		
 86.08   	 335.71		 68.34   	 172.94		
 87.43   	 325.53		 69.03   	 167.85		
 88.73   	 330.62		 69.70   	 157.68		
 90.05   	 361.14		 70.34   	 137.33		
 91.50   	 386.57		 70.88   	 122.07		
 93.04   	 427.26		 71.37   	 106.82		
 94.75   	 457.78		 71.80   	  81.38		
 96.58   	 473.04		 72.13   	  71.21		
 98.47   	 467.95		 72.41   	  50.86		
100.35   	 442.52		 72.61   	  35.61		
102.12   	 386.57		 72.76   	  20.35		
103.66   	 320.45		 72.84   	  15.26		
104.94   	 228.89		 72.90   	   5.09		
105.86   	 142.42		 72.92(S)	   0.00		
106.43   	  50.86		 72.92   	   0.00		
106.63(S)	 -20.35		 72.92   	  -5.09		
106.55   	 -71.21		 72.90   	  -5.09		
106.27   	-106.82		 72.88   	 -10.17		
105.84   	-116.99		 72.84   	 -15.26		
105.37   	-116.99		 72.78   	 -30.52		
104.90   	-106.82		 72.65   	 -45.78		
104.48   	 -81.38		 72.47   	 -71.21		
104.15   	 -55.95		 72.19   	-101.73		
103.93   	 -20.35		 71.78   	-142.42		
103.84   	 -15.26		 71.21   	-198.37		
103.78   	 -15.26		 70.42   	-254.32		
103.72   	 -40.69		 69.40   	-325.53		
103.56   	 -66.12		 68.10   	-381.48		
103.30   	-101.73		 66.57   	-422.18		
102.89   	-137.33		 64.88   	-462.87		
102.34   	-178.03		 63.03   	-544.25		
101.63   	-203.46		 60.85   	-615.46		
100.81   	-239.06		 58.39   	-686.67		
 99.86   	-244.15		 55.65   	-783.31		
 98.88   	-249.24		 52.51   	-864.70		
 97.88   	-239.06		 49.05   	-910.47		
 96.93   	-228.89		 45.41   	-951.17		
 96.01   	-208.54		 41.61   	-971.51		
 95.18   	-193.29		 37.72   	-951.17		
 94.40   	-183.11		 33.92   	-905.39		
 93.67   	-172.94		 30.29   	-834.18		
 92.98   	-167.85		 26.96   	-757.88		
 92.31   	-167.85		 23.93   	-671.41		
 91.64   	-178.03		 21.24   	-579.86		
 90.93   	-188.20		 18.92   	-493.39		
 90.17   	-203.46		 16.95   	-422.18		
 89.36   	-213.63		 15.26   	-361.14		
 88.50   	-228.89		 13.81   	-310.27		
 87.59   	-239.06		 12.57   	-279.75		
 86.63   	-244.15		 11.45   	-264.50		
 85.66   	-233.98		 10.40   	-249.24		
 84.72   	-218.72		  9.40   	-249.24		
 83.85   	-208.54		  8.40   	-244.15		
 83.01   	-178.03		  7.43   	-244.15		
 82.30   	-162.77		  6.45   	-223.80		
 81.65   	-132.25		  5.55   	-208.54		
 81.12   	-122.07		  4.72   	-188.20		
 80.63   	-106.82		  3.97   	-167.85		
 80.20   	-101.73		  3.30   	-142.42		
 79.80   	-101.73		  2.73   	-101.73		
 79.39   	-111.90		  2.32   	 -61.04		
 78.94   	-116.99		  2.08   	 -10.17		
 78.47   	-132.25		  2.03(D)	  30.52		
 77.94   	-137.33		  2.16   	  55.95		
 77.40   	-152.59		  2.38   	  81.38		
 76.79   	-152.59		  2.71   	  96.64		
 76.17   	-157.68		  3.09   	  91.56		
 75.54   	-147.51		  3.46   	  81.38		
 74.95   	-142.42		  3.78   	  71.21		
 74.38   	-132.25		  4.07   	  55.95		
 73.86   	-116.99		  4.29   	  35.61		
 73.39   	-101.73		  4.44   	  15.26		
 72.98   	 -91.56		  4.50   	  10.17		
 72.61   	 -81.38		  4.54   	   0.00		
 72.29   	 -76.30		  4.54   	   0.00		
 71.98   	 -76.30		  4.54   	  -5.09		
 71.68   	 -71.21		  4.52   	   0.00		
 71.39   	 -71.21		  4.52   	   0.00		
 71.11   	 -76.30		  4.52   	  10.17		
 70.80   	 -76.30		  4.56   	  15.26		
 70.50   	 -81.38		  4.62   	  10.17		
 70.17   	 -86.47		  4.66   	  15.26		
 69.83   	 -81.38		  4.72   	  15.26		
 69.50   	 -86.47		  4.78   	  10.17		
 69.16   	 -76.30		  4.82   	   5.09		
 68.85   	 -76.30		  4.84   	   0.00		
 68.55   	 -76.30		  4.84   	   5.09		
 68.24   	 -66.12		  4.86   	   5.09		
 67.98   	 -66.12		  4.88   	   5.09		
 67.71   	 -55.95		  4.90   	   0.00		
 67.49   	 -61.04		  4.90   	  10.17		
 67.24   	 -50.86		  4.94   	  15.26		
 67.04   	 -55.95		  5.01   	  15.26		
 66.82   	 -55.95		  5.07   	  25.43		
 66.59   	 -55.95		  5.17   	  20.35		
 66.37   	 -61.04		  5.25   	  20.35		
 66.12   	 -61.04		  5.33   	  30.52		
 65.88   	 -66.12		  5.45   	  35.61		
 65.62   	 -66.12		  5.60   	  30.52		
 65.35   	 -71.21		  5.72   	  30.52		
 65.07   	 -66.12		  5.84   	  30.52		
 64.80   	 -66.12		  5.96   	  35.61		
 64.54   	 -61.04		  6.10   	  20.35		
 64.29   	 -61.04		  6.19   	  25.43		
 64.05   	 -55.95		  6.29   	  20.35		
 63.82   	 -55.95		  6.37   	  10.17		
 63.60   	 -50.86		  6.41   	   0.00		
 63.40   	 -50.86		  6.41   	  -5.09		
 63.19   	 -45.78		  6.39   	  -5.09		
 63.01   	 -45.78		  6.37   	 -10.17		
 62.83   	 -45.78		  6.33   	 -10.17		
 62.64   	 -45.78		  6.29   	   0.00		
 62.46   	 -40.69		  6.29   	  15.26		
 62.30   	 -45.78		  6.35   	  10.17		
 62.12   	 -40.69		  6.39   	  15.26		
 61.95   	 -45.78		  6.45   	  30.52		
 61.77   	 -40.69		  6.57   	  30.52		
 61.61   	 -45.78		  6.69   	  30.52		
 61.42   	 -45.78		  6.82   	  35.61		
 61.24   	 -45.78		  6.96   	  45.78		
 61.06   	 -40.69		  7.14   	  55.95		
 60.89   	 -45.78		  7.37   	  61.04		
 60.71   	 -45.78		  7.61   	  76.30		
 60.53   	 -40.69		  7.91   	  76.30		
 60.37   	 -40.69		  8.22   	  76.30		
 60.20   	 -40.69		  8.52   	  81.38		
 60.04   	 -40.69		  8.85   	  76.30		
 59.88   	 -40.69		  9.16   	  61.04		
 59.71   	 -40.69		  9.40   	  61.04		
 59.55   	 -40.69		  9.64   	  45.78		
 59.39   	 -40.69		  9.83   	  25.43		
 59.23   	 -40.69		  9.93   	  10.17		
 59.06   	 -40.69		  9.97   	  -5.09		
 58.90   	 -50.86		  9.95   	 -40.69		
 58.70   	 -45.78		  9.79   	 -45.78		
 58.51   	 -45.78		  9.60   	 -45.78		
 58.33   	 -40.69		  9.42   	 -50.86		
 58.17   	 -40.69		  9.22   	 -35.61		
 58.01   	 -40.69		  9.07   	 -35.61		
 57.84   	 -40.69		  8.93   	 -25.43		
 57.68   	 -40.69		  8.83(E)	   5.09		
 57.52   	 -40.69		  8.85   	  45.78		
 57.35   	 -40.69		  9.03   	  81.38		
 57.19   	 -40.69		  9.36   	 116.99		
 57.03   	 -45.78		  9.83   	 167.85		
 56.85   	 -45.78		 10.50   	 228.89		
 56.66   	 -40.69		 11.41   	 269.58		
 56.50   	 -45.78		 12.49   	 295.01		
 56.32   	 -40.69		 13.67   	 325.53		
 56.15   	 -40.69		 14.97   	 371.31		
 55.99   	 -35.61		 16.46   	 406.92		
 55.85   	 -40.69		 18.09   	 442.52		
 55.69   	 -40.69		 19.86   	 518.82		
 55.52   	 -35.61		 21.93   	 605.29		
 55.38   	 -35.61		 24.35   	 671.41		
 55.24   	 -35.61		 27.04   	 722.28		
 55.10   	 -35.61		 29.93   	 752.79		
 54.95   	 -30.52		 32.94   	 752.79		
 54.83   	 -30.52		 35.95   	 747.71		
 54.71   	 -35.61		 38.94   	 651.07		
 54.57   	 -30.52		 41.55   	 523.90		
 54.45   	 -25.43		 43.64   	 417.09		
 54.34   	 -30.52		 45.31   	 315.36		
 54.22   	 -35.61		 46.57   	 233.98		
 54.08   	 -35.61		 47.51   	 178.03		
 53.94   	 -45.78		 48.22   	 137.33		
 53.75   	 -40.69		 48.77   	 122.07		
 53.59   	 -50.86		 49.26   	 127.16		
 53.39   	 -50.86		 49.77   	 137.33		
 53.18   	 -55.95		 50.32   	 152.59		
 52.96   	 -50.86		 50.93   	 183.11		
 52.76   	 -55.95		 51.66   	 213.63		
 52.53   	 -45.78		 52.51   	 239.06		
 52.35   	 -40.69		 53.47   	 233.98		
 52.19   	 -30.52		 54.40   	 213.63		
 52.06   	  -5.09		 55.26   	 183.11		
 52.04(D)	  35.61		 55.99   	 142.42		
 52.19   	 101.73		 56.56   	 111.90		
 52.59   	 218.72		 57.01   	  91.56		
 53.47   	 350.97		 57.38   	  96.64		
 54.87   	 503.56		 57.76   	 127.16		
 56.89   	 630.72		 58.27   	 178.03		
 59.41   	 717.19		 58.98   	 233.98		
 62.28   	 762.97		 59.92   	 274.67		
 65.33   	 773.14		 61.02   	 284.84		
 68.42   	 742.62		 62.16   	 310.27		
 71.39   	 696.84		 63.40   	 305.19		
 74.18   	 635.81		 64.62   	 279.75		
 76.72   	 564.60		 65.74   	 249.24		
 78.98   	 488.30		 66.73   	 223.80		
 80.94   	 422.18		 67.63   	 183.11		
 82.62   	 371.31		 68.36   	 147.51		
 84.11   	 335.71		 68.95   	 122.07		
 85.45   	 320.45		 69.44   	  96.64		
 86.73   	 330.62		 69.83   	  71.21		
 88.06   	 350.97		 70.11   	  50.86		
 89.46   	 376.40		 70.32   	  35.61		
 90.97   	 417.09		 70.46   	  25.43		
 92.63   	 437.43		 70.56   	  15.26		
 94.38   	 452.69		 70.62   	   5.09		
 96.19   	 457.78		 70.64   	  10.17		
 98.03   	 442.52		 70.68   	   5.09		
 99.80   	 396.74		 70.70   	  10.17		
101.38   	 330.62		 70.74   	  10.17		
102.71   	 254.32		 70.78   	  10.17		
103.72   	 167.85		 70.82   	  10.17		
104.39   	  81.38		 70.86   	   5.09		
104.72   	   5.09		 70.88   	   5.09		
104.74(S)	 -61.04		 70.91(S)	   0.00		
104.50   	-101.73		 70.91   	 -10.17		
104.09   	-122.07		 70.86   	 -20.35		
103.60   	-127.16		 70.78   	 -30.52		
103.09   	-116.99		 70.66   	 -45.78		
102.62   	 -96.64		 70.48   	 -66.12		
102.24   	 -55.95		 70.21   	 -96.64		
102.01   	 -20.35		 69.83   	-127.16		
101.93   	 -10.17		 69.32   	-172.94		
101.89   	 -10.17		 68.63   	-223.80		
101.85   	 -20.35		 67.73   	-289.93		
101.77   	 -45.78		 66.57   	-345.88		
101.59   	 -86.47		 65.19   	-381.48		
101.24   	-132.25		 63.66   	-427.26		
100.71   	-172.94		 61.95   	-493.39		
100.02   	-208.54		 59.98   	-554.42		
 99.19   	-239.06		 57.76   	-610.37		
 98.23   	-254.32		 55.32   	-691.76		
 97.21   	-254.32		 52.55   	-773.14		
 96.19   	-249.24		 49.46   	-839.26		
 95.20   	-228.89		 46.10   	-895.22		
 94.28   	-213.63		 42.52   	-925.73		
 93.43   	-198.37		 38.82   	-946.08		
 92.63   	-183.11		 35.04   	-925.73		
 91.90   	-172.94		 31.33   	-874.87		
 91.21   	-172.94		 27.83   	-824.00		
 90.52   	-172.94		 24.54   	-737.54		
 89.83   	-172.94		 21.59   	-651.07		
 89.13   	-188.20		 18.98   	-559.51		
 88.38   	-203.46		 16.74   	-488.30		
 87.57   	-213.63		 14.79   	-412.00		
 86.71   	-233.98		 13.14   	-350.97		
 85.78   	-239.06		 11.74   	-305.19		
 84.82   	-239.06		 10.52   	-284.84		
 83.87   	-239.06		  9.38   	-264.50		
 82.91   	-228.89		  8.32   	-259.41		
 81.99   	-213.63		  7.28   	-259.41		
 81.14   	-193.29		  6.25   	-259.41		
 80.37   	-167.85		  5.21   	-264.50		
 79.69   	-147.51		  4.15   	-254.32		
 79.10   	-132.25		  3.13   	-254.32		
 78.58   	-111.90		  2.12   	-233.98		
 78.13   	-101.73		  1.18   	-203.46		
 77.72   	-101.73		  0.37   	-147.51		
 77.31   	-106.82		 -0.22   	 -96.64		
 76.89   	-111.90		 -0.61   	 -45.78		
 76.44   	-127.16		 -0.79   	  -5.09		
 75.93   	-132.25		 -0.81(D)	  40.69		
 75.40   	-142.42		 -0.65   	  76.30		
 74.83   	-152.59		 -0.35   	  81.38		
 74.22   	-152.59		 -0.02   	  81.38		
 73.61   	-147.51		  0.31   	  76.30		
 73.02   	-147.51		  0.61   	  76.30		
 72.43   	-137.33		  0.92   	  61.04		
 71.88   	-122.07		  1.16   	  50.86		
 71.39   	-111.90		  1.36   	  40.69		
 70.95   	 -96.64		  1.53   	  45.78		
 70.56   	 -91.56		  1.71   	  35.61		
 70.19   	 -76.30		  1.85   	  35.61		
 69.89   	 -76.30		  1.99   	  40.69		
 69.58   	 -71.21		  2.16   	  40.69		
 69.30   	 -71.21		  2.32   	  40.69		
 69.01   	 -76.30		  2.48   	  30.52		
 68.71   	 -81.38		  2.60   	  25.43		
 68.38   	 -81.38		  2.71   	  15.26		
 68.06   	 -86.47		  2.77   	  10.17		
 67.71   	 -81.38		  2.81   	   0.00		
 67.39   	 -86.47		  2.81   	  -5.09		
 67.04   	 -81.38		  2.79   	   0.00		
 66.71   	 -81.38		  2.79   	   0.00		
 66.39   	 -76.30		  2.79   	   0.00		
 66.08   	 -71.21		  2.79   	   0.00		
 65.80   	 -71.21		  2.79   	   5.09		
 65.51   	 -66.12		  2.81   	   0.00		
 65.25   	 -61.04		  2.81   	 -10.17		
 65.00   	 -55.95		  2.77   	 -10.17		
 64.78   	 -61.04		  2.73   	  -5.09		
 64.54   	 -55.95		  2.71   	   0.00		
 64.31   	 -61.04		  2.71   	   0.00		
 64.07   	 -61.04		  2.71   	  10.17		
 63.82   	 -55.95		  2.75   	  20.35		
 63.60   	 -66.12		  2.83   	  25.43		
 63.34   	 -61.04		  2.93   	  25.43		
 63.09   	 -66.12		  3.03   	  25.43		
 62.83   	 -66.12		  3.13   	  20.35		
 62.56   	 -61.04		  3.21   	  15.26		
 62.32   	 -66.12		  3.28   	  15.26		
 62.05   	 -55.95		  3.34   	  10.17		
 61.83   	 -61.04		  3.38   	  15.26		
 61.59   	 -50.86		  3.44   	  15.26		
 61.38   	 -50.86		  3.50   	  30.52		
 61.18   	 -50.86		  3.62   	  30.52		
 60.98   	 -45.78		  3.74   	  40.69		
 60.79   	 -50.86		  3.91   	  40.69		
 60.59   	 -50.86		  4.07   	  35.61		
 60.39   	 -45.78		  4.21   	  35.61		
 60.20   	 -50.86		  4.35   	  40.69		
 60.00   	 -45.78		  4.52   	  40.69		
 59.82   	 -50.86		  4.68   	  30.52		
 59.61   	 -45.78		  4.80   	  35.61		
 59.43   	 -50.86		  4.94   	  50.86		
 59.23   	 -45.78		  5.15   	  86.47		
 59.04   	 -45.78		  5.49   	  96.64		
 58.86   	 -45.78		  5.88   	  96.64		
 58.68   	 -45.78		  6.27   	  91.56		
 58.49   	 -40.69		  6.63   	  91.56		
 58.33   	 -40.69		  7.00   	  81.38		
 58.17   	 -45.78		  7.32   	  61.04		
 57.99   	 -40.69		  7.57   	  61.04		
 57.82   	 -40.69		  7.81   	  50.86		
 57.66   	 -40.69		  8.02   	  25.43		
 57.50   	 -45.78		  8.12   	 -20.35		
 57.31   	 -45.78		  8.04(E)	 -35.61		
 57.13   	 -45.78		  7.89   	 -55.95		
 56.95   	 -45.78		  7.67   	 -66.12		
 56.76   	 -45.78		  7.41   	 -66.12		
 56.58   	 -45.78		  7.14   	 -71.21		
 56.40   	 -45.78		  6.86   	 -61.04		
 56.22   	 -45.78		  6.61   	 -50.86		
 56.03   	 -40.69		  6.41   	 -35.61		
 55.87   	 -45.78		  6.27   	  -5.09		
 55.69   	 -40.69		  6.25   	  20.35		
 55.52   	 -35.61		  6.33   	  50.86		
 55.38   	 -40.69		  6.53   	  96.64		
 55.22   	 -40.69		  6.92   	 167.85		
 55.06   	 -35.61		  7.59   	 259.41		
 54.91   	 -35.61		  8.63   	 340.79		
 54.77   	 -40.69		  9.99   	 427.26		
 54.61   	 -35.61		 11.70   	 523.90		
 54.47   	 -40.69		 13.79   	 584.94		
 54.30   	 -35.61		 16.13   	 605.29		
 54.16   	 -40.69		 18.56   	 635.81		
 54.00   	 -35.61		 21.10   	 661.24		
 53.86   	 -40.69		 23.74   	 681.58		
 53.69   	 -35.61		 26.47   	 722.28		
 53.55   	 -35.61		 29.36   	 747.71		
 53.41   	 -30.52		 32.35   	 732.45		
 53.29   	 -35.61		 35.28   	 676.50		
 53.14   	 -30.52		 37.99   	 579.86		
 53.02   	 -35.61		 40.31   	 473.04		
 52.88   	 -30.52		 42.20   	 376.40		
 52.76   	 -30.52		 43.70   	 305.19		
 52.63   	 -35.61		 44.92   	 228.89		
 52.49   	 -35.61		 45.84   	 167.85		
 52.35   	 -40.69		 46.51   	 137.33		
 52.19   	 -40.69		 47.06   	 127.16		
 52.02   	 -40.69		 47.57   	 116.99		
 51.86   	 -45.78		 48.04   	 111.90		
 51.68   	 -45.78		 48.48   	 116.99		
 51.50   	 -45.78		 48.95   	 127.16		
 51.31   	 -40.69		 49.46   	 137.33		
 51.15   	 -45.78		 50.01   	 152.59		
 50.97   	 -35.61		 50.62   	 162.77		
 50.82   	 -25.43		 51.27   	 172.94		
 50.72   	 -20.35		 51.96   	 183.11		
 50.64(D)	   5.09		 52.70   	 198.37		
 50.66   	  40.69		 53.49   	 203.46		
 50.82   	  96.64		 54.30   	 218.72		
 51.21   	 193.29		 55.18   	 223.80		
 51.98   	 320.45		 56.07   	 228.89		
 53.27   	 447.61		 56.99   	 239.06		
 55.06   	 574.77		 57.94   	 244.15		
 57.35   	 661.24		 58.92   	 244.15		
 60.00   	 701.93		 59.90   	 249.24		
 62.81   	 707.02		 60.89   	 239.06		
 65.64   	 681.58		 61.85   	 228.89		
 68.36   	 635.81		 62.77   	 213.63		
 70.91   	 579.86		 63.62   	 198.37		
 73.22   	 513.73		 64.41   	 188.20		
 75.28   	 457.78		 65.17   	 178.03		
 77.11   	 396.74		 65.88   	 167.85		
 78.70   	 356.05		 66.55   	 152.59		
 80.12   	 325.53		 67.16   	 142.42		
 81.42   	 315.36		 67.73   	 127.16		
 82.69   	 305.19		 68.24   	 116.99		
 83.91   	 310.27		 68.71   	  96.64		
 85.15   	 330.62		 69.09   	  86.47		
 86.47   	 350.97		 69.44   	  71.21		
 87.87   	 371.31		 69.73   	  66.12		
 89.36   	 386.57		 69.99   	  55.95		
 90.91   	 391.66		 70.21   	  45.78		
 92.47   	 386.57		 70.40   	  35.61		
 94.02   	 371.31		 70.54   	  35.61		
 95.50   	 325.53		 70.68   	  25.43		
 96.81   	 274.67		 70.78   	  25.43		
 97.90   	 198.37		 70.88   	  30.52		
 98.70   	 127.16		 71.01   	  35.61		
 99.21   	  50.86		 71.15   	  25.43		
 99.41(S)	 -20.35		 71.25   	  25.43		
 99.33   	 -71.21		 71.35   	  20.35		
 99.04   	-101.73		 71.43   	   5.09		
 98.64   	-122.07		 71.45(S)	 -10.17		
 98.15   	-127.16		 71.41   	 -35.61		
 97.64   	-111.90		 71.27   	 -61.04		
 97.19   	 -96.64		 71.03   	 -96.64		
 96.81   	 -81.38		 70.64   	-147.51		
 96.48   	 -71.21		 70.05   	-203.46		
 96.19   	 -50.86		 69.24   	-269.58		
 95.99   	 -35.61		 68.16   	-320.45		
 95.85   	 -35.61		 66.88   	-340.79		
 95.71   	 -40.69		 65.51   	-376.40		
 95.54   	 -61.04		 64.01   	-447.61		
 95.30   	 -91.56		 62.22   	-508.65		
 94.93   	-127.16		 60.18   	-569.68		
 94.42   	-157.68		 57.90   	-645.98		
 93.79   	-178.03		 55.32   	-712.10		
 93.08   	-203.46		 52.47   	-773.14		
 92.27   	-213.63		 49.38   	-824.00		
 91.41   	-218.72		 46.08   	-869.78		
 90.54   	-213.63		 42.60   	-885.04		
 89.68   	-213.63		 39.06   	-885.04		
 88.83   	-198.37		 35.52   	-859.61		
 88.04   	-183.11		 32.09   	-813.83		
 87.30   	-183.11		 28.83   	-742.62		
 86.57   	-172.94		 25.86   	-666.32		
 85.88   	-172.94		 23.19   	-584.94		
 85.19   	-172.94		 20.85   	-508.65		
 84.50   	-183.11		 18.82   	-432.35		
 83.76   	-193.29		 17.09   	-376.40		
 82.99   	-198.37		 15.58   	-330.62		
 82.20   	-203.46		 14.26   	-289.93		
 81.38   	-203.46		 13.10   	-264.50		
 80.57   	-203.46		 12.04   	-254.32		
 79.76   	-188.20		 11.03   	-254.32		
 79.00   	-172.94		 10.01   	-264.50		
 78.31   	-162.77		  8.95   	-264.50		
 77.66   	-142.42		  7.89   	-274.67		
 77.09   	-122.07		  6.80   	-264.50		
 76.60   	-111.90		  5.74   	-259.41		
 76.15   	 -96.64		  4.70   	-244.15		
 75.77   	 -96.64		  3.72   	-228.89		
 75.38   	 -91.56		  2.81   	-193.29		
 75.01   	-101.73		  2.03   	-147.51		
 74.61   	-101.73		  1.44   	 -96.64		
 74.20   	-111.90		  1.06   	 -50.86		
 73.75   	-122.07		  0.85(D)	  10.17		
 73.27   	-122.07		  0.90   	  55.95		
 72.78   	-132.25		  1.12   	  96.64		
 72.25   	-127.16		  1.51   	 111.90		
 71.74   	-127.16		  1.95   	 122.07		
 71.23   	-122.07		  2.44   	 122.07		
 70.74   	-111.90		  2.93   	 106.82		
 70.29   	-101.73		  3.36   	  91.56		
 69.89   	 -91.56		  3.72   	  71.21		
 69.52   	 -76.30		  4.01   	  50.86		
 69.22   	 -76.30		  4.21   	  30.52		
 68.91   	 -66.12		  4.33   	  20.35		
 68.65   	 -66.12		  4.42   	   5.09		
 68.38   	 -61.04		  4.44   	  -5.09		
 68.14   	 -66.12		  4.42   	 -10.17		
 67.87   	 -66.12		  4.37   	 -20.35		
 67.61   	 -66.12		  4.29   	 -35.61		
 67.34   	 -71.21		  4.15   	 -30.52		
 67.06   	 -71.21		  4.03   	 -20.35		
 66.77   	 -76.30		  3.95   	 -20.35		
 66.47   	 -76.30		  3.87   	 -15.26		
 66.16   	 -71.21		  3.80   	   0.00		
 65.88   	 -71.21		  3.80   	  20.35		
 65.59   	 -61.04		  3.89   	  20.35		
 65.35   	 -66.12		  3.97   	  25.43		
 65.09   	 -61.04		  4.07   	  25.43		
 64.84   	 -55.95		  4.17   	  35.61		
 64.62   	 -55.95		  4.31   	  45.78		
 64.39   	 -61.04		  4.50   	  40.69		
 64.15   	 -55.95		  4.66   	  40.69		
 63.93   	 -55.95		  4.82   	  45.78		
 63.70   	 -50.86		  5.01   	  45.78		
 63.50   	 -61.04		  5.19   	  50.86		
 63.26   	 -55.95		  5.39   	  45.78		
 63.03   	 -61.04		  5.57   	  35.61		
 62.79   	 -61.04		  5.72   	  35.61		
 62.54   	 -66.12		  5.86   	  35.61		
 62.28   	 -61.04		  6.00   	  30.52		
 62.03   	 -61.04		  6.12   	  20.35		
 61.79   	 -61.04		  6.21   	   5.09		
 61.55   	 -61.04		  6.23   	  -5.09		
 61.30   	 -55.95		  6.21   	  -5.09		
 61.08   	 -55.95		  6.19   	 -15.26		
 60.85   	 -50.86		  6.12   	 -15.26		
 60.65   	 -50.86		  6.06   	  -5.09		
 60.45   	 -50.86		  6.04   	   5.09		
 60.24   	 -45.78		  6.06   	  10.17		
 60.06   	 -45.78		  6.10   	  25.43		
 59.88   	 -50.86		  6.21   	  35.61		
 59.67   	 -45.78		  6.35   	  40.69		
 59.49   	 -45.78		  6.51   	  50.86		
 59.31   	 -40.69		  6.71   	  55.95		
 59.15   	 -45.78		  6.94   	  66.12		
 58.96   	 -45.78		  7.20   	  71.21		
 58.78   	 -40.69		  7.49   	  81.38		
 58.62   	 -45.78		  7.81   	  81.38		
 58.43   	 -40.69		  8.14   	  81.38		
 58.27   	 -40.69		  8.46   	  81.38		
 58.11   	 -45.78		  8.79   	  66.12		
 57.92   	 -40.69		  9.05   	  45.78		
 57.76   	 -45.78		  9.24   	  30.52		
 57.58   	 -45.78		  9.36   	  15.26		
 57.40   	 -40.69		  9.42   	  -5.09		
 57.23   	 -50.86		  9.40(E)	 -35.61		
 57.03   	 -45.78		  9.26   	 -35.61		
 56.85   	 -45.78		  9.11   	 -35.61		
 56.66   	 -40.69		  8.97   	 -35.61		
 56.50   	 -35.61		  8.83   	 -30.52		
 56.36   	 -40.69		  8.71   	 -15.26		
 56.20   	 -35.61		  8.65   	   0.00		
 56.05   	 -35.61		  8.65   	  20.35		
 55.91   	 -40.69		  8.73   	  45.78		
 55.75   	 -40.69		  8.91   	  81.38		
 55.58   	 -40.69		  9.24   	 132.25		
 55.42   	 -35.61		  9.77   	 172.94		
 55.28   	 -45.78		 10.46   	 203.46		
 55.10   	 -40.69		 11.27   	 239.06		
 54.93   	 -45.78		 12.23   	 274.67		
 54.75   	 -40.69		 13.33   	 310.27		
 54.59   	 -40.69		 14.57   	 345.88		
 54.43   	 -40.69		 15.95   	 396.74		
 54.26   	 -35.61		 17.54   	 483.21		
 54.12   	 -35.61		 19.47   	 564.60		
 53.98   	 -30.52		 21.73   	 640.89		
 53.86   	 -35.61		 24.29   	 701.93		
 53.71   	 -30.52		 27.10   	 762.97		
 53.59   	 -30.52		 30.15   	 788.40		
 53.47   	 -30.52		 33.31   	 788.40		
 53.35   	 -30.52		 36.46   	 798.57		
 53.22   	 -25.43		 39.65   	 707.02		
 53.12   	 -30.52		 42.48   	 595.11		
 53.00   	 -25.43		 44.86   	 473.04		
 52.90   	 -25.43		 46.75   	 366.22		
 52.80   	 -30.52		 48.22   	 274.67		
 52.68   	 -30.52		 49.32   	 198.37		
 52.55   	 -35.61		 50.11   	 132.25		
 52.41   	 -35.61		 50.64   	 101.73		
 52.27   	 -40.69		 51.05   	  86.47		
 52.11   	 -45.78		 51.39   	  76.30		
 51.92   	 -45.78		 51.70   	  71.21		
 51.74   	 -45.78		 51.98   	  86.47		
 51.56   	 -45.78		 52.33   	 127.16		
 51.37   	 -45.78		 52.84   	 167.85		
 51.19   	 -30.52		 53.51   	 203.46		
 51.07   	 -25.43		 54.32   	 254.32		
 50.97   	  -5.09		 55.34   	 315.36		
 50.95(D)	  30.52		 56.60   	 340.79		
 51.07   	  96.64		 57.97   	 330.62		
 51.45   	 193.29		 59.29   	 310.27		
 52.23   	 330.62		 60.53   	 289.93		
 53.55   	 478.13		 61.69   	 254.32		
 55.46   	 605.29		 62.71   	 223.80		
 57.88   	 696.84		 63.60   	 193.29		
 60.67   	 752.79		 64.37   	 178.03		
 63.68   	 752.79		 65.09   	 157.68		
 66.69   	 737.54		 65.72   	 132.25		
 69.64   	 686.67		 66.25   	 137.33		
 72.39   	 625.63		 66.80   	 137.33		
 74.89   	 559.51		 67.34   	 142.42		
 77.13   	 493.39		 67.91   	 152.59		
 79.10   	 427.26		 68.52   	 162.77		
 80.81   	 381.48		 69.18   	 162.77		
 82.34   	 350.97		 69.83   	 162.77		
 83.74   	 330.62		 70.48   	 162.77		
 85.07   	 335.71		 71.13   	 152.59		
 86.41   	 345.88		 71.74   	 142.42		
 87.79   	 371.31		 72.31   	 122.07		
 89.28   	 401.83		 72.80   	 111.90		
 90.88   	 427.26		 73.24   	  91.56		
 92.59   	 447.61		 73.61   	  81.38		
 94.38   	 457.78		 73.94   	  61.04		
 96.22   	 447.61		 74.18   	  55.95		
 98.01   	 422.18		 74.40   	  40.69		
 99.69   	 366.22		 74.57   	  25.43		
101.16   	 289.93		 74.67   	  20.35		
102.32   	 203.46		 74.75   	  20.35		
103.13   	 116.99		 74.83   	  10.17		
103.60   	  35.61		 74.87   	   5.09		
103.74(S)	 -40.69		 74.89   	  10.17		
103.58   	 -86.47		 74.93(S)	   0.00		
103.23   	-116.99		 74.93   	   0.00		
102.77   	-127.16		 74.93   	 -10.17		
102.26   	-127.16		 74.89   	 -15.26		
101.75   	 -96.64		 74.83   	 -45.78		
101.36   	 -55.95		 74.65   	 -66.12		
101.14   	 -25.43		 74.38   	-101.73		
101.04   	   0.00		 73.98   	-142.42		
101.04   	   5.09		 73.41   	-183.11		
101.06   	   5.09		 72.68   	-244.15		
101.08   	 -15.26		 71.70   	-315.36		
101.02   	 -55.95		 70.44   	-356.05		
100.79   	 -96.64		 69.01   	-381.48		
100.41   	-142.42		 67.49   	-427.26		
 99.84   	-183.11		 65.78   	-503.56		
 99.10   	-223.80		 63.76   	-569.68		
 98.21   	-249.24		 61.49   	-645.98		
 97.21   	-254.32		 58.90   	-737.54		
 96.19   	-254.32		 55.95   	-824.00		
 95.18   	-244.15		 52.65   	-890.13		
 94.20   	-228.89		 49.09   	-935.91		
 93.29   	-213.63		 45.35   	-961.34		
 92.43   	-198.37		 41.51   	-956.25		
 91.64   	-178.03		 37.68   	-910.47		
 90.93   	-167.85		 34.04   	-854.52		
 90.25   	-162.77		 30.62   	-788.40		
 89.60   	-162.77		 27.47   	-696.84		
 88.95   	-167.85		 24.68   	-610.37		
 88.28   	-178.03		 22.24   	-534.08		
 87.57   	-193.29		 20.10   	-452.69		
 86.80   	-213.63		 18.29   	-381.48		
 85.94   	-223.80		 16.76   	-330.62		
 85.05   	-228.89		 15.44   	-289.93		
 84.13   	-239.06		 14.28   	-259.41		
 83.17   	-228.89		 13.25   	-244.15		
 82.26   	-223.80		 12.27   	-239.06		
 81.36   	-203.46		 11.31   	-239.06		
 80.55   	-183.11		 10.36   	-249.24		
 79.82   	-162.77		  9.36   	-259.41		
 79.17   	-137.33		  8.32   	-269.58		
 78.62   	-122.07		  7.24   	-259.41		
 78.13   	-101.73		  6.21   	-244.15		
 77.72   	-101.73		  5.23   	-228.89		
 77.31   	 -96.64		  4.31   	-198.37		
 76.93   	 -96.64		  3.52   	-167.85		
 76.54   	-111.90		  2.85   	-132.25		
 76.09   	-122.07		  2.32   	 -76.30		
 75.60   	-132.25		  2.01   	 -15.26		
 75.08   	-142.42		  1.95(D)	  25.43		
 74.51   	-147.51		  2.05   	  50.86		
 73.92   	-152.59		  2.26   	  86.47		
 73.31   	-147.51		  2.60   	 101.73		
 72.72   	-137.33		  3.01   	  91.56		
 72.17   	-132.25		  3.38   	  86.47		
 71.64   	-116.99		  3.72   	  81.38		
 71.17   	-101.73		  4.05   	  55.95		
 70.76   	 -96.64		  4.27   	  45.78		
 70.38   	 -81.38		  4.46   	  30.52		
 70.05   	 -71.21		  4.58   	  25.43		
 69.77   	 -71.21		  4.68   	  15.26		
 69.48   	 -66.12		  4.74   	  15.26		
 69.22   	 -66.12		  4.80   	   5.09		
 68.95   	 -71.21		  4.82   	  10.17		
 68.67   	 -76.30		  4.86   	  10.17		
 68.36   	 -81.38		  4.90   	   5.09		
 68.04   	 -86.47		  4.92   	   5.09		
 67.69   	 -86.47		  4.94   	   5.09		
 67.34   	 -86.47		  4.96   	   5.09		
 67.00   	 -86.47		  4.98   	  10.17		
 66.65   	 -81.38		  5.03   	  10.17		
 66.33   	 -76.30		  5.07   	  10.17		
 66.02   	 -66.12		  5.11   	  10.17		
 65.76   	 -61.04		  5.15   	  20.35		
 65.51   	 -55.95		  5.23   	  25.43		
 65.29   	 -50.86		  5.33   	  25.43		
 65.09   	 -50.86		  5.43   	  20.35		
 64.88   	 -55.95		  5.51   	  25.43		
 64.66   	 -55.95		  5.62   	  25.43		
 64.44   	 -55.95		  5.72   	  25.43		
 64.21   	 -55.95		  5.82   	  25.43		
 63.99   	 -66.12		  5.92   	  20.35		
 63.72   	 -66.12		  6.00   	  20.35		
 63.46   	 -66.12		  6.08   	  10.17		
 63.19   	 -61.04		  6.12   	   5.09		
 62.95   	 -66.12		  6.14   	   0.00		
 62.69   	 -66.12		  6.14   	  -5.09		
 62.42   	 -61.04		  6.12   	 -10.17		
 62.18   	 -61.04		  6.08   	  -5.09		
 61.93   	 -55.95		  6.06   	   0.00		
 61.71   	 -50.86		  6.06   	  15.26		
 61.51   	 -50.86		  6.12   	  20.35		
 61.30   	 -45.78		  6.21   	  25.43		
 61.12   	 -50.86		  6.31   	  35.61		
 60.92   	 -45.78		  6.45   	  40.69		
 60.73   	 -45.78		  6.61   	  50.86		
 60.55   	 -40.69		  6.82   	  45.78		
 60.39   	 -45.78		  7.00   	  50.86		
 60.20   	 -45.78		  7.20   	  61.04		
 60.02   	 -45.78		  7.45   	  55.95		
 59.84   	 -45.78		  7.67   	  50.86		
 59.65   	 -45.78		  7.87   	  55.95		
 59.47   	 -40.69		  8.10   	  50.86		
 59.31   	 -45.78		  8.30   	  40.69		
 59.12   	 -50.86		  8.46   	  40.69		
 58.92   	 -40.69		  8.63   	  35.61		
 58.76   	 -45.78		  8.77   	  25.43		
 58.58   	 -50.86		  8.87   	  20.35		
 58.37   	 -45.78		  8.95   	  10.17		
 58.19   	 -40.69		  8.99   	   5.09		
 58.03   	 -50.86		  9.01(E)	 -10.17		
 57.82   	 -40.69		  8.97   	 -20.35		
 57.66   	 -40.69		  8.89   	 -20.35		
 57.50   	 -40.69		  8.81   	 -20.35		
 57.33   	 -40.69		  8.73   	 -10.17		
 57.17   	 -45.78		  8.69   	 -10.17		
 56.99   	 -40.69		  8.65   	  -5.09		
 56.83   	 -40.69		  8.63   	  15.26		
 56.66   	 -45.78		  8.69   	  40.69		
 56.48   	 -40.69		  8.85   	  61.04		
 56.32   	 -45.78		  9.09   	  96.64		
 56.13   	 -40.69		  9.48   	 147.51		
 55.97   	 -40.69		 10.07   	 203.46		
 55.81   	 -45.78		 10.89   	 244.15		
 55.63   	 -40.69		 11.86   	 279.75		
 55.46   	 -45.78		 12.98   	 320.45		
 55.28   	 -40.69		 14.26   	 376.40		
 55.12   	 -40.69		 15.77   	 442.52		
 54.95   	 -40.69		 17.54   	 498.47		
 54.79   	 -35.61		 19.53   	 554.42		
 54.65   	 -35.61		 21.75   	 605.29		
 54.51   	 -35.61		 24.17   	 666.32		
 54.36   	 -35.61		 26.84   	 712.10		
 54.22   	 -25.43		 29.68   	 727.36		
 54.12   	 -30.52		 32.59   	 727.36		
 54.00   	 -30.52		 35.50   	 762.97		
 53.88   	 -25.43		 38.56   	 676.50		
 53.77   	 -30.52		 41.26   	 579.86		
 53.65   	 -25.43		 43.58   	 488.30		
 53.55   	 -25.43		 45.53   	 391.66		
 53.45   	 -35.61		 47.10   	 295.01		
 53.31   	 -35.61		 48.28   	 233.98		
 53.16   	 -35.61		 49.22   	 178.03		
 53.02   	 -40.69		 49.93   	 137.33		
 52.86   	 -45.78		 50.48   	 111.90		
 52.68   	 -50.86		 50.93   	 101.73		
 52.47   	 -50.86		 51.33   	  91.56		
 52.27   	 -50.86		 51.70   	 101.73		
 52.06   	 -50.86		 52.11   	 122.07		
 51.86   	 -45.78		 52.59   	 147.51		
 51.68   	 -35.61		 53.18   	 162.77		
 51.54   	 -25.43		 53.83   	 198.37		
 51.43(D)	   0.00		 54.63   	 244.15		
 51.43   	  40.69		 55.61   	 274.67		
 51.60   	 122.07		 56.70   	 269.58		
 52.09   	 233.98		 57.78   	 264.50		
 53.02   	 376.40		 58.84   	 259.41		
 54.53   	 523.90		 59.88   	 239.06		
 56.62   	 640.89		 60.83   	 213.63		
 59.19   	 727.36		 61.69   	 203.46		
 62.10   	 757.88		 62.50   	 183.11		
 65.13   	 757.88		 63.23   	 167.85		
 68.16   	 722.28		 63.91   	 157.68		
 71.05   	 671.41		 64.54   	 142.42		
 73.73   	 610.37		 65.11   	 152.59		
 76.17   	 534.08		 65.72   	 157.68		
 78.31   	 467.95		 66.35   	 162.77		
 80.18   	 401.83		 67.00   	 162.77		
 81.79   	 356.05		 67.65   	 157.68		
 83.21   	 325.53		 68.28   	 147.51		
 84.52   	 320.45		 68.87   	 137.33		
 85.80   	 325.53		 69.42   	 132.25		
 87.10   	 345.88		 69.95   	 111.90		
 88.48   	 371.31		 70.40   	 101.73		
 89.97   	 406.92		 70.80   	  81.38		
 91.60   	 427.26		 71.13   	  71.21		
 93.31   	 442.52		 71.41   	  55.95		
 95.08   	 447.61		 71.64   	  45.78		
 96.87   	 422.18		 71.82   	  30.52		
 98.56   	 381.48		 71.94   	  20.35		
100.08   	 320.45		 72.02   	  20.35		
101.36   	 233.98		 72.11   	  10.17		
102.30   	 157.68		 72.15   	   5.09		
102.93   	  71.21		 72.17   	   5.09		
103.21(S)	  -5.09		 72.19(S)	  -5.09		
103.19   	 -50.86		 72.17   	  -5.09		
102.99   	 -91.56		 72.15   	 -15.26		
102.62   	-106.82		 72.09   	 -20.35		
102.20   	-106.82		 72.00   	 -35.61		
101.77   	 -91.56		 71.86   	 -45.78		
101.40   	 -71.21		 71.68   	 -76.30		
101.12   	 -35.61		 71.37   	-101.73		
100.98   	  -5.09		 70.97   	-142.42		
100.96   	  10.17		 70.40   	-183.11		
101.00   	  15.26		 69.66   	-233.98		
101.06   	   0.00		 68.73   	-305.19		
101.06   	 -35.61		 67.51   	-371.31		
100.92   	 -76.30		 66.02   	-406.92		
100.61   	-132.25		 64.39   	-447.61		
100.08   	-167.85		 62.60   	-518.82		
 99.41   	-198.37		 60.53   	-595.11		
 98.62   	-228.89		 58.15   	-661.24		
 97.70   	-239.06		 55.50   	-747.71		
 96.74   	-249.24		 52.51   	-839.26		
 95.75   	-239.06		 49.16   	-905.39		
 94.79   	-233.98		 45.53   	-935.91		
 93.86   	-218.72		 41.79   	-951.17		
 92.98   	-203.46		 37.99   	-951.17		
 92.17   	-178.03		 34.18   	-905.39		
 91.45   	-162.77		 30.56   	-839.26		
 90.80   	-157.68		 27.20   	-762.97		
 90.17   	-152.59		 24.15   	-671.41		
 89.56   	-157.68		 21.46   	-579.86		
 88.93   	-167.85		 19.15   	-498.47		
 88.26   	-188.20		 17.15   	-427.26		
 87.51   	-198.37		 15.44   	-356.05		
 86.71   	-223.80		 14.02   	-310.27		
 85.82   	-228.89		 12.78   	-284.84		
 84.90   	-239.06		 11.64   	-259.41		
 83.95   	-239.06		 10.60   	-249.24		
 82.99   	-233.98		  9.60   	-249.24		
 82.05   	-218.72		  8.61   	-254.32		
 81.18   	-198.37		  7.59   	-249.24		
 80.39   	-178.03		  6.59   	-244.15		
 79.67   	-157.68		  5.62   	-228.89		
 79.04   	-137.33		  4.70   	-223.80		
 78.49   	-122.07		  3.80   	-198.37		
 78.01   	-111.90		  3.01   	-162.77		
 77.56   	-106.82		  2.36   	-122.07		
 77.13   	-106.82		  1.87   	 -71.21		
 76.70   	-116.99		  1.59   	  -5.09		
 76.24   	-116.99		  1.57(D)	  40.69		
 75.77   	-132.25		  1.73   	  71.21		
 75.24   	-142.42		  2.01   	  96.64		
 74.67   	-147.51		  2.40   	 116.99		
 74.08   	-147.51		  2.87   	 116.99		
 73.49   	-147.51		  3.34   	  91.56		
 72.90   	-147.51		  3.70   	  76.30		
 72.31   	-132.25		  4.01   	  45.78		
 71.78   	-127.16		  4.19   	  30.52		
 71.27   	-111.90		  4.31   	  15.26		
 70.82   	-101.73		  4.37   	  -5.09		
 70.42   	 -91.56		  4.35   	  -5.09		
 70.05   	 -86.47		  4.33   	  -5.09		
 69.70   	 -76.30		  4.31   	   0.00		
 69.40   	 -71.21		  4.31   	  10.17		
 69.11   	 -76.30		  4.35   	  10.17		
 68.81   	 -76.30		  4.39   	  20.35		
 68.50   	 -76.30		  4.48   	  20.35		
 68.20   	 -81.38		  4.56   	  25.43		
 67.87   	 -81.38		  4.66   	  30.52		
 67.55   	 -86.47		  4.78   	  30.52		
 67.20   	 -86.47		  4.90   	  30.52		
 66.86   	 -86.47		  5.03   	  15.26		
 66.51   	 -81.38		  5.09   	  15.26		
 66.18   	 -81.38		  5.15   	  10.17		
 65.86   	 -71.21		  5.19   	   5.09		
 65.57   	 -71.21		  5.21   	   0.00		
 65.29   	 -66.12		  5.21   	   5.09		
 65.03   	 -61.04		  5.23   	  -5.09		
 64.78   	 -61.04		  5.21   	  -5.09		
 64.54   	 -61.04		  5.19   	   0.00		
 64.29   	 -55.95		  5.19   	   5.09		
 64.07   	 -61.04		  5.21   	   0.00		
 63.82   	 -55.95		  5.21   	   5.09		
 63.60   	 -61.04		  5.23   	   5.09		
 63.36   	 -55.95		  5.25   	  10.17		
 63.13   	 -66.12		  5.29   	   5.09		
 62.87   	 -61.04		  5.31   	  15.26		
 62.62   	 -66.12		  5.37   	  25.43		
 62.36   	 -66.12		  5.47   	  25.43		
 62.10   	 -61.04		  5.57   	  35.61		
 61.85   	 -66.12		  5.72   	  40.69		
 61.59   	 -55.95		  5.88   	  40.69		
 61.36   	 -61.04		  6.04   	  40.69		
 61.12   	 -50.86		  6.21   	  40.69		
 60.92   	 -55.95		  6.37   	  35.61		
 60.69   	 -50.86		  6.51   	  25.43		
 60.49   	 -45.78		  6.61   	  20.35		
 60.30   	 -40.69		  6.69   	  20.35		
 60.14   	 -45.78		  6.78   	  25.43		
 59.96   	 -40.69		  6.88   	  10.17		
 59.80   	 -40.69		  6.92   	   5.09		
 59.63   	 -40.69		  6.94   	   0.00		
 59.47   	 -45.78		  6.94   	   0.00		
 59.29   	 -45.78		  6.94   	  -5.09		
 59.10   	 -45.78		  6.92   	  -5.09		
 58.92   	 -45.78		  6.90   	   5.09		
 58.74   	 -45.78		  6.92   	  15.26		
 58.56   	 -45.78		  6.98   	  30.52		
 58.37   	 -45.78		  7.10   	  40.69		
 58.19   	 -40.69		  7.26   	  55.95		
 58.03   	 -45.78		  7.49   	  71.21		
 57.84   	 -40.69		  7.77   	  81.38		
 57.68   	 -40.69		  8.10   	  76.30		
 57.52   	 -40.69		  8.40   	  81.38		
 57.35   	 -35.61		  8.73   	  91.56		
 57.21   	 -40.69		  9.09   	  86.47		
 57.05   	 -35.61		  9.44   	  81.38		
 56.91   	 -40.69		  9.77   	  66.12		
 56.74   	 -40.69		 10.03   	  40.69		
 56.58   	 -40.69		 10.19   	  20.35		
 56.42   	 -45.78		 10.27(E)	 -20.35		
 56.24   	 -40.69		 10.19   	 -45.78		
 56.07   	 -40.69		 10.01   	 -55.95		
 55.91   	 -45.78		  9.79   	 -61.04		
 55.73   	 -40.69		  9.54   	 -61.04		
 55.56   	 -45.78		  9.30   	 -55.95		
 55.38   	 -40.69		  9.07   	 -35.61		
 55.22   	 -35.61		  8.93   	  -5.09		
 55.08   	 -40.69		  8.91   	  30.52		
 54.91   	 -40.69		  9.03   	  76.30		
 54.75   	 -40.69		  9.34   	 122.07		
 54.59   	 -35.61		  9.83   	 188.20		
 54.45   	 -40.69		 10.58   	 254.32		
 54.28   	 -35.61		 11.60   	 289.93		
 54.14   	 -40.69		 12.76   	 325.53		
 53.98   	 -35.61		 14.06   	 376.40		
 53.83   	 -40.69		 15.56   	 406.92		
 53.67   	 -40.69		 17.19   	 432.35		
 53.51   	 -40.69		 18.92   	 483.21		
 53.35   	 -35.61		 20.85   	 554.42		
 53.20   	 -35.61		 23.07   	 625.63		
 53.06   	 -40.69		 25.57   	 676.50		
 52.90   	 -30.52		 28.28   	 717.19		
 52.78   	 -35.61		 31.15   	 732.45		
 52.63   	 -30.52		 34.08   	 717.19		
 52.51   	 -30.52		 36.95   	 696.84		
 52.39   	 -25.43		 39.74   	 590.03		
 52.29   	 -25.43		 42.10   	 483.21		
 52.19   	 -25.43		 44.03   	 371.31		
 52.09   	 -30.52		 45.51   	 284.84		
 51.96   	 -30.52		 46.65   	 208.54		
 51.84   	 -35.61		 47.49   	 157.68		
 51.70   	 -35.61		 48.12   	 132.25		
 51.56   	 -40.69		 48.65   	 122.07		
 51.39   	 -45.78		 49.14   	 137.33		
 51.21   	 -45.78		 49.68   	 147.51		
 51.03   	 -50.86		 50.27   	 178.03		
 50.82   	 -50.86		 50.99   	 223.80		
 50.62   	 -50.86		 51.88   	 254.32		
 50.42   	 -40.69		 52.90   	 259.41		
 50.25   	 -35.61		 53.94   	 254.32		
 50.11   	 -25.43		 54.95   	 218.72		
 50.01(D)	  10.17		 55.83   	 183.11		
 50.05   	  50.86		 56.56   	 137.33		
 50.25   	 127.16		 57.11   	  96.64		
 50.76   	 244.15		 57.50   	  66.12		
 51.74   	 381.48		 57.76   	  66.12		
 53.27   	 534.08		 58.03   	  86.47		
 55.40   	 645.98		 58.37   	 137.33		
 57.99   	 727.36		 58.92   	 208.54		
 60.89   	 757.88		 59.76   	 259.41		
 63.93   	 752.79		 60.79   	 289.93		
 66.94   	 712.10		 61.95   	 320.45		
 69.79   	 651.07		 63.23   	 330.62		
 72.39   	 590.03		 64.56   	 315.36		
 74.75   	 518.82		 65.82   	 289.93		
 76.83   	 447.61		 66.98   	 259.41		
 78.62   	 386.57		 68.02   	 218.72		
 80.16   	 340.79		 68.89   	 167.85		
 81.53   	 315.36		 69.56   	 137.33		
 82.79   	 305.19		 70.11   	  96.64		
 84.01   	 315.36		 70.50   	  71.21		
 85.27   	 335.71		 70.78   	  40.69		
 86.61   	 371.31		 70.95   	  30.52		
 88.10   	 401.83		 71.07   	  10.17		
 89.70   	 432.35		 71.11   	   5.09		
 91.43   	 452.69		 71.13   	  -5.09		
 93.24   	 452.69		 71.11   	   0.00		
 95.06   	 432.35		 71.11   	  -5.09		
 96.78   	 391.66		 71.09   	  -5.09		
 98.35   	 325.53		 71.07   	   5.09		
 99.65   	 239.06		 71.09   	   0.00		
100.61   	 157.68		 71.09   	   5.09		
101.24   	  71.21		 71.11   	  10.17		
101.53(S)	   0.00		 71.15(S)	  -5.09		
101.53   	 -55.95		 71.13   	   0.00		
101.30   	 -96.64		 71.13   	 -10.17		
100.92   	-116.99		 71.09   	 -20.35		
100.45   	-122.07		 71.01   	 -40.69		
 99.96   	-106.82		 70.84   	 -50.86		
 99.53   	 -66.12		 70.64   	 -76.30		
 99.27   	 -40.69		 70.34   	-106.82		
 99.10   	 -20.35		 69.91   	-142.42		
 99.02   	 -10.17		 69.34   	-188.20		
 98.98   	  -5.09		 68.59   	-233.98		
 98.96   	  -5.09		 67.65   	-310.27		
 98.94   	 -40.69		 66.41   	-366.22		
 98.78   	 -86.47		 64.94   	-391.66		
 98.43   	-127.16		 63.38   	-437.43		
 97.92   	-162.77		 61.63   	-508.65		
 97.27   	-203.46		 59.59   	-569.68		
 96.46   	-228.89		 57.31   	-630.72		
 95.54   	-249.24		 54.79   	-717.19		
 94.55   	-254.32		 51.92   	-798.57		
 93.53   	-249.24		 48.73   	-849.44		
 92.53   	-244.15		 45.33   	-890.13		
 91.56   	-228.89		 41.77   	-925.73		
 90.64   	-208.54		 38.07   	-925.73		
 89.81   	-188.20		 34.36   	-890.13		
 89.05   	-178.03		 30.80   	-834.18		
 88.34   	-167.85		 27.47   	-773.14		
 87.67   	-157.68		 24.37   	-686.67		
 87.04   	-162.77		 21.63   	-605.29		
 86.39   	-162.77		 19.21   	-528.99		
 85.74   	-178.03		 17.09   	-447.61		
 85.03   	-193.29		 15.30   	-391.66		
 84.25   	-208.54		 13.73   	-345.88		
 83.42   	-223.80		 12.35   	-305.19		
 82.52   	-233.98		 11.13   	-289.93		
 81.59   	-239.06		  9.97   	-274.67		
 80.63   	-233.98		  8.87   	-279.75		
 79.69   	-223.80		  7.75   	-284.84		
 78.80   	-203.46		  6.61   	-279.75		
 77.99   	-183.11		  5.49   	-274.67		
 77.25   	-157.68		  4.39   	-264.50		
 76.62   	-137.33		  3.34   	-249.24		
 76.07   	-122.07		  2.34   	-228.89		
 75.58   	-106.82		  1.42   	-183.11		
 75.16   	-101.73		  0.69   	-132.25		
 74.75   	-106.82		  0.16   	 -71.21		
 74.32   	-101.73		 -0.12   	 -10.17		
 73.92   	-116.99		 -0.16(D)	  35.61		
 73.45   	-122.07		 -0.02   	  66.12		
 72.96   	-137.33		  0.24   	  91.56		
 72.41   	-142.42		  0.61   	  96.64		
 71.84   	-142.42		  1.00   	  86.47		
 71.27   	-147.51		  1.34   	  71.21		
 70.68   	-142.42		  1.63   	  45.78		
 70.11   	-137.33		  1.81   	  25.43		
 69.56   	-132.25		  1.91   	   5.09		
 69.03   	-116.99		  1.93   	   0.00		
 68.57   	-101.73		  1.93   	  -5.09		
 68.16   	 -96.64		  1.91   	   0.00		
 67.77   	 -81.38		  1.91   	   0.00		
 67.45   	 -76.30		  1.91   	  10.17		
 67.14   	 -76.30		  1.95   	  10.17		
 66.84   	 -71.21		  1.99   	  25.43		
 66.55   	 -71.21		  2.10   	  20.35		
 66.27   	 -76.30		  2.18   	  30.52		
 65.96   	 -76.30		  2.30   	  35.61		
 65.66   	 -86.47		  2.44   	  30.52		
 65.31   	 -81.38		  2.56   	  30.52		
 64.98   	 -86.47		  2.69   	  30.52		
 64.64   	 -86.47		  2.81   	  25.43		
 64.29   	 -81.38		  2.91   	  20.35		
 63.97   	 -76.30		  2.99   	  15.26		
 63.66   	 -76.30		  3.05   	  15.26		
 63.36   	 -71.21		  3.11   	  10.17		
 63.07   	 -66.12		  3.15   	  10.17		
 62.81   	 -66.12		  3.19   	   5.09		
 62.54   	 -61.04		  3.21   	   0.00		
 62.30   	 -55.95		  3.21   	  15.26		
 62.08   	 -55.95		  3.28   	  10.17		
 61.85   	 -61.04		  3.32   	  10.17		
 61.61   	 -55.95		  3.36   	  20.35		
 61.38   	 -55.95		  3.44   	  20.35		
 61.16   	 -61.04		  3.52   	  25.43		
 60.92   	 -66.12		  3.62   	  25.43		
 60.65   	 -61.04		  3.72   	  25.43		
 60.41   	 -61.04		  3.83   	  25.43		
 60.16   	 -61.04		  3.93   	  20.35		
 59.92   	 -66.12		  4.01   	  15.26		
 59.65   	 -61.04		  4.07   	  10.17		
 59.41   	 -55.95		  4.11   	   5.09		
 59.19   	 -55.95		  4.13   	   5.09		
 58.96   	 -55.95		  4.15   	   5.09		
 58.74   	 -50.86		  4.17   	   0.00		
 58.53   	 -45.78		  4.17   	  10.17		
 58.35   	 -45.78		  4.21   	  20.35		
 58.17   	 -50.86		  4.29   	  30.52		
 57.97   	 -45.78		  4.42   	  40.69		
 57.78   	 -40.69		  4.58   	  50.86		
 57.62   	 -45.78		  4.78   	  50.86		
 57.44   	 -45.78		  4.98   	  50.86		
 57.25   	 -45.78		  5.19   	  55.95		
 57.07   	 -45.78		  5.41   	  45.78		
 56.89   	 -40.69		  5.60   	  45.78		
 56.72   	 -45.78		  5.78   	  45.78		
 56.54   	 -45.78		  5.96   	  45.78		
 56.36   	 -40.69		  6.14   	  45.78		
 56.20   	 -45.78		  6.33   	  45.78		
 56.01   	 -45.78		  6.51   	  50.86		
 55.83   	 -45.78		  6.71   	  50.86		
 55.65   	 -40.69		  6.92   	  50.86		
 55.48   	 -45.78		  7.12   	  40.69		
 55.30   	 -40.69		  7.28   	  25.43		
 55.14   	 -45.78		  7.39(E)	  15.26		
 54.95   	 -50.86		  7.45   	   0.00		
 54.75   	 -40.69		  7.45   	 -15.26		
 54.59   	 -45.78		  7.39   	 -15.26		
 54.40   	 -40.69		  7.32   	 -20.35		
 54.24   	 -40.69		  7.24   	 -15.26		
 54.08   	 -35.61		  7.18   	 -15.26		
 53.94   	 -40.69		  7.12   	   0.00		
 53.77   	 -40.69		  7.12   	  15.26		
 53.61   	 -40.69		  7.18   	  40.69		
 53.45   	 -40.69		  7.34   	  55.95		
 53.29   	 -40.69		  7.57   	  91.56		
 53.12   	 -40.69		  7.93   	 142.42		
 52.96   	 -40.69		  8.50   	 213.63		
 52.80   	 -40.69		  9.36   	 305.19		
 52.63   	 -35.61		 10.58   	 381.48		
 52.49   	 -40.69		 12.11   	 447.61		
 52.33   	 -35.61		 13.90   	 493.39		
 52.19   	 -35.61		 15.87   	 528.99		
 52.04   	 -40.69		 17.99   	 564.60		
 51.88   	 -30.52		 20.24   	 605.29		
 51.76   	 -35.61		 22.67   	 635.81		
 51.62   	 -35.61		 25.21   	 651.07		
 51.47   	 -30.52		 27.81   	 686.67		
 51.35   	 -30.52		 30.56   	 681.58		
 51.23   	 -35.61		 33.29   	 696.84		
 51.09   	 -35.61		 36.07   	 645.98		
 50.95   	 -30.52		 38.66   	 559.51		
 50.82   	 -30.52		 40.90   	 447.61		
 50.70   	 -35.61		 42.69   	 366.22		
 50.56   	 -30.52		 44.15   	 289.93		
 50.44   	 -35.61		 45.31   	 223.80		
 50.29   	 -35.61		 46.21   	 178.03		
 50.15   	 -35.61		 46.92   	 157.68		
 50.01   	 -35.61		 47.55   	 147.51		
 49.87   	 -40.69		 48.14   	 132.25		
 49.70   	 -40.69		 48.67   	 132.25		
 49.54   	 -40.69		 49.20   	 142.42		
 49.38   	 -40.69		 49.77   	 137.33		
 49.22   	 -40.69		 50.32   	 132.25		
 49.05   	 -35.61		 50.84   	 122.07		
 48.91   	 -30.52		 51.33   	 127.16		
 48.79   	 -25.43		 51.84   	 122.07		
 48.69   	  -5.09		 52.33   	 116.99		
 48.67(D)	  20.35		 52.80   	 127.16		
 48.75   	  66.12		 53.31   	 132.25		
 49.01   	 152.59		 53.83   	 147.51		
 49.62   	 264.50		 54.43   	 167.85		
 50.68   	 406.92		 55.10   	 193.29		
 52.31   	 534.08		 55.87   	 233.98		
 54.45   	 635.81		 56.81   	 269.58		
 56.99   	 696.84		 57.88   	 300.10		
 59.78   	 717.19		 59.08   	 310.27		
 62.64   	 696.84		 60.33   	 315.36		
 65.43   	 651.07		 61.59   	 305.19		
 68.04   	 584.94		 62.81   	 274.67		
 70.38   	 518.82		 63.91   	 249.24		
 72.45   	 452.69		 64.90   	 208.54		
 74.26   	 386.57		 65.74   	 172.94		
 75.81   	 330.62		 66.43   	 137.33		
 77.13   	 295.01		 66.98   	 106.82		
 78.31   	 279.75		 67.41   	  76.30		
 79.43   	 269.58		 67.71   	  55.95		
 80.51   	 284.84		 67.93   	  40.69		
 81.65   	 305.19		 68.10   	  30.52		
 82.87   	 340.79		 68.22   	  20.35		
 84.23   	 361.14		 68.30   	  15.26		
 85.68   	 386.57		 68.36   	  15.26		
 87.22   	 401.83		 68.42   	  15.26		
 88.83   	 391.66		 68.48   	  15.26		
 90.40   	 381.48		 68.55   	  15.26		
 91.92   	 350.97		 68.61   	  25.43		
 93.33   	 300.10		 68.71   	  25.43		
 94.53   	 228.89		 68.81   	  20.35		
 95.44   	 157.68		 68.89   	  20.35		
 96.07   	  86.47		 68.97   	  25.43		
 96.42   	  20.35		 69.07   	  20.35		
 96.50(S)	 -35.61		 69.16   	   5.09		
 96.36   	 -81.38		 69.18(S)	  -5.09		
 96.03   	-101.73		 69.16   	 -20.35		
 95.63   	-106.82		 69.07   	 -45.78		
 95.20   	-106.82		 68.89   	 -76.30		
 94.77   	 -91.56		 68.59   	-106.82		
 94.40   	 -81.38		 68.16   	-147.51		
 94.08   	 -55.95		 67.57   	-193.29		
 93.86   	 -35.61		 66.80   	-254.32		
 93.71   	 -35.61		 65.78   	-320.45		
 93.57   	 -40.69		 64.50   	-350.97		
 93.41   	 -61.04		 63.09   	-361.14		
 93.16   	 -86.47		 61.65   	-417.09		
 92.82   	-111.90		 59.98   	-503.56		
 92.37   	-142.42		 57.97   	-569.68		
 91.80   	-167.85		 55.69   	-651.07		
 91.13   	-183.11		 53.08   	-727.36		
 90.40   	-203.46		 50.17   	-793.49		
 89.58   	-208.54		 47.00   	-849.44		
 88.75   	-213.63		 43.60   	-879.96		
 87.89   	-213.63		 40.08   	-900.30		
 87.04   	-203.46		 36.48   	-885.04		
 86.23   	-198.37		 32.94   	-854.52		
 85.43   	-188.20		 29.52   	-793.49		
 84.68   	-172.94		 26.35   	-732.45		
 83.99   	-178.03		 23.42   	-661.24		
 83.28   	-167.85		 20.77   	-584.94		
 82.60   	-172.94		 18.43   	-518.82		
 81.91   	-172.94		 16.36   	-452.69		
 81.22   	-183.11		 14.55   	-386.57		
 80.49   	-193.29		 13.00   	-330.62		
 79.71   	-203.46		 11.68   	-300.10		
 78.90   	-208.54		 10.48   	-279.75		
 78.07   	-213.63		  9.36   	-264.50		
 77.21   	-208.54		  8.30   	-259.41		
 76.38   	-203.46		  7.26   	-259.41		
 75.56   	-188.20		  6.23   	-254.32		
 74.81   	-172.94		  5.21   	-264.50		
 74.12   	-147.51		  4.15   	-284.84		
 73.53   	-132.25		  3.01   	-300.10		
 73.00   	-111.90		  1.81   	-289.93		
 72.55   	 -96.64		  0.65   	-259.41		
 72.17   	 -91.56		 -0.39   	-208.54		
 71.80   	 -86.47		 -1.22   	-137.33		
 71.45   	 -91.56		 -1.77   	 -71.21		
 71.09   	-101.73		 -2.05   	 -10.17		
 70.68   	-106.82		 -2.10(D)	  50.86		
 70.25   	-111.90		 -1.89   	 101.73		
 69.81   	-122.07		 -1.49   	 137.33		
 69.32   	-122.07		 -0.94   	 152.59		
 68.83   	-127.16		 -0.33   	 157.68		
 68.32   	-127.16		  0.31   	 152.59		
 67.81   	-122.07		  0.92   	 132.25		
 67.32   	-111.90		  1.44   	 122.07		
 66.88   	 -96.64		  1.93   	 106.82		
 66.49   	 -91.56		  2.36   	  86.47		
 66.12   	 -81.38		  2.71   	  61.04		
 65.80   	 -71.21		  2.95   	  45.78		
 65.51   	 -55.95		  3.13   	  25.43		
 65.29   	 -61.04		  3.23   	  10.17		
 65.05   	 -50.86		  3.28   	  -5.09		
 64.84   	 -50.86		  3.26   	 -20.35		
 64.64   	 -55.95		  3.17   	 -15.26		
 64.41   	 -61.04		  3.11   	 -15.26		
 64.17   	 -61.04		  3.05   	 -15.26		
 63.93   	 -66.12		  2.99   	  10.17		
 63.66   	 -71.21		  3.03   	  30.52		
 63.38   	 -71.21		  3.15   	  45.78		
 63.09   	 -71.21		  3.34   	  50.86		
 62.81   	 -71.21		  3.54   	  61.04		
 62.52   	 -71.21		  3.78   	  61.04		
 62.24   	 -66.12		  4.03   	  40.69		
 61.97   	 -61.04		  4.19   	  25.43		
 61.73   	 -55.95		  4.29   	  10.17		
 61.51   	 -55.95		  4.33   	 -10.17		
 61.28   	 -50.86		  4.29   	 -20.35		
 61.08   	 -45.78		  4.21   	 -15.26		
 60.89   	 -50.86		  4.15   	 -10.17		
 60.69   	 -40.69		  4.11   	   0.00		
 60.53   	 -45.78		  4.11   	  15.26		
 60.35   	 -50.86		  4.17   	  20.35		
 60.14   	 -45.78		  4.25   	  30.52		
 59.96   	 -50.86		  4.37   	  45.78		
 59.76   	 -50.86		  4.56   	  55.95		
 59.55   	 -55.95		  4.78   	  61.04		
 59.33   	 -50.86		  5.03   	  71.21		
 59.12   	 -50.86		  5.31   	  76.30		
 58.92   	 -50.86		  5.62   	  76.30		
 58.72   	 -50.86		  5.92   	  66.12		
 58.51   	 -50.86		  6.19   	  66.12		
 58.31   	 -45.78		  6.45   	  55.95		
 58.13   	 -45.78		  6.67   	  45.78		
 57.94   	 -45.78		  6.86   	  45.78		
 57.76   	 -40.69		  7.04   	  30.52		
 57.60   	 -35.61		  7.16   	  30.52		
 57.46   	 -40.69		  7.28   	  20.35		
 57.29   	 -35.61		  7.37   	  20.35		
 57.15   	 -40.69		  7.45   	  35.61		
 56.99   	 -35.61		  7.59   	  35.61		
 56.85   	 -35.61		  7.73   	  50.86		
 56.70   	 -35.61		  7.93   	  55.95		
 56.56   	 -40.69		  8.16   	  66.12		
 56.40   	 -35.61		  8.42   	  71.21		
 56.26   	 -40.69		  8.71   	  71.21		
 56.09   	 -35.61		  8.99   	  71.21		
 55.95   	 -40.69		  9.28   	  61.04		
 55.79   	 -35.61		  9.52   	  50.86		
 55.65   	 -35.61		  9.73   	  35.61		
 55.50   	 -40.69		  9.87   	  15.26		
 55.34   	 -40.69		  9.93(E)	 -10.17		
 55.18   	 -40.69		  9.89   	 -20.35		
 55.02   	 -40.69		  9.81   	 -30.52		
 54.85   	 -40.69		  9.68   	 -40.69		
 54.69   	 -40.69		  9.52   	 -40.69		
 54.53   	 -35.61		  9.36   	 -30.52		
 54.38   	 -35.61		  9.24   	 -15.26		
 54.24   	 -35.61		  9.18   	   0.00		
 54.10   	 -35.61		  9.18   	  25.43		
 53.96   	 -30.52		  9.28   	  55.95		
 53.83   	 -35.61		  9.50   	 106.82		
 53.69   	 -40.69		  9.93   	 167.85		
 53.53   	 -30.52		 10.60   	 223.80		
 53.41   	 -40.69		 11.50   	 300.10		
 53.24   	 -35.61		 12.70   	 356.05		
 53.10   	 -35.61		 14.12   	 376.40		
 52.96   	 -30.52		 15.63   	 396.74		
 52.84   	 -35.61		 17.21   	 422.18		
 52.70   	 -35.61		 18.90   	 473.04		
 52.55   	 -30.52		 20.79   	 539.16		
 52.43   	 -35.61		 22.95   	 620.55		
 52.29   	 -30.52		 25.43   	 681.58		
 52.17   	 -25.43		 28.16   	 742.62		
 52.06   	 -30.52		 31.13   	 783.31		
 51.94   	 -25.43		 34.26   	 778.23		
 51.84   	 -25.43		 37.38   	 798.57		
 51.74   	 -25.43		 40.57   	 701.93		
 51.64   	 -25.43		 43.38   	 590.03		
 51.54   	 -20.35		 45.74   	 467.95		
 51.45   	 -25.43		 47.61   	 366.22		
 51.35   	 -25.43		 49.07   	 254.32		
 51.25   	 -25.43		 50.09   	 178.03		
 51.15   	 -30.52		 50.80   	 106.82		
 51.03   	 -30.52		 51.23   	  76.30		
 50.91   	 -35.61		 51.54   	  71.21		
 50.76   	 -40.69		 51.82   	 101.73		
 50.60   	 -45.78		 52.23   	 132.25		
 50.42   	 -40.69		 52.76   	 172.94		
 50.25   	 -45.78		 53.45   	 244.15		
 50.07   	 -40.69		 54.43   	 305.19		
 49.91   	 -35.61		 55.65   	 305.19		
 49.77   	 -30.52		 56.87   	 289.93		
 49.64   	 -20.35		 58.03   	 289.93		
 49.56(D)	  10.17		 59.19   	 269.58		
 49.60   	  45.78		 60.26   	 228.89		
 49.79   	 111.90		 61.18   	 208.54		
 50.23   	 218.72		 62.01   	 193.29		
 51.11   	 345.88		 62.79   	 178.03		
 52.49   	 488.30		 63.50   	 172.94		
 54.45   	 610.37		 64.19   	 167.85		
 56.89   	 691.76		 64.86   	 172.94		
 59.65   	 732.45		 65.55   	 183.11		
 62.58   	 732.45		 66.29   	 193.29		
 65.51   	 696.84		 67.06   	 193.29		
 68.30   	 651.07		 67.83   	 198.37		
 70.91   	 584.94		 68.63   	 198.37		
 73.24   	 513.73		 69.42   	 203.46		
 75.30   	 452.69		 70.23   	 203.46		
 77.11   	 396.74		 71.05   	 198.37		
 78.70   	 350.97		 71.84   	 188.20		
 80.10   	 325.53		 72.59   	 172.94		
 81.40   	 310.27		 73.29   	 162.77		
 82.64   	 315.36		 73.94   	 147.51		
 83.91   	 335.71		 74.53   	 122.07		
 85.25   	 356.05		 75.01   	 106.82		
 86.67   	 381.48		 75.44   	  86.47		
 88.20   	 401.83		 75.79   	  66.12		
 89.81   	 417.09		 76.05   	  55.95		
 91.47   	 417.09		 76.28   	  40.69		
 93.14   	 406.92		 76.44   	  40.69		
 94.77   	 381.48		 76.60   	  30.52		
 96.30   	 330.62		 76.72   	  30.52		
 97.62   	 259.41		 76.85   	  30.52		
 98.66   	 193.29		 76.97   	  30.52		
 99.43   	 116.99		 77.09   	  25.43		
 99.90   	  40.69		 77.19   	  30.52		
100.06(S)	 -20.35		 77.31   	  25.43		
 99.98   	 -71.21		 77.42   	  20.35		
 99.69   	-101.73		 77.50   	  10.17		
 99.29   	-111.90		 77.54(S)	   0.00		
 98.84   	-111.90		 77.54   	 -25.43		
 98.39   	-101.73		 77.44   	 -61.04		
 97.99   	 -76.30		 77.19   	 -86.47		
 97.68   	 -50.86		 76.85   	-116.99		
 97.48   	 -30.52		 76.38   	-167.85		
 97.35   	 -15.26		 75.71   	-223.80		
 97.29   	 -10.17		 74.81   	-284.84		
 97.25   	 -20.35		 73.67   	-340.79		
 97.17   	 -61.04		 72.31   	-361.14		
 96.93   	-101.73		 70.86   	-386.57		
 96.52   	-132.25		 69.32   	-442.52		
 95.99   	-167.85		 67.55   	-518.82		
 95.32   	-203.46		 65.47   	-579.86		
 94.51   	-223.80		 63.15   	-640.89		
 93.61   	-228.89		 60.59   	-722.28		
 92.70   	-228.89		 57.70   	-793.49		
 91.78   	-228.89		 54.53   	-849.44		
 90.86   	-213.63		 51.13   	-890.13		
 90.01   	-203.46		 47.57   	-920.65		
 89.20   	-188.20		 43.89   	-915.56		
 88.44   	-178.03		 40.22   	-879.96		
 87.73   	-167.85		 36.70   	-839.26		
 87.06   	-162.77		 33.35   	-768.05		
 86.41   	-152.59		 30.27   	-686.67		
 85.80   	-157.68		 27.53   	-615.46		
 85.17   	-172.94		 25.07   	-549.34		
 84.48   	-183.11		 22.87   	-483.21		
 83.74   	-198.37		 20.94   	-422.18		
 82.95   	-213.63		 19.25   	-371.31		
 82.10   	-223.80		 17.76   	-335.71		
 81.20   	-228.89		 16.42   	-300.10		
 80.28   	-228.89		 15.22   	-274.67		
 79.37   	-218.72		 14.12   	-254.32		
 78.49   	-208.54		 13.10   	-244.15		
 77.66   	-188.20		 12.13   	-249.24		
 76.91   	-167.85		 11.13   	-249.24		
 76.24   	-142.42		 10.13   	-249.24		
 75.67   	-127.16		  9.14   	-259.41		
 75.16   	-111.90		  8.10   	-264.50		
 74.71   	 -96.64		  7.04   	-259.41		
 74.32   	 -91.56		  6.00   	-239.06		
 73.96   	 -91.56		  5.05   	-218.72		
 73.59   	-101.73		  4.17   	-193.29		
 73.18   	-106.82		  3.40   	-162.77		
 72.76   	-122.07		  2.75   	-111.90		
 72.27   	-127.16		  2.30   	 -66.12		
 71.76   	-137.33		  2.03   	 -15.26		
 71.21   	-137.33		  1.97(D)	  40.69		
 70.66   	-137.33		  2.14   	  71.21		
 70.11   	-132.25		  2.42   	  96.64		
 69.58   	-127.16		  2.81   	 116.99		
 69.07   	-111.90		  3.28   	 116.99		
 68.63   	-101.73		  3.74   	  96.64		
 68.22   	 -86.47		  4.13   	  86.47		
 67.87   	 -76.30		  4.48   	  66.12		
 67.57   	 -71.21		  4.74   	  45.78		
 67.28   	 -66.12		  4.92   	  30.52		
 67.02   	 -66.12		  5.05   	  15.26		
 66.75   	 -61.04		  5.11   	   5.09		
 66.51   	 -66.12		  5.13   	   5.09		
 66.25   	 -66.12		  5.15   	   0.00		
 65.98   	 -71.21		  5.15   	   0.00		
 65.70   	 -71.21		  5.15   	  10.17		
 65.41   	 -76.30		  5.19   	  10.17		
 65.11   	 -76.30		  5.23   	  10.17		
 64.80   	 -81.38		  5.27   	  10.17		
 64.48   	 -71.21		  5.31   	  15.26		
 64.19   	 -71.21		  5.37   	  10.17		
 63.91   	 -66.12		  5.41   	  15.26		
 63.64   	 -61.04		  5.47   	  15.26		
 63.40   	 -55.95		  5.53   	  20.35		
 63.17   	 -50.86		  5.62   	  20.35		
 62.97   	 -45.78		  5.70   	  15.26		
 62.79   	 -50.86		  5.76   	  15.26		
 62.58   	 -45.78		  5.82   	  15.26		
 62.40   	 -45.78		  5.88   	  10.17		
 62.22   	 -45.78		  5.92   	  10.17		
 62.03   	 -50.86		  5.96   	  10.17		
 61.83   	 -55.95		  6.00   	  15.26		
 61.61   	 -50.86		  6.06   	  25.43		
 61.40   	 -61.04		  6.16   	  35.61		
 61.16   	 -61.04		  6.31   	  40.69		
 60.92   	 -61.04		  6.47   	  40.69		
 60.67   	 -55.95		  6.63   	  40.69		
 60.45   	 -61.04		  6.80   	  50.86		
 60.20   	 -55.95		  7.00   	  45.78		
 59.98   	 -50.86		  7.18   	  40.69		
 59.78   	 -50.86		  7.34   	  30.52		
 59.57   	 -40.69		  7.47   	  35.61		
 59.41   	 -45.78		  7.61   	  25.43		
 59.23   	 -40.69		  7.71   	  25.43		
 59.06   	 -45.78		  7.81   	  15.26		
 58.88   	 -40.69		  7.87   	  20.35		
 58.72   	 -40.69		  7.96   	  15.26		
 58.56   	 -45.78		  8.02   	  20.35		
 58.37   	 -40.69		  8.10   	  15.26		
 58.21   	 -50.86		  8.16   	  10.17		
 58.01   	 -50.86		  8.20   	   5.09		
 57.80   	 -55.95		  8.22   	   0.00		
 57.58   	 -45.78		  8.22   	   0.00		
 57.40   	 -50.86		  8.22   	 -10.17		
 57.19   	 -45.78		  8.18   	   0.00		
 57.01   	 -45.78		  8.18   	  -5.09		
 56.83   	 -40.69		  8.16   	  -5.09		
 56.66   	 -40.69		  8.14(E)	   0.00		
 56.50   	 -35.61		  8.14   	  10.17		
 56.36   	 -40.69		  8.18   	  35.61		
 56.20   	 -40.69		  8.32   	  66.12		
 56.03   	 -35.61		  8.59   	 127.16		
 55.89   	 -40.69		  9.09   	 193.29		
 55.73   	 -40.69		  9.87   	 254.32		
 55.56   	 -40.69		 10.89   	 295.01		
 55.40   	 -40.69		 12.07   	 320.45		
 55.24   	 -45.78		 13.35   	 345.88		
 55.06   	 -45.78		 14.73   	 396.74		
 54.87   	 -40.69		 16.32   	 467.95		
 54.71   	 -40.69		 18.19   	 534.08		
 54.55   	 -35.61		 20.33   	 584.94		
 54.40   	 -35.61		 22.67   	 656.15		
 54.26   	 -35.61		 25.29   	 737.54		
 54.12   	 -30.52		 28.24   	 768.05		
 54.00   	 -30.52		 31.31   	 869.78		
 53.88   	 -30.52		 34.79   	 829.09		
 53.75   	 -25.43		 38.11   	 742.62		
 53.65   	 -25.43		 41.08   	 645.98		
 53.55   	 -30.52		 43.66   	 544.25		
 53.43   	 -25.43		 45.84   	 432.35		
 53.33   	 -30.52		 47.57   	 330.62		
 53.20   	 -30.52		 48.89   	 228.89		
 53.08   	 -30.52		 49.81   	 157.68		
 52.96   	 -40.69		 50.44   	 101.73		
 52.80   	 -40.69		 50.84   	  66.12		
 52.63   	 -40.69		 51.11   	  35.61		
 52.47   	 -45.78		 51.25   	  30.52		
 52.29   	 -45.78		 51.37   	  71.21		
 52.11   	 -50.86		 51.66   	 178.03		
 51.90   	 -45.78		 52.37   	 289.93		
 51.72   	 -35.61		 53.53   	 345.88		
 51.58   	 -30.52		 54.91   	 350.97		
 51.45   	  -5.09		 56.32   	 335.71		
 51.43(D)	  30.52		 57.66   	 310.27		
 51.56   	  91.56		 58.90   	 259.41		
 51.92   	 198.37		 59.94   	 208.54		
 52.72   	 325.53		 60.77   	 167.85		
 54.02   	 483.21		 61.44   	 132.25		
 55.95   	 610.37		 61.97   	 101.73		
 58.39   	 701.93		 62.38   	  91.56		
 61.20   	 742.62		 62.75   	  81.38		
 64.17   	 752.79		 63.07   	  86.47		
 67.18   	 727.36		 63.42   	 101.73		
 70.09   	 671.41		 63.82   	 122.07		
 72.78   	 610.37		 64.31   	 137.33		
 75.22   	 544.25		 64.86   	 147.51		
 77.40   	 473.04		 65.45   	 167.85		
 79.29   	 417.09		 66.12   	 172.94		
 80.96   	 371.31		 66.82   	 178.03		
 82.44   	 335.71		 67.53   	 172.94		
 83.78   	 330.62		 68.22   	 167.85		
 85.11   	 330.62		 68.89   	 157.68		
 86.43   	 340.79		 69.52   	 147.51		
 87.79   	 371.31		 70.11   	 127.16		
 89.28   	 391.66		 70.62   	 106.82		
 90.84   	 422.18		 71.05   	  86.47		
 92.53   	 432.35		 71.39   	  61.04		
 94.26   	 437.43		 71.64   	  45.78		
 96.01   	 427.26		 71.82   	  25.43		
 97.72   	 391.66		 71.92   	  15.26		
 99.29   	 340.79		 71.98   	   5.09		
100.65   	 264.50		 72.00   	   5.09		
101.71   	 183.11		 72.02(S)	  -5.09		
102.44   	 111.90		 72.00   	 -10.17		
102.89   	  35.61		 71.96   	  -5.09		
103.03(S)	 -30.52		 71.94   	  -5.09		
102.91   	 -76.30		 71.92   	  -5.09		
102.60   	-101.73		 71.90   	 -15.26		
102.20   	-111.90		 71.84   	 -30.52		
101.75   	-116.99		 71.72   	 -40.69		
101.28   	 -96.64		 71.56   	 -71.21		
100.89   	 -66.12		 71.27   	-101.73		
100.63   	 -30.52		 70.86   	-147.51		
100.51   	 -15.26		 70.27   	-203.46		
100.45   	  -5.09		 69.46   	-259.41		
100.43   	 -15.26		 68.42   	-330.62		
100.37   	 -40.69		 67.10   	-412.00		
100.20   	 -76.30		 65.45   	-447.61		
 99.90   	-116.99		 63.66   	-498.47		
 99.43   	-157.68		 61.67   	-579.86		
 98.80   	-193.29		 59.35   	-661.24		
 98.03   	-208.54		 56.70   	-737.54		
 97.19   	-233.98		 53.75   	-824.00		
 96.26   	-239.06		 50.46   	-900.30		
 95.30   	-239.06		 46.86   	-946.08		
 94.34   	-233.98		 43.07   	-976.60		
 93.41   	-223.80		 39.17   	-971.51		
 92.51   	-208.54		 35.28   	-935.91		
 91.68   	-193.29		 31.54   	-869.78		
 90.91   	-178.03		 28.06   	-788.40		
 90.19   	-167.85		 24.90   	-701.93		
 89.52   	-162.77		 22.10   	-605.29		
 88.87   	-162.77		 19.67   	-518.82		
 88.22   	-172.94		 17.60   	-432.35		
 87.53   	-183.11		 15.87   	-366.22		
 86.80   	-193.29		 14.40   	-315.36		
 86.02   	-213.63		 13.14   	-274.67		
 85.17   	-218.72		 12.04   	-244.15		
 84.29   	-228.89		 11.07   	-233.98		
 83.38   	-228.89		 10.13   	-223.80		
 82.46   	-228.89		  9.24   	-228.89		
 81.55   	-208.54		  8.32   	-233.98		
 80.71   	-193.29		  7.39   	-233.98		
 79.94   	-167.85		  6.45   	-228.89		
 79.27   	-147.51		  5.53   	-218.72		
 78.68   	-127.16		  4.66   	-208.54		
 78.17   	-111.90		  3.83   	-183.11		
 77.72   	-106.82		  3.09   	-162.77		
 77.29   	 -96.64		  2.44   	-122.07		
 76.91   	-101.73		  1.95   	 -71.21		
 76.50   	-106.82		  1.67   	 -15.26		
 76.07   	-111.90		  1.61(D)	  35.61		
 75.63   	-122.07		  1.75   	  61.04		
 75.14   	-132.25		  1.99   	  91.56		
 74.61   	-137.33		  2.36   	 106.82		
 74.06   	-142.42		  2.79   	 106.82		
 73.49   	-142.42		  3.21   	  96.64		
 72.92   	-137.33		  3.60   	  81.38		
 72.37   	-127.16		  3.93   	  66.12		
 71.86   	-116.99		  4.19   	  40.69		
 71.39   	-101.73		  4.35   	  20.35		
 70.99   	 -96.64		  4.44   	  10.17		
 70.60   	 -86.47		  4.48   	  -5.09		
 70.25   	 -76.30		  4.46   	  -5.09		
 69.95   	 -71.21		  4.44   	  -5.09		
 69.66   	 -71.21		  4.42   	  -5.09		
 69.38   	 -66.12		  4.39   	   0.00		
 69.11   	 -71.21		  4.39   	  10.17		
 68.83   	 -71.21		  4.44   	   5.09		
 68.55   	 -76.30		  4.46   	  10.17		
 68.24   	 -81.38		  4.50   	  15.26		
 67.91   	 -76.30		  4.56   	  10.17		
 67.61   	 -81.38		  4.60   	  15.26		
 67.28   	 -76.30		  4.66   	  15.26		
 66.98   	 -76.30		  4.72   	  20.35		
 66.67   	 -71.21		  4.80   	  25.43		
 66.39   	 -71.21		  4.90   	  25.43		
 66.10   	 -66.12		  5.01   	  25.43		
 65.84   	 -61.04		  5.11   	  25.43		
 65.59   	 -61.04		  5.21   	  30.52		
 65.35   	 -55.95		  5.33   	  25.43		
 65.13   	 -55.95		  5.43   	  20.35		
 64.90   	 -50.86		  5.51   	  15.26		
 64.70   	 -55.95		  5.57   	  15.26		
 64.48   	 -55.95		  5.64   	  10.17		
 64.25   	 -61.04		  5.68   	  15.26		
 64.01   	 -61.04		  5.74   	  10.17		
 63.76   	 -55.95		  5.78   	  10.17		
 63.54   	 -66.12		  5.82   	  10.17		
 63.28   	 -61.04		  5.86   	  15.26		
 63.03   	 -55.95		  5.92   	  10.17		
 62.81   	  N/A		  5.96   	  N/A		
