SAMPLE NUMBER:   3
TIME RESOLUTION: 4 ms/sample
mmHg RESOLUTION: 0.0203458 mmHg/unit
DATA UNITS:      mmHg, mmHg/sec

------------------------- Begin Data -------------------------
  RV     	  RV'		  RFA     	  RFA'		
 34.45   	   5.09		 47.22   	 -25.43		
 34.47   	  66.12		 47.12   	 -40.69		
 34.73   	  91.56		 46.96   	 -35.61		
 35.10   	 122.07		 46.82   	 -35.61		
 35.58   	 137.33		 46.67   	 -30.52		
 36.13   	 157.68		 46.55   	 -30.52		
 36.76   	 167.85		 46.43   	 -30.52		
 37.44   	 178.03		 46.31   	 -25.43		
 38.15   	 178.03		 46.21   	 -15.26		
 38.86   	 178.03		 46.14   	 -20.35		
 39.57   	 172.94		 46.06   	 -10.17		
 40.26   	 162.77		 46.02   	 -10.17		
 40.92   	 157.68		 45.98   	   0.00		
 41.55   	 147.51		 45.98   	   5.09		
 42.14   	 142.42		 46.00   	  10.17		
 42.71   	 132.25		 46.04   	  30.52		
 43.23   	 132.25		 46.16   	  50.86		
 43.76   	 132.25		 46.37   	  76.30		
 44.29   	 132.25		 46.67   	 127.16		
 44.82   	 132.25		 47.18   	 178.03		
 45.35   	 137.33		 47.89   	 233.98		
 45.90   	 137.33		 48.83   	 295.01		
 46.45   	 132.25		 50.01   	 345.88		
 46.98   	 137.33		 51.39   	 381.48		
 47.53   	 137.33		 52.92   	 412.00		
 48.08   	 132.25		 54.57   	 417.09		
 48.61   	 137.33		 56.24   	 432.35		
 49.16   	 132.25		 57.97   	 386.57		
 49.68   	 122.07		 59.51   	 335.71		
 50.17   	 106.82		 60.85   	 279.75		
 50.60   	  91.56		 61.97   	 223.80		
 50.97   	  76.30		 62.87   	 172.94		
 51.27   	  61.04		 63.56   	 137.33		
 51.52   	  45.78		 64.11   	 101.73		
 51.70   	  35.61		 64.52   	  86.47		
 51.84   	  20.35		 64.86   	  86.47		
 51.92   	  10.17		 65.21   	  91.56		
 51.96   	  10.17		 65.57   	 101.73		
 52.00   	   5.09		 65.98   	 127.16		
 52.02   	  10.17		 66.49   	 147.51		
 52.06   	  10.17		 67.08   	 172.94		
 52.11   	  10.17		 67.77   	 188.20		
 52.15   	  10.17		 68.52   	 198.37		
 52.19   	  20.35		 69.32   	 208.54		
 52.27   	  20.35		 70.15   	 213.63		
 52.35   	  25.43		 71.01   	 203.46		
 52.45   	  25.43		 71.82   	 193.29		
 52.55   	  30.52		 72.59   	 178.03		
 52.68   	  30.52		 73.31   	 162.77		
 52.80   	  25.43		 73.96   	 152.59		
 52.90   	  30.52		 74.57   	 132.25		
 53.02   	  25.43		 75.10   	 122.07		
 53.12   	  15.26		 75.58   	 111.90		
 53.18   	  15.26		 76.03   	 101.73		
 53.24   	   5.09		 76.44   	 101.73		
 53.27   	 -10.17		 76.85   	  96.64		
 53.22   	 -30.52		 77.23   	  91.56		
 53.10   	 -50.86		 77.60   	  86.47		
 52.90   	 -81.38		 77.94   	  86.47		
 52.57   	-116.99		 78.29   	  76.30		
 52.11   	-142.42		 78.60   	  76.30		
 51.54   	-167.85		 78.90   	  61.04		
 50.86   	-208.54		 79.15   	  45.78		
 50.03   	-244.15		 79.33   	  40.69		
 49.05   	-259.41		 79.49   	  20.35		
 48.02   	-259.41		 79.57   	   0.00		
 46.98   	-274.67		 79.57   	 -10.17		
 45.88   	-274.67		 79.53   	 -30.52		
 44.78   	-284.84		 79.41   	 -40.69		
 43.64   	-305.19		 79.25   	 -55.95		
 42.42   	-330.62		 79.02   	 -66.12		
 41.10   	-371.31		 78.76   	 -76.30		
 39.61   	-401.83		 78.45   	 -81.38		
 38.01   	-417.09		 78.13   	 -86.47		
 36.34   	-437.43		 77.78   	 -86.47		
 34.59   	-457.78		 77.44   	 -91.56		
 32.76   	-473.04		 77.07   	 -91.56		
 30.86   	-483.21		 76.70   	 -91.56		
 28.93   	-488.30		 76.34   	 -91.56		
 26.98   	-483.21		 75.97   	 -96.64		
 25.05   	-473.04		 75.58   	 -91.56		
 23.15   	-452.69		 75.22   	-101.73		
 21.34   	-437.43		 74.81   	-101.73		
 19.59   	-401.83		 74.40   	-106.82		
 17.99   	-376.40		 73.98   	-111.90		
 16.48   	-345.88		 73.53   	-122.07		
 15.10   	-305.19		 73.04   	-127.16		
 13.88   	-269.58		 72.53   	-132.25		
 12.80   	-244.15		 72.00   	-132.25		
 11.82   	-213.63		 71.47   	-142.42		
 10.97   	-188.20		 70.91   	-137.33		
 10.21   	-162.77		 70.36   	-142.42		
  9.56   	-142.42		 69.79   	-137.33		
  8.99   	-132.25		 69.24   	-127.16		
  8.46   	-122.07		 68.73   	-122.07		
  7.98   	-116.99		 68.24   	-106.82		
  7.51   	-106.82		 67.81   	 -91.56		
  7.08   	-111.90		 67.45   	 -71.21		
  6.63   	-111.90		 67.16   	 -55.95		
  6.19   	-116.99		 66.94   	 -45.78		
  5.72   	-122.07		 66.75   	 -35.61		
  5.23   	-122.07		 66.61   	 -25.43		
  4.74   	-127.16		 66.51   	 -25.43		
  4.23   	-116.99		 66.41   	 -25.43		
  3.76   	-122.07		 66.31   	 -35.61		
  3.28   	-111.90		 66.16   	 -35.61		
  2.83   	-101.73		 66.02   	 -50.86		
  2.42   	 -86.47		 65.82   	 -50.86		
  2.08   	 -66.12		 65.62   	 -66.12		
  1.81   	 -50.86		 65.35   	 -71.21		
  1.61   	 -25.43		 65.07   	 -71.21		
  1.51   	   0.00		 64.78   	 -71.21		
  1.51   	  25.43		 64.50   	 -71.21		
  1.61   	  45.78		 64.21   	 -71.21		
  1.79   	  61.04		 63.93   	 -61.04		
  2.03   	  71.21		 63.68   	 -55.95		
  2.32   	  86.47		 63.46   	 -50.86		
  2.67   	  91.56		 63.26   	 -45.78		
  3.03   	  91.56		 63.07   	 -35.61		
  3.40   	  96.64		 62.93   	 -30.52		
  3.78   	  96.64		 62.81   	 -30.52		
  4.17   	  86.47		 62.69   	 -25.43		
  4.52   	  81.38		 62.58   	 -25.43		
  4.84   	  71.21		 62.48   	 -25.43		
  5.13   	  61.04		 62.38   	 -25.43		
  5.37   	  50.86		 62.28   	 -20.35		
  5.57   	  30.52		 62.20   	 -20.35		
  5.70   	  25.43		 62.12   	 -20.35		
  5.80   	  15.26		 62.03   	 -25.43		
  5.86   	   5.09		 61.93   	 -15.26		
  5.88   	 -10.17		 61.87   	 -20.35		
  5.84   	 -15.26		 61.79   	 -20.35		
  5.78   	 -20.35		 61.71   	 -20.35		
  5.70   	 -30.52		 61.63   	 -20.35		
  5.57   	 -30.52		 61.55   	 -20.35		
  5.45   	 -25.43		 61.46   	 -20.35		
  5.35   	 -25.43		 61.38   	 -20.35		
  5.25   	 -20.35		 61.30   	 -15.26		
  5.17   	 -10.17		 61.24   	 -15.26		
  5.13   	  -5.09		 61.18   	 -15.26		
  5.11   	  10.17		 61.12   	 -15.26		
  5.15   	  15.26		 61.06   	 -15.26		
  5.21   	  20.35		 61.00   	 -10.17		
  5.29   	  25.43		 60.96   	 -15.26		
  5.39   	  25.43		 60.89   	 -20.35		
  5.49   	  30.52		 60.81   	 -15.26		
  5.62   	  35.61		 60.75   	 -20.35		
  5.76   	  25.43		 60.67   	 -25.43		
  5.86   	  30.52		 60.57   	 -25.43		
  5.98   	  25.43		 60.47   	 -25.43		
  6.08   	  20.35		 60.37   	 -30.52		
  6.16   	  20.35		 60.24   	 -25.43		
  6.25   	  15.26		 60.14   	 -30.52		
  6.31   	  10.17		 60.02   	 -25.43		
  6.35   	   5.09		 59.92   	 -25.43		Beg---------
  6.37   	   0.00		 59.82   	 -25.43		
  6.37   	  -5.09		 59.71   	 -20.35		
  6.35   	 -10.17		 59.63   	 -20.35		
  6.31   	  -5.09		 59.55   	 -25.43		
  6.29   	 -10.17		 59.45   	 -20.35		
  6.25   	 -10.17		 59.37   	 -20.35		
  6.21   	  -5.09		 59.29   	 -25.43		
  6.19   	   0.00		 59.19   	 -20.35		
  6.19   	  10.17		 59.10   	 -25.43		
  6.23   	  15.26		 59.00   	 -25.43		
  6.29   	  25.43		 58.90   	 -25.43		
  6.39   	  35.61		 58.80   	 -20.35		
  6.53   	  35.61		 58.72   	 -20.35		
  6.67   	  35.61		 58.64   	 -25.43		
  6.82   	  35.61		 58.53   	 -20.35		
  6.96   	  30.52		 58.45   	 -20.35		
  7.08   	  25.43		 58.37   	 -25.43		
  7.18   	  20.35		 58.27   	 -25.43		
  7.26   	  10.17		 58.17   	 -25.43		
  7.30   	   0.00		 58.07   	 -25.43		
  7.30   	  -5.09		 57.97   	 -25.43		
  7.28   	  -5.09		 57.86   	 -30.52		
  7.26   	 -10.17		 57.74   	 -30.52		
  7.22   	 -10.17		 57.62   	 -30.52		
  7.18   	  -5.09		 57.50   	 -25.43		
  7.16   	  -5.09		 57.40   	 -25.43		
  7.14   	   5.09		 57.29   	 -25.43		
  7.16   	   5.09		 57.19   	 -25.43		
  7.18   	  10.17		 57.09   	 -20.35		
  7.22   	   0.00		 57.01   	 -25.43		
  7.22   	   5.09		 56.91   	 -20.35		
  7.24   	   0.00		 56.83   	 -20.35		
  7.24   	  -5.09		 56.74   	 -25.43		
  7.22   	  -5.09		 56.64   	 -25.43		
  7.20   	 -10.17		 56.54   	 -25.43		
  7.16   	  -5.09		 56.44   	 -25.43		
  7.14   	  -5.09		 56.34   	 -30.52		
  7.12   	   0.00		 56.22   	 -25.43		
  7.12   	   0.00		 56.11   	 -25.43		
  7.12   	   0.00		 56.01   	 -25.43		
  7.12   	   0.00		 55.91   	 -25.43		
  7.12   	   0.00		 55.81   	 -25.43		
  7.12(E)	   5.09		 55.71   	 -25.43		
  7.14   	   5.09		 55.61   	 -20.35		
  7.16   	  10.17		 55.52   	 -20.35		
  7.20   	   5.09		 55.44   	 -25.43		
  7.22   	   5.09		 55.34   	 -25.43		
  7.24   	   5.09		 55.24   	 -25.43		
  7.26   	  10.17		 55.14   	 -25.43		
  7.30   	   5.09		 55.04   	 -30.52		
  7.32   	  10.17		 54.91   	 -25.43		
  7.37   	  10.17		 54.81   	 -25.43		
  7.41   	  10.17		 54.71   	 -25.43		
  7.45   	  10.17		 54.61   	 -25.43		
  7.49   	  10.17		 54.51   	 -30.52		
  7.53   	  10.17		 54.38   	 -25.43		
  7.57   	  20.35		 54.28   	 -20.35		
  7.65   	  25.43		 54.20   	 -25.43		
  7.75   	  40.69		 54.10   	 -25.43		
  7.91   	  55.95		 54.00   	 -25.43		
  8.14   	  86.47		 53.90   	 -20.35		
  8.48   	 122.07		 53.81   	 -25.43		
  8.97   	 142.42		 53.71   	 -20.35		
  9.54   	 157.68		 53.63   	 -20.35		
 10.17   	 167.85		 53.55   	 -15.26		
 10.84   	 188.20		 53.49   	 -20.35		
 11.60   	 213.63		 53.41   	 -15.26		
 12.45   	 233.98		 53.35   	 -20.35		
 13.39   	 244.15		 53.27   	 -15.26		
 14.36   	 249.24		 53.20   	 -20.35		
 15.36   	 264.50		 53.12   	 -15.26		
 16.42   	 361.14		 53.06   	 -20.35		
 17.86   	 401.83		 52.98   	 -25.43		
 19.47   	 447.61		 52.88   	 -15.26		
 21.26   	 478.13		 52.82   	 -20.35		
 23.17   	 493.39		 52.74   	 -20.35		
 25.15   	 488.30		 52.65   	 -10.17		
 27.10   	 467.95		 52.61   	 -15.26		
 28.97   	 447.61		 52.55   	 -10.17		
 30.76   	 417.09		 52.51   	 -10.17		
 32.43   	 386.57		 52.47   	 -10.17		
 33.98   	 345.88		 52.43   	 -10.17		
 35.36   	 289.93		 52.39   	  -5.09		
 36.52   	 244.15		 52.37   	 -10.17		
 37.50   	 188.20		 52.33   	 -10.17		
 38.25   	 137.33		 52.29   	 -10.17		
 38.80   	 101.73		 52.25   	 -15.26		
 39.21   	  71.21		 52.19   	 -15.26		
 39.49   	  45.78		 52.13   	 -20.35		
 39.67   	  30.52		 52.04   	 -20.35		
 39.80   	  25.43		 51.96   	 -20.35		
 39.90   	  25.43		 51.88   	 -25.43		
 40.00   	  30.52		 51.78   	 -30.52		
 40.12   	  40.69		 51.66   	 -30.52		
 40.28   	  50.86		 51.54   	 -30.52		
 40.49   	  66.12		 51.41   	 -35.61		
 40.75   	 101.73		 51.27   	 -35.61		
 41.16   	 111.90		 51.13   	 -35.61		
 41.61   	 116.99		 50.99   	 -35.61		
 42.08   	 116.99		 50.84   	 -30.52		
 42.54   	 116.99		 50.72   	 -25.43		
 43.01   	 111.90		 50.62   	 -25.43		
 43.46   	 106.82		 50.52   	 -20.35		
 43.89   	 101.73		 50.44   	 -15.26		
 44.29   	  91.56		 50.38   	  -5.09		
 44.66   	  81.38		 50.36(D)	   5.09		
 44.98   	  71.21		 50.38   	  20.35		
 45.27   	  66.12		 50.46   	  40.69		
 45.53   	  55.95		 50.62   	  81.38		
 45.76   	  50.86		 50.95   	 127.16		
 45.96   	  55.95		 51.45   	 183.11		
 46.18   	  55.95		 52.19   	 259.41		
 46.41   	  61.04		 53.22   	 320.45		
 46.65   	  71.21		 54.51   	 386.57		
 46.94   	  86.47		 56.05   	 432.35		
 47.28   	  96.64		 57.78   	 462.87		
 47.67   	 111.90		 59.63   	 467.95		
 48.12   	 127.16		 61.51   	 457.78		
 48.63   	 127.16		 63.34   	 427.26		
 49.14   	 137.33		 65.05   	 381.48		
 49.68   	 137.33		 66.57   	 320.45		
 50.23   	 142.42		 67.85   	 233.98		
 50.80   	 137.33		 68.79   	 183.11		
 51.35   	 132.25		 69.52   	 137.33		
 51.88   	 111.90		 70.07   	 106.82		
 52.33   	 106.82		 70.50   	 101.73		
 52.76   	  91.56		 70.91   	 101.73		
 53.12   	  81.38		 71.31   	 116.99		
 53.45   	  71.21		 71.78   	 142.42		
 53.73   	  61.04		 72.35   	 178.03		
 53.98   	  55.95		 73.06   	 203.46		
 54.20   	  50.86		 73.88   	 239.06		
 54.40   	  40.69		 74.83   	 259.41		
 54.57   	  40.69		 75.87   	 279.75		
 54.73   	  35.61		 76.99   	 279.75		
 54.87   	  35.61		 78.11   	 284.84		
 55.02   	  30.52		 79.25   	 274.67		
 55.14   	  35.61		 80.35   	 259.41		
 55.28   	  30.52		 81.38   	 239.06		
 55.40   	  30.52		 82.34   	 218.72		
 55.52   	  20.35		 83.21   	 203.46		
 55.61   	  20.35		 84.03   	 183.11		
 55.69   	  15.26		 84.76   	 167.85		
 55.75   	  10.17		 85.43   	 157.68		
 55.79   	   5.09		 86.06   	 147.51		
 55.81   	   5.09		 86.65   	 142.42		
 55.83(S)	  -5.09		 87.22   	 132.25		
 55.81   	 -10.17		 87.75   	 127.16		
 55.77   	 -10.17		 88.26   	 116.99		
 55.73   	 -25.43		 88.73   	 111.90		
 55.63   	 -30.52		 89.18   	  96.64		
 55.50   	 -40.69		 89.56   	  81.38		
 55.34   	 -61.04		 89.89   	  66.12		
 55.10   	 -76.30		 90.15   	  45.78		
 54.79   	-106.82		 90.34   	  25.43		
 54.36   	-137.33		 90.44(S)	   0.00		
 53.81   	-172.94		 90.44   	 -15.26		
 53.12   	-223.80		 90.38   	 -35.61		
 52.23   	-269.58		 90.23   	 -55.95		
 51.15   	-310.27		 90.01   	 -66.12		
 49.91   	-366.22		 89.75   	 -76.30		
 48.44   	-437.43		 89.44   	 -86.47		
 46.69   	-483.21		 89.09   	 -91.56		
 44.76   	-508.65		 88.73   	 -91.56		
 42.73   	-539.16		 88.36   	 -91.56		
 40.57   	-579.86		 88.00   	 -86.47		
 38.25   	-574.77		 87.65   	 -86.47		
 35.95   	-559.51		 87.30   	 -81.38		
 33.71   	-539.16		 86.98   	 -76.30		
 31.56   	-518.82		 86.67   	 -71.21		
 29.48   	-493.39		 86.39   	 -71.21		
 27.51   	-462.87		 86.10   	 -76.30		
 25.66   	-432.35		 85.80   	 -71.21		
 23.93   	-406.92		 85.51   	 -81.38		
 22.30   	-381.48		 85.19   	 -86.47		
 20.77   	-350.97		 84.84   	 -91.56		
 19.37   	-330.62		 84.48   	-101.73		
 18.05   	-305.19		 84.07   	-106.82		
 16.83   	-284.84		 83.64   	-122.07		
 15.69   	-269.58		 83.15   	-122.07		
 14.61   	-249.24		 82.66   	-132.25		
 13.61   	-239.06		 82.14   	-142.42		
 12.66   	-223.80		 81.57   	-142.42		
 11.76   	-213.63		 81.00   	-152.59		
 10.91   	-203.46		 80.39   	-157.68		
 10.09   	-198.37		 79.76   	-162.77		
  9.30   	-178.03		 79.10   	-162.77		
  8.59   	-172.94		 78.45   	-162.77		
  7.89   	-162.77		 77.80   	-162.77		
  7.24   	-152.59		 77.15   	-157.68		
  6.63   	-142.42		 76.52   	-152.59		
  6.06   	-127.16		 75.91   	-147.51		
  5.55   	-122.07		 75.32   	-132.25		
  5.07   	-106.82		 74.79   	-116.99		
  4.64   	 -96.64		 74.32   	-111.90		
  4.25   	 -81.38		 73.88   	 -91.56		
  3.93   	 -71.21		 73.51   	 -86.47		
  3.64   	 -55.95		 73.16   	 -76.30		
  3.42   	 -55.95		 72.86   	 -71.21		
  3.19   	 -45.78		 72.57   	 -71.21		
  3.01   	 -40.69		 72.29   	 -66.12		
  2.85   	 -35.61		 72.02   	 -76.30		
  2.71   	 -25.43		 71.72   	 -71.21		
  2.60   	 -15.26		 71.43   	 -81.38		
  2.54   	 -15.26		 71.11   	 -81.38		
  2.48(D)	   0.00		 70.78   	 -81.38		
  2.48   	   5.09		 70.46   	 -86.47		
  2.50   	  15.26		 70.11   	 -86.47		
  2.56   	  25.43		 69.77   	 -81.38		
  2.67   	  30.52		 69.44   	 -81.38		
  2.79   	  35.61		 69.11   	 -81.38		
  2.93   	  40.69		 68.79   	 -71.21		
  3.09   	  40.69		 68.50   	 -71.21		
  3.26   	  35.61		 68.22   	 -66.12		
  3.40   	  35.61		 67.95   	 -61.04		
  3.54   	  35.61		 67.71   	 -55.95		
  3.68   	  25.43		 67.49   	 -55.95		
  3.78   	  20.35		 67.26   	 -45.78		
  3.87   	  15.26		 67.08   	 -50.86		
  3.93   	  10.17		 66.88   	 -45.78		
  3.97   	  10.17		 66.69   	 -40.69		
  4.01   	   5.09		 66.53   	 -45.78		
  4.03   	   5.09		 66.35   	 -45.78		
  4.05   	   5.09		 66.16   	 -40.69		
  4.07   	  10.17		 66.00   	 -40.69		
  4.11   	  10.17		 65.84   	 -40.69		
  4.15   	  20.35		 65.68   	 -35.61		
  4.23   	  20.35		 65.53   	 -40.69		
  4.31   	  20.35		 65.37   	 -35.61		
  4.39   	  25.43		 65.23   	 -35.61		
  4.50   	  20.35		 65.09   	 -30.52		
  4.58   	  25.43		 64.96   	 -35.61		
  4.68   	  20.35		 64.82   	 -30.52		
  4.76   	  25.43		 64.70   	 -25.43		
  4.86   	  20.35		 64.60   	 -30.52		
  4.94   	  20.35		 64.48   	 -25.43		
  5.03   	  15.26		 64.37   	 -25.43		
  5.09   	  15.26		 64.27   	 -30.52		
  5.15   	  15.26		 64.15   	 -25.43		
  5.21   	  10.17		 64.05   	 -30.52		
  5.25   	  15.26		 63.93   	 -25.43		
  5.31   	   5.09		 63.82   	 -30.52		
  5.33   	  10.17		 63.70   	 -30.52		
  5.37   	   5.09		 63.58   	 -35.61		
  5.39   	   0.00		 63.44   	 -30.52		
  5.39   	   5.09		 63.32   	 -30.52		
  5.41   	   0.00		 63.19   	 -30.52		
  5.41   	  -5.09		 63.07   	 -30.52		
  5.39   	 -10.17		 62.95   	 -30.52		
  5.35   	  -5.09		 62.83   	 -30.52		
  5.33   	 -15.26		 62.71   	 -30.52		
  5.27   	 -15.26		 62.58   	 -25.43		
  5.21   	 -15.26		 62.48   	 -30.52		
  5.15   	 -15.26		 62.36   	 -25.43		
  5.09   	  -5.09		 62.26   	 -25.43		
  5.07   	  -5.09		 62.16   	 -30.52		
  5.05   	   0.00		 62.03   	 -25.43		
  5.05   	   5.09		 61.93   	 -25.43		
  5.07   	  15.26		 61.83   	 -25.43		
  5.13   	  15.26		 61.73   	 -30.52		
  5.19   	  15.26		 61.61   	 -25.43		
  5.25   	  20.35		 61.51   	 -25.43		
  5.33   	  20.35		 61.40   	 -25.43		
  5.41   	  25.43		 61.30   	 -30.52		
  5.51   	  20.35		 61.18   	 -20.35		
  5.60   	  15.26		 61.10   	 -25.43		
  5.66   	  20.35		 61.00   	 -25.43		
  5.74   	  10.17		 60.89   	 -20.35		
  5.78   	  15.26		 60.81   	 -25.43		
  5.84   	   5.09		 60.71   	 -20.35		
  5.86   	   0.00		 60.63   	 -25.43		
  5.86   	   0.00		 60.53   	 -20.35		
  5.86   	  -5.09		 60.45   	 -25.43		
  5.84   	  -5.09		 60.35   	 -25.43		
  5.82   	  -5.09		 60.24   	 -25.43		
  5.80   	  -5.09		 60.14   	 -25.43		
  5.78   	  -5.09		 60.04   	 -25.43		
  5.76   	  -5.09		 59.94   	 -25.43		
  5.74   	  -5.09		 59.84   	 -25.43		
  5.72   	   0.00		 59.74   	 -30.52		
  5.72   	   0.00		 59.61   	 -25.43		
  5.72   	   5.09		 59.51   	 -20.35		
  5.74   	   5.09		 59.43   	 -25.43		
  5.76   	   5.09		 59.33   	 -25.43		
  5.78   	  10.17		 59.23   	 -20.35		
  5.82   	  10.17		 59.15   	 -25.43		
  5.86   	  10.17		 59.04   	 -20.35		
  5.90   	  10.17		 58.96   	 -25.43		
  5.94   	  15.26		 58.86   	 -25.43		
  6.00   	   5.09		 58.76   	 -25.43		
  6.02   	   0.00		 58.66   	 -20.35		
  6.02   	   0.00		 58.58   	 -25.43		
  6.02   	  -5.09		 58.47   	 -25.43		
  6.00   	 -10.17		 58.37   	 -25.43		
  5.96   	 -10.17		 58.27   	 -25.43		
  5.92   	 -20.35		 58.17   	 -25.43		
  5.84   	 -15.26		 58.07   	 -25.43		
  5.78   	 -20.35		 57.97   	 -25.43		
  5.70   	 -25.43		 57.86   	 -25.43		
  5.60   	 -20.35		 57.76   	 -20.35		
  5.51   	 -15.26		 57.68   	 -20.35		
  5.45   	 -15.26		 57.60   	 -25.43		
  5.39   	 -10.17		 57.50   	 -20.35		
  5.35   	  -5.09		 57.42   	 -20.35		
  5.33   	   5.09		 57.33   	 -20.35		
  5.35   	   5.09		 57.25   	 -20.35		
  5.37   	  10.17		 57.17   	 -20.35		
  5.41   	  10.17		 57.09   	 -20.35		
  5.45   	  20.35		 57.01   	 -20.35		
  5.53   	  20.35		 56.93   	 -20.35		
  5.62   	  15.26		 56.85   	 -20.35		
  5.68   	  15.26		 56.76   	 -20.35		
  5.74   	  15.26		 56.68   	 -25.43		
  5.80   	  15.26		 56.58   	 -20.35		
  5.86   	  10.17		 56.50   	 -20.35		
  5.90   	   5.09		 56.42   	 -20.35		
  5.92   	   5.09		 56.34   	 -20.35		
  5.94   	   0.00		 56.26   	 -20.35		
  5.94   	   0.00		 56.17   	 -20.35		
  5.94   	 -10.17		 56.09   	 -20.35		
  5.90   	 -10.17		 56.01   	 -25.43		
  5.86   	 -10.17		 55.91   	 -15.26		
  5.82   	 -15.26		 55.85   	 -20.35		
  5.76   	 -15.26		 55.77   	 -20.35		
  5.70   	 -15.26		 55.69   	 -20.35		
  5.64   	 -10.17		 55.61   	 -20.35		
  5.60   	 -10.17		 55.52   	 -20.35		
  5.55   	 -10.17		 55.44   	 -20.35		
  5.51   	  -5.09		 55.36   	 -25.43		
  5.49   	   0.00		 55.26   	 -20.35		
  5.49   	   5.09		 55.18   	 -20.35		
  5.51   	   5.09		 55.10   	 -15.26		
  5.53   	  15.26		 55.04   	 -20.35		
  5.60   	  10.17		 54.95   	 -20.35		
  5.64   	  15.26		 54.87   	 -20.35		
  5.70   	  15.26		 54.79   	 -20.35		
  5.76   	  15.26		 54.71   	 -15.26		
  5.82   	  15.26		 54.65   	 -20.35		
  5.88   	  10.17		 54.57   	 -15.26		
  5.92   	   5.09		 54.51   	 -15.26		
  5.94   	   5.09		 54.45   	 -15.26		
  5.96   	   5.09		 54.38   	 -20.35		
  5.98   	   0.00		 54.30   	 -15.26		
  5.98   	  -5.09		 54.24   	 -20.35		
  5.96   	 -10.17		 54.16   	 -20.35		
  5.92   	  -5.09		 54.08   	 -20.35		
  5.90   	 -10.17		 54.00   	 -20.35		
  5.86   	  -5.09		 53.92   	 -20.35		
  5.84   	 -10.17		 53.83   	 -20.35		
  5.80   	  -5.09		 53.75   	 -20.35		
  5.78   	 -10.17		 53.67   	 -20.35		
  5.74   	  -5.09		 53.59   	 -20.35		
  5.72   	   0.00		 53.51   	 -15.26		
  5.72   	   0.00		 53.45   	 -20.35		
  5.72   	   0.00		 53.37   	 -15.26		
  5.72   	   0.00		 53.31   	 -15.26		
  5.72   	   5.09		 53.24   	 -15.26		
  5.74   	  -5.09		 53.18   	 -15.26		
  5.72   	  -5.09		 53.12   	 -20.35		
  5.70   	  -5.09		 53.04   	 -15.26		
  5.68   	 -10.17		 52.98   	 -20.35		
  5.64   	 -10.17		 52.90   	 -20.35		
  5.60   	 -10.17		 52.82   	 -20.35		
  5.55   	  -5.09		 52.74   	 -20.35		
  5.53   	  -5.09		 52.65   	 -20.35		
  5.51   	   0.00		 52.57   	 -20.35		
  5.51   	   5.09		 52.49   	 -15.26		
  5.53   	  20.35		 52.43   	 -20.35		
  5.62   	  30.52		 52.35   	 -20.35		
  5.74   	  40.69		 52.27   	 -20.35		
  5.90   	  50.86		 52.19   	 -15.26		
  6.10   	  61.04		 52.13   	 -20.35		
  6.35   	  71.21		 52.04   	 -15.26		
  6.63   	  71.21		 51.98   	 -15.26		
  6.92   	  66.12		 51.92   	 -15.26		
  7.18   	  61.04		 51.86   	 -15.26		
  7.43   	  50.86		 51.80   	 -15.26		
  7.63   	  35.61		 51.74   	 -15.26		
  7.77   	  25.43		 51.68   	 -20.35		
  7.87   	  15.26		 51.60   	 -15.26		
  7.93   	  -5.09		 51.54   	 -15.26		
  7.91   	 -10.17		 51.47   	 -20.35		
  7.87   	 -15.26		 51.39   	 -20.35		
  7.81   	 -30.52		 51.31   	 -20.35		
  7.69   	 -25.43		 51.23   	 -20.35		
  7.59   	 -20.35		 51.15   	 -20.35		
  7.51   	 -15.26		 51.07   	 -25.43		
  7.45   	 -10.17		 50.97   	 -20.35		
  7.41(E)	   5.09		 50.88   	 -20.35		
  7.43   	   5.09		 50.80   	 -20.35		
  7.45   	  20.35		 50.72   	 -20.35		
  7.53   	  30.52		 50.64   	 -20.35		
  7.65   	  35.61		 50.56   	 -20.35		
  7.79   	  40.69		 50.48   	 -25.43		
  7.96   	  45.78		 50.38   	 -20.35		
  8.14   	  50.86		 50.29   	 -25.43		
  8.34   	  66.12		 50.19   	 -20.35		
  8.61   	 111.90		 50.11   	 -20.35		
  9.05   	 162.77		 50.03   	 -20.35		
  9.70   	 193.29		 49.95   	 -15.26		
 10.48   	 228.89		 49.89   	 -15.26		
 11.39   	 274.67		 49.83   	 -15.26		
 12.49   	 300.10		 49.77   	 -10.17		
 13.69   	 300.10		 49.73   	 -10.17		
 14.89   	 295.01		 49.68   	 -15.26		
 16.07   	 295.01		 49.62   	 -15.26		
 17.25   	 295.01		 49.56   	 -10.17		
 18.43   	 289.93		 49.52   	 -15.26		
 19.59   	 340.79		 49.46   	 -20.35		
 20.96   	 335.71		 49.38   	 -15.26		
 22.30   	 325.53		 49.32   	 -20.35		
 23.60   	 305.19		 49.24   	 -15.26		
 24.82   	 300.10		 49.18   	 -15.26		
 26.02   	 289.93		 49.11   	 -15.26		
 27.18   	 284.84		 49.05   	 -15.26		
 28.32   	 289.93		 48.99   	 -10.17		
 29.48   	 279.75		 48.95   	 -10.17		
 30.60   	 274.67		 48.91   	 -10.17		
 31.70   	 259.41		 48.87   	 -10.17		
 32.74   	 233.98		 48.83   	 -10.17		
 33.67   	 213.63		 48.79   	 -10.17		
 34.53   	 183.11		 48.75   	 -15.26		
 35.26   	 162.77		 48.69   	 -10.17		
 35.91   	 142.42		 48.65   	 -10.17		
 36.48   	 111.90		 48.61   	 -15.26		
 36.93   	  96.64		 48.55   	 -10.17		
 37.31   	  81.38		 48.50   	 -15.26		
 37.64   	  61.04		 48.44   	 -15.26		
 37.88   	  50.86		 48.38   	 -20.35		
 38.09   	  50.86		 48.30   	 -25.43		
 38.29   	  45.78		 48.20   	 -25.43		
 38.47   	  50.86		 48.10   	 -25.43		
 38.68   	  55.95		 48.00   	 -30.52		
 38.90   	  86.47		 47.87   	 -40.69		
 39.25   	  91.56		 47.71   	 -35.61		
 39.61   	 101.73		 47.57   	 -35.61		
 40.02   	 111.90		 47.43   	 -30.52		
 40.47   	 116.99		 47.30   	 -20.35		
 40.94   	 122.07		 47.22   	 -20.35		
 41.42   	 122.07		 47.14   	  -5.09		
 41.91   	 122.07		 47.12(D)	  10.17		
 42.40   	 116.99		 47.16   	  30.52		
 42.87   	 111.90		 47.28   	  66.12		
 43.32   	 106.82		 47.55   	 111.90		
 43.74   	  91.56		 48.00   	 178.03		
 44.11   	  81.38		 48.71   	 254.32		
 44.44   	  81.38		 49.73   	 340.79		
 44.76   	  81.38		 51.09   	 412.00		
 45.09   	  86.47		 52.74   	 473.04		
 45.43   	  91.56		 54.63   	 518.82		
 45.80   	 101.73		 56.70   	 539.16		
 46.21   	 116.99		 58.86   	 528.99		
 46.67   	 132.25		 60.98   	 503.56		
 47.20   	 142.42		 62.99   	 447.61		
 47.77   	 147.51		 64.78   	 391.66		
 48.36   	 157.68		 66.35   	 310.27		
 48.99   	 152.59		 67.59   	 244.15		
 49.60   	 147.51		 68.57   	 172.94		
 50.19   	 142.42		 69.26   	  91.56		
 50.76   	 132.25		 69.62   	  71.21		
 51.29   	 106.82		 69.91   	  66.12		
 51.72   	 101.73		 70.17   	  76.30		
 52.13   	  76.30		 70.48   	 106.82		
 52.43   	  66.12		 70.91   	 142.42		
 52.70   	  55.95		 71.47   	 178.03		
 52.92   	  35.61		 72.19   	 223.80		
 53.06   	  30.52		 73.08   	 259.41		
 53.18   	  30.52		 74.12   	 284.84		
 53.31   	  30.52		 75.26   	 305.19		
 53.43   	  35.61		 76.48   	 315.36		
 53.57   	  35.61		 77.74   	 310.27		
 53.71   	  35.61		 78.98   	 305.19		
 53.86   	  35.61		 80.20   	 279.75		
 54.00   	  30.52		 81.32   	 264.50		
 54.12   	  35.61		 82.38   	 244.15		
 54.26   	  25.43		 83.36   	 218.72		
 54.36   	  20.35		 84.23   	 198.37		
 54.45   	  15.26		 85.03   	 183.11		
 54.51   	   5.09		 85.76   	 167.85		
 54.53(S)	  -5.09		 86.43   	 157.68		
 54.51   	  -5.09		 87.06   	 147.51		
 54.49   	 -10.17		 87.65   	 132.25		
 54.45   	 -15.26		 88.18   	 132.25		
 54.38   	 -20.35		 88.71   	 116.99		
 54.30   	 -20.35		 89.18   	 106.82		
 54.22   	 -25.43		 89.60   	  91.56		
 54.12   	 -35.61		 89.97   	  76.30		
 53.98   	 -40.69		 90.27   	  61.04		
 53.81   	 -61.04		 90.52   	  40.69		
 53.57   	 -76.30		 90.68   	  20.35		
 53.27   	-106.82		 90.76   	   5.09		
 52.84   	-132.25		 90.78(S)	 -20.35		
 52.31   	-172.94		 90.70   	 -40.69		
 51.62   	-208.54		 90.54   	 -55.95		
 50.78   	-259.41		 90.32   	 -76.30		
 49.75   	-305.19		 90.01   	 -81.38		
 48.52   	-335.71		 89.68   	 -86.47		
 47.18   	-401.83		 89.34   	 -96.64		
 45.57   	-457.78		 88.95   	 -91.56		
 43.74   	-498.47		 88.59   	 -86.47		
 41.75   	-534.08		 88.24   	 -86.47		
 39.61   	-569.68		 87.89   	 -71.21		
 37.33   	-564.60		 87.61   	 -71.21		
 35.08   	-569.68		 87.32   	 -66.12		
 32.80   	-554.42		 87.06   	 -66.12		
 30.58   	-534.08		 86.80   	 -66.12		
 28.44   	-498.47		 86.53   	 -66.12		
 26.45   	-478.13		 86.27   	 -71.21		
 24.54   	-442.52		 85.98   	 -81.38		
 22.77   	-417.09		 85.66   	 -86.47		
 21.10   	-391.66		 85.31   	-101.73		
 19.53   	-361.14		 84.90   	-106.82		
 18.09   	-335.71		 84.48   	-116.99		
 16.74   	-315.36		 84.01   	-127.16		
 15.48   	-289.93		 83.50   	-132.25		
 14.32   	-269.58		 82.97   	-137.33		
 13.25   	-244.15		 82.42   	-137.33		
 12.27   	-228.89		 81.87   	-142.42		
 11.35   	-208.54		 81.30   	-137.33		
 10.52   	-188.20		 80.75   	-142.42		
  9.77   	-178.03		 80.18   	-142.42		
  9.05   	-162.77		 79.61   	-142.42		
  8.40   	-152.59		 79.04   	-142.42		
  7.79   	-152.59		 78.47   	-152.59		
  7.18   	-137.33		 77.86   	-147.51		
  6.63   	-137.33		 77.27   	-147.51		
  6.08   	-127.16		 76.68   	-147.51		
  5.57   	-116.99		 76.09   	-142.42		
  5.11   	-111.90		 75.52   	-137.33		
  4.66   	-101.73		 74.97   	-122.07		
  4.25   	 -91.56		 74.49   	-111.90		
  3.89   	 -81.38		 74.04   	-101.73		
  3.56   	 -71.21		 73.63   	 -96.64		
  3.28   	 -61.04		 73.24   	 -81.38		
  3.03   	 -50.86		 72.92   	 -76.30		
  2.83   	 -50.86		 72.61   	 -76.30		
  2.62   	 -40.69		 72.31   	 -76.30		
  2.46   	 -35.61		 72.00   	 -71.21		
  2.32   	 -25.43		 71.72   	 -76.30		
  2.22   	 -25.43		 71.41   	 -81.38		
  2.12   	 -20.35		 71.09   	 -81.38		
  2.03   	 -10.17		 70.76   	 -86.47		
  1.99(D)	   0.00		 70.42   	 -86.47		
  1.99   	   5.09		 70.07   	 -86.47		
  2.01   	  15.26		 69.73   	 -86.47		
  2.08   	  25.43		 69.38   	 -86.47		
  2.18   	  35.61		 69.03   	 -81.38		
  2.32   	  45.78		 68.71   	 -76.30		
  2.50   	  55.95		 68.40   	 -71.21		
  2.73   	  61.04		 68.12   	 -71.21		
  2.97   	  66.12		 67.83   	 -66.12		
  3.23   	  61.04		 67.57   	 -55.95		
  3.48   	  61.04		 67.34   	 -61.04		
  3.72   	  61.04		 67.10   	 -50.86		
  3.97   	  50.86		 66.90   	 -50.86		
  4.17   	  40.69		 66.69   	 -45.78		
  4.33   	  35.61		 66.51   	 -45.78		
  4.48   	  25.43		 66.33   	 -45.78		
  4.58   	  25.43		 66.14   	 -40.69		
  4.68   	  10.17		 65.98   	 -40.69		
  4.72   	  10.17		 65.82   	 -40.69		
  4.76   	   0.00		 65.66   	 -35.61		
  4.76   	   0.00		 65.51   	 -40.69		
  4.76   	  -5.09		 65.35   	 -35.61		
  4.74   	  -5.09		 65.21   	 -35.61		
  4.72   	   0.00		 65.07   	 -35.61		
  4.72   	   0.00		 64.92   	 -35.61		
  4.72   	   5.09		 64.78   	 -30.52		
  4.74   	   5.09		 64.66   	 -30.52		
  4.76   	  15.26		 64.54   	 -30.52		
  4.82   	  15.26		 64.41   	 -25.43		
  4.88   	  20.35		 64.31   	 -25.43		
  4.96   	  25.43		 64.21   	 -25.43		
  5.07   	  25.43		 64.11   	 -25.43		
  5.17   	  30.52		 64.01   	 -25.43		
  5.29   	  30.52		 63.91   	 -30.52		
  5.41   	  30.52		 63.78   	 -25.43		
  5.53   	  25.43		 63.68   	 -25.43		
  5.64   	  25.43		 63.58   	 -30.52		
  5.74   	  25.43		 63.46   	 -30.52		
  5.84   	  25.43		 63.34   	 -25.43		
  5.94   	  25.43		 63.23   	 -25.43		
  6.04   	  15.26		 63.13   	 -30.52		
  6.10   	  15.26		 63.01   	 -25.43		
  6.16   	  15.26		 62.91   	 -25.43		
  6.23   	  15.26		 62.81   	 -25.43		
  6.29   	   5.09		 62.71   	 -25.43		
  6.31   	  10.17		 62.60   	 -20.35		
  6.35   	   0.00		 62.52   	 -25.43		
  6.35   	   5.09		 62.42   	 -25.43		
  6.37   	   0.00		 62.32   	 -25.43		
  6.37   	   0.00		 62.22   	 -25.43		
  6.37   	   0.00		 62.12   	 -25.43		
  6.37   	  -5.09		 62.01   	 -30.52		
  6.35   	   0.00		 61.89   	 -25.43		
  6.35   	   0.00		 61.79   	 -25.43		
  6.35   	   0.00		 61.69   	 -25.43		
  6.35   	   5.09		 61.59   	 -25.43		
  6.37   	  10.17		 61.49   	 -25.43		
  6.41   	  10.17		 61.38   	 -20.35		
  6.45   	   5.09		 61.30   	 -20.35		
  6.47   	  10.17		 61.22   	 -25.43		
  6.51   	  10.17		 61.12   	 -25.43		
  6.55   	   5.09		 61.02   	 -20.35		
  6.57   	   5.09		 60.94   	 -25.43		
  6.59   	   5.09		 60.83   	 -30.52		
  6.61   	   0.00		 60.71   	 -25.43		
  6.61   	   0.00		 60.61   	 -25.43		
  6.61   	   0.00		 60.51   	 -25.43		
  6.61   	   0.00		 60.41   	 -25.43		
  6.61   	  -5.09		 60.30   	 -25.43		
  6.59   	 -10.17		 60.20   	 -25.43		
  6.55   	  -5.09		 60.10   	 -25.43		
  6.53   	  -5.09		 60.00   	 -25.43		
  6.51   	  -5.09		 59.90   	 -25.43		
  6.49   	   0.00		 59.80   	 -25.43		
  6.49   	   0.00		 59.69   	 -20.35		
  6.49   	   0.00		 59.61   	 -25.43		
  6.49   	   5.09		 59.51   	 -25.43		
  6.51   	   0.00		 59.41   	 -25.43		
  6.51   	   0.00		 59.31   	 -20.35		
  6.51   	   0.00		 59.23   	 -25.43		
  6.51   	   0.00		 59.12   	 -25.43		
  6.51   	  -5.09		 59.02   	 -20.35		
  6.49   	  -5.09		 58.94   	 -25.43		
  6.47   	  -5.09		 58.84   	 -20.35		
  6.45   	  -5.09		 58.76   	 -25.43		
  6.43   	 -10.17		 58.66   	 -25.43		
  6.39   	  -5.09		 58.56   	 -25.43		
  6.37   	 -10.17		 58.45   	 -25.43		
  6.33   	 -10.17		 58.35   	 -20.35		
  6.29   	  -5.09		 58.27   	 -25.43		
  6.27   	 -10.17		 58.17   	 -25.43		
  6.23   	  -5.09		 58.07   	 -20.35		
  6.21   	  -5.09		 57.99   	 -20.35		
  6.19   	   0.00		 57.90   	 -20.35		
  6.19   	   0.00		 57.82   	 -20.35		
  6.19   	   0.00		 57.74   	 -25.43		
  6.19   	   5.09		 57.64   	 -20.35		
  6.21   	   5.09		 57.56   	 -20.35		
  6.23   	   5.09		 57.48   	 -20.35		
  6.25   	  10.17		 57.40   	 -20.35		
  6.29   	   5.09		 57.31   	 -20.35		
  6.31   	   5.09		 57.23   	 -25.43		
  6.33   	   5.09		 57.13   	 -20.35		
  6.35   	   5.09		 57.05   	 -25.43		
  6.37   	   0.00		 56.95   	 -20.35		
  6.37   	   5.09		 56.87   	 -20.35		
  6.39   	   0.00		 56.79   	 -20.35		
  6.39   	   0.00		 56.70   	 -20.35		
  6.39   	   0.00		 56.62   	 -20.35		
  6.39   	   0.00		 56.54   	 -20.35		
  6.39   	   0.00		 56.46   	 -20.35		
  6.39   	   0.00		 56.38   	 -20.35		
  6.39   	  -5.09		 56.30   	 -20.35		
  6.37   	 -10.17		 56.22   	 -20.35		
  6.33   	  -5.09		 56.13   	 -20.35		
  6.31   	  -5.09		 56.05   	 -20.35		
  6.29   	  -5.09		 55.97   	 -25.43		
  6.27   	  -5.09		 55.87   	 -20.35		
  6.25   	  -5.09		 55.79   	 -20.35		
  6.23   	  -5.09		 55.71   	 -20.35		
  6.21   	   0.00		 55.63   	 -15.26		
  6.21   	  -5.09		 55.56   	 -20.35		
  6.19   	   0.00		 55.48   	 -15.26		
  6.19   	   0.00		 55.42   	 -20.35		
  6.19   	   0.00		 55.34   	 -15.26		
  6.19   	   5.09		 55.28   	 -20.35		
  6.21   	   5.09		 55.20   	 -15.26		
  6.23   	   0.00		 55.14   	 -20.35		
  6.23   	   5.09		 55.06   	 -15.26		
  6.25   	   5.09		 54.99   	 -20.35		
  6.27   	   5.09		 54.91   	 -20.35		
  6.29   	   0.00		 54.83   	 -15.26		
  6.29   	   0.00		 54.77   	 -20.35		
  6.29   	   0.00		 54.69   	 -15.26		
  6.29   	  -5.09		 54.63   	 -20.35		
  6.27   	   0.00		 54.55   	 -15.26		
  6.27   	  -5.09		 54.49   	 -20.35		
  6.25   	   0.00		 54.40   	 -15.26		
  6.25   	  -5.09		 54.34   	 -20.35		
  6.23   	   0.00		 54.26   	 -20.35		
  6.23   	   5.09		 54.18   	 -20.35		
  6.25   	   0.00		 54.10   	 -20.35		
  6.25   	   5.09		 54.02   	 -20.35		
  6.27   	   5.09		 53.94   	 -20.35		
  6.29   	   0.00		 53.86   	 -20.35		
  6.29   	   5.09		 53.77   	 -15.26		
  6.31   	  10.17		 53.71   	 -20.35		
  6.35   	   5.09		 53.63   	 -15.26		
  6.37   	   5.09		 53.57   	 -10.17		
  6.39   	   5.09		 53.53   	 -20.35		
  6.41   	   0.00		 53.45   	 -15.26		
  6.41   	   0.00		 53.39   	 -15.26		
  6.41   	   0.00		 53.33   	 -15.26		
  6.41   	  -5.09		 53.27   	 -20.35		
  6.39   	 -10.17		 53.18   	 -20.35		
  6.35   	 -10.17		 53.10   	 -20.35		
  6.31   	 -10.17		 53.02   	 -20.35		
  6.27   	 -10.17		 52.94   	 -25.43		
  6.23   	 -10.17		 52.84   	 -20.35		
  6.19   	 -10.17		 52.76   	 -20.35		
  6.14   	 -10.17		 52.68   	 -20.35		
  6.10   	  -5.09		 52.59   	 -15.26		
  6.08   	 -10.17		 52.53   	 -20.35		
  6.04   	  -5.09		 52.45   	 -15.26		
  6.02   	  -5.09		 52.39   	 -20.35		
  6.00   	   0.00		 52.31   	 -15.26		
  6.00   	   0.00		 52.25   	 -20.35		
  6.00   	   0.00		 52.17   	 -20.35		
  6.00   	   0.00		 52.09   	 -15.26		
  6.00   	   0.00		 52.02   	 -20.35		
  6.00   	   0.00		 51.94   	 -20.35		
  6.00   	   0.00		 51.86   	 -20.35		
  6.00   	   0.00		 51.78   	 -15.26		
  6.00   	   5.09		 51.72   	 -20.35		
  6.02   	   5.09		 51.64   	 -15.26		
  6.04   	  10.17		 51.58   	 -20.35		
  6.08   	  20.35		 51.50   	 -15.26		
  6.16   	  30.52		 51.43   	 -20.35		
  6.29   	  30.52		 51.35   	 -15.26		
  6.41   	  45.78		 51.29   	 -15.26		
  6.59   	  50.86		 51.23   	 -15.26		
  6.80   	  55.95		 51.17   	 -20.35		
  7.02   	  61.04		 51.09   	 -15.26		
  7.26   	  55.95		 51.03   	 -20.35		
  7.49   	  45.78		 50.95   	 -20.35		
  7.67   	  40.69		 50.86   	 -15.26		
  7.83   	  30.52		 50.80   	 -20.35		
  7.96   	  15.26		 50.72   	 -20.35		
  8.02   	   5.09		 50.64   	 -15.26		
  8.04   	   0.00		 50.58   	 -20.35		
  8.04   	  -5.09		 50.50   	 -15.26		
  8.02   	  -5.09		 50.44   	 -15.26		
  8.00   	 -10.17		 50.38   	 -20.35		
  7.96   	 -10.17		 50.29   	 -20.35		
  7.91   	   0.00		 50.21   	 -20.35		
  7.91(E)	  -5.09		 50.13   	 -20.35		
  7.89   	   5.09		 50.05   	 -20.35		
  7.91   	  10.17		 49.97   	 -15.26		
  7.96   	  10.17		 49.91   	 -20.35		
  8.00   	  20.35		 49.83   	 -20.35		
  8.08   	  20.35		 49.75   	 -20.35		
  8.16   	  25.43		 49.66   	 -20.35		
  8.26   	  30.52		 49.58   	 -20.35		
  8.38   	  35.61		 49.50   	 -20.35		
  8.52   	  45.78		 49.42   	 -25.43		
  8.71   	  76.30		 49.32   	 -20.35		
  9.01   	 116.99		 49.24   	 -25.43		
  9.48   	 152.59		 49.14   	 -20.35		
 10.09   	 178.03		 49.05   	 -15.26		
 10.80   	 213.63		 48.99   	 -20.35		
 11.66   	 254.32		 48.91   	 -15.26		
 12.68   	 279.75		 48.85   	 -10.17		
 13.79   	 289.93		 48.81   	 -15.26		
 14.95   	 289.93		 48.75   	 -10.17		
 16.11   	 284.84		 48.71   	 -10.17		
 17.25   	 295.01		 48.67   	 -10.17		
 18.43   	 284.84		 48.63   	 -10.17		
 19.57   	 320.45		 48.59   	 -15.26		
 20.85   	 320.45		 48.52   	 -15.26		
 22.14   	 325.53		 48.46   	 -15.26		
 23.44   	 340.79		 48.40   	 -20.35		
 24.80   	 356.05		 48.32   	 -15.26		
 26.23   	 350.97		 48.26   	 -15.26		
 27.63   	 340.79		 48.20   	 -15.26		
 28.99   	 325.53		 48.14   	 -15.26		
 30.29   	 295.01		 48.08   	 -15.26		
 31.47   	 264.50		 48.02   	 -10.17		
 32.53   	 233.98		 47.98   	 -10.17		
 33.47   	 208.54		 47.93   	 -10.17		
 34.30   	 167.85		 47.89   	  -5.09		
 34.97   	 137.33		 47.87   	 -10.17		
 35.52   	 111.90		 47.83   	 -10.17		
 35.97   	  81.38		 47.79   	 -10.17		
 36.30   	  61.04		 47.75   	 -10.17		
 36.54   	  50.86		 47.71   	 -10.17		
 36.74   	  40.69		 47.67   	 -10.17		
 36.91   	  40.69		 47.63   	 -15.26		
 37.07   	  45.78		 47.57   	 -20.35		
 37.25   	  50.86		 47.49   	 -15.26		
 37.46   	  61.04		 47.43   	 -20.35		
 37.70   	  81.38		 47.34   	 -25.43		
 38.03   	  86.47		 47.24   	 -30.52		
 38.37   	 122.07		 47.12   	 -30.52		
 38.86   	 116.99		 47.00   	 -35.61		
 39.33   	 127.16		 46.86   	 -35.61		
 39.84   	 116.99		 46.71   	 -30.52		
 40.31   	 122.07		 46.59   	 -30.52		
 40.79   	 116.99		 46.47   	 -25.43		
 41.26   	 116.99		 46.37   	 -15.26		
 41.73   	 111.90		 46.31   	 -15.26		
 42.18   	 116.99		 46.25(D)	   0.00		
 42.64   	 106.82		 46.25   	  15.26		
 43.07   	 111.90		 46.31   	  35.61		
 43.52   	 101.73		 46.45   	  66.12		
 43.93   	 101.73		 46.71   	 116.99		
 44.33   	 101.73		 47.18   	 178.03		
 44.74   	  96.64		 47.89   	 254.32		
 45.13   	 101.73		 48.91   	 330.62		
 45.53   	 101.73		 50.23   	 396.74		
 45.94   	 116.99		 51.82   	 457.78		
 46.41   	 122.07		 53.65   	 498.47		
 46.90   	 132.25		 55.65   	 508.65		
 47.43   	 142.42		 57.68   	 503.56		
 48.00   	 152.59		 59.69   	 473.04		
 48.61   	 162.77		 61.59   	 422.18		
 49.26   	 167.85		 63.28   	 366.22		
 49.93   	 162.77		 64.74   	 295.01		
 50.58   	 152.59		 65.92   	 193.29		
 51.19   	 142.42		 66.69   	 137.33		
 51.76   	 122.07		 67.24   	 101.73		
 52.25   	 101.73		 67.65   	  76.30		
 52.65   	  86.47		 67.95   	  71.21		
 53.00   	  71.21		 68.24   	  76.30		
 53.29   	  55.95		 68.55   	 106.82		
 53.51   	  45.78		 68.97   	 132.25		
 53.69   	  35.61		 69.50   	 167.85		
 53.83   	  25.43		 70.17   	 208.54		
 53.94   	  20.35		 71.01   	 239.06		
 54.02   	  15.26		 71.96   	 264.50		
 54.08   	  15.26		 73.02   	 279.75		
 54.14   	  20.35		 74.14   	 289.93		
 54.22   	  25.43		 75.30   	 284.84		
 54.32   	  30.52		 76.44   	 274.67		
 54.45   	  25.43		 77.54   	 264.50		
 54.55   	  25.43		 78.60   	 239.06		
 54.65   	  20.35		 79.55   	 223.80		
 54.73   	  15.26		 80.45   	 203.46		
 54.79   	  10.17		 81.26   	 188.20		
 54.83   	  10.17		 82.01   	 172.94		
 54.87   	   5.09		 82.71   	 157.68		
 54.89(S)	   0.00		 83.34   	 147.51		
 54.89   	   0.00		 83.93   	 142.42		
 54.89   	  -5.09		 84.50   	 137.33		
 54.87   	   0.00		 85.05   	 127.16		
 54.87   	 -10.17		 85.55   	 122.07		
 54.83   	 -10.17		 86.04   	 106.82		
 54.79   	 -15.26		 86.47   	  96.64		
 54.73   	 -30.52		 86.86   	  81.38		
 54.61   	 -40.69		 87.18   	  66.12		
 54.45   	 -66.12		 87.45   	  45.78		
 54.18   	 -86.47		 87.63   	  20.35		
 53.83   	-122.07		 87.71   	   5.09		
 53.35   	-157.68		 87.73(S)	 -15.26		
 52.72   	-208.54		 87.67   	 -35.61		
 51.88   	-244.15		 87.53   	 -50.86		
 50.91   	-274.67		 87.32   	 -66.12		
 49.81   	-320.45		 87.06   	 -81.38		
 48.52   	-391.66		 86.73   	 -81.38		
 46.96   	-432.35		 86.41   	 -91.56		
 45.23   	-457.78		 86.04   	 -86.47		
 43.40   	-493.39		 85.70   	 -91.56		
 41.42   	-534.08		 85.33   	 -86.47		
 39.29   	-544.25		 84.98   	 -81.38		
 37.11   	-539.16		 84.66   	 -81.38		
 34.95   	-534.08		 84.33   	 -76.30		
 32.82   	-518.82		 84.03   	 -76.30		
 30.74   	-498.47		 83.72   	 -76.30		
 28.75   	-483.21		 83.42   	 -76.30		
 26.82   	-457.78		 83.11   	 -81.38		
 24.98   	-442.52		 82.79   	 -86.47		
 23.21   	-417.09		 82.44   	 -91.56		
 21.55   	-391.66		 82.07   	-101.73		
 19.98   	-366.22		 81.67   	-106.82		
 18.51   	-350.97		 81.24   	-116.99		
 17.11   	-325.53		 80.77   	-122.07		
 15.81   	-310.27		 80.28   	-127.16		
 14.57   	-289.93		 79.78   	-132.25		
 13.41   	-269.58		 79.25   	-142.42		
 12.33   	-254.32		 78.68   	-137.33		
 11.31   	-233.98		 78.13   	-147.51		
 10.38   	-213.63		 77.54   	-147.51		
  9.52   	-203.46		 76.95   	-152.59		
  8.71   	-188.20		 76.34   	-152.59		
  7.96   	-167.85		 75.73   	-152.59		
  7.28   	-157.68		 75.12   	-157.68		
  6.65   	-147.51		 74.49   	-157.68		
  6.06   	-127.16		 73.86   	-147.51		
  5.55   	-116.99		 73.27   	-147.51		
  5.09   	-106.82		 72.68   	-132.25		
  4.66   	 -91.56		 72.15   	-122.07		
  4.29   	 -86.47		 71.66   	-106.82		
  3.95   	 -86.47		 71.23   	 -96.64		
  3.60   	 -76.30		 70.84   	 -81.38		
  3.30   	 -76.30		 70.52   	 -76.30		
  2.99   	 -71.21		 70.21   	 -71.21		
  2.71   	 -71.21		 69.93   	 -66.12		
  2.42   	 -71.21		 69.66   	 -66.12		
  2.14   	 -71.21		 69.40   	 -71.21		
  1.85   	 -66.12		 69.11   	 -76.30		
  1.59   	 -61.04		 68.81   	 -81.38		
  1.34   	 -50.86		 68.48   	 -86.47		
  1.14   	 -45.78		 68.14   	 -86.47		
  0.96   	 -30.52		 67.79   	 -96.64		
  0.83   	 -20.35		 67.41   	 -91.56		
  0.75   	 -10.17		 67.04   	 -91.56		
  0.71(D)	   5.09		 66.67   	 -86.47		
  0.73   	  15.26		 66.33   	 -86.47		
  0.79   	  25.43		 65.98   	 -81.38		
  0.90   	  35.61		 65.66   	 -76.30		
  1.04   	  45.78		 65.35   	 -71.21		
  1.22   	  55.95		 65.07   	 -66.12		
  1.44   	  61.04		 64.80   	 -61.04		
  1.69   	  61.04		 64.56   	 -55.95		
  1.93   	  66.12		 64.33   	 -50.86		
  2.20   	  61.04		 64.13   	 -50.86		
  2.44   	  50.86		 63.93   	 -45.78		
  2.64   	  40.69		 63.74   	 -45.78		
  2.81   	  30.52		 63.56   	 -45.78		
  2.93   	  20.35		 63.38   	 -40.69		
  3.01   	   5.09		 63.21   	 -40.69		
  3.03   	 -10.17		 63.05   	 -40.69		
  2.99   	 -30.52		 62.89   	 -40.69		
  2.87   	 -35.61		 62.73   	 -40.69		
  2.73   	 -45.78		 62.56   	 -35.61		
  2.54   	 -45.78		 62.42   	 -35.61		
  2.36   	 -45.78		 62.28   	 -35.61		
  2.18   	 -40.69		 62.14   	 -35.61		
  2.01   	 -25.43		 61.99   	 -30.52		
  1.91   	 -10.17		 61.87   	 -35.61		
  1.87   	   0.00		 61.73   	 -30.52		
  1.87   	  20.35		 61.61   	 -30.52		
  1.95   	  35.61		 61.49   	 -25.43		
  2.10   	  50.86		 61.38   	 -30.52		
  2.30   	  55.95		 61.26   	 -30.52		
  2.52   	  66.12		 61.14   	 -25.43		
  2.79   	  66.12		 61.04   	 -30.52		
  3.05   	  71.21		 60.92   	 -30.52		
  3.34   	  66.12		 60.79   	 -25.43		
  3.60   	  61.04		 60.69   	 -30.52		
  3.85   	  50.86		 60.57   	 -30.52		
  4.05   	  40.69		 60.45   	 -30.52		
  4.21   	  35.61		 60.33   	 -25.43		
  4.35   	  15.26		 60.22   	 -30.52		
  4.42   	  10.17		 60.10   	 -30.52		
  4.46   	   0.00		 59.98   	 -35.61		
  4.46   	  -5.09		 59.84   	 -30.52		
  4.44   	 -15.26		 59.71   	 -30.52		
  4.37   	 -10.17		 59.59   	 -35.61		
  4.33   	 -15.26		 59.45   	 -30.52		
  4.27   	 -10.17		 59.33   	 -30.52		
  4.23   	 -10.17		 59.21   	 -25.43		
  4.19   	   0.00		 59.10   	 -30.52		
  4.19   	  -5.09		 58.98   	 -25.43		
  4.17   	   5.09		 58.88   	 -25.43		
  4.19   	  10.17		 58.78   	 -25.43		
  4.23   	  10.17		 58.68   	 -20.35		
  4.27   	  10.17		 58.60   	 -25.43		
  4.31   	  15.26		 58.49   	 -20.35		
  4.37   	  15.26		 58.41   	 -25.43		
  4.44   	  10.17		 58.31   	 -25.43		
  4.48   	  10.17		 58.21   	 -20.35		
  4.52   	  10.17		 58.13   	 -30.52		
  4.56   	   5.09		 58.01   	 -25.43		
  4.58   	   5.09		 57.90   	 -25.43		
  4.60   	   5.09		 57.80   	 -25.43		
  4.62   	   0.00		 57.70   	 -25.43		
  4.62   	   0.00		 57.60   	 -25.43		
  4.62   	  -5.09		 57.50   	 -25.43		
  4.60   	  -5.09		 57.40   	 -30.52		
  4.58   	 -10.17		 57.27   	 -25.43		
  4.54   	 -15.26		 57.17   	 -25.43		
  4.48   	 -10.17		 57.07   	 -25.43		
  4.44   	 -15.26		 56.97   	 -25.43		
  4.37   	 -10.17		 56.87   	 -30.52		
  4.33   	 -15.26		 56.74   	 -25.43		
  4.27   	 -10.17		 56.64   	 -25.43		
  4.23   	 -10.17		 56.54   	 -30.52		
  4.19   	  -5.09		 56.42   	 -25.43		
  4.17   	  -5.09		 56.32   	 -25.43		
  4.15   	  -5.09		 56.22   	 -20.35		
  4.13   	   0.00		 56.13   	 -25.43		
  4.13   	   0.00		 56.03   	 -20.35		End----------
  4.13   	   0.00		 55.95   	 -25.43		
  4.13   	   0.00		 55.85   	 -20.35		
  4.13   	   5.09		 55.77   	 -20.35		
  4.15   	   0.00		 55.69   	 -25.43		
  4.15   	   0.00		 55.58   	 -25.43		
  4.15   	   0.00		 55.48   	 -25.43		
  4.15   	   0.00		 55.38   	 -25.43		
  4.15   	   0.00		 55.28   	 -25.43		
  4.15   	   5.09		 55.18   	 -25.43		
  4.17   	   0.00		 55.08   	 -25.43		
  4.17   	   0.00		 54.97   	 -25.43		
  4.17   	   0.00		 54.87   	 -20.35		
  4.17   	   0.00		 54.79   	 -25.43		
  4.17   	  -5.09		 54.69   	 -20.35		
  4.15   	   0.00		 54.61   	 -20.35		
  4.15   	   0.00		 54.53   	 -20.35		
  4.15   	  -5.09		 54.45   	 -20.35		
  4.13   	   0.00		 54.36   	 -25.43		
  4.13   	   0.00		 54.26   	 -20.35		
  4.13   	   0.00		 54.18   	 -20.35		
  4.13   	   0.00		 54.10   	 -25.43		
  4.13   	   0.00		 54.00   	 -20.35		
  4.13   	   0.00		 53.92   	 -20.35		
  4.13   	   0.00		 53.83   	 -20.35		
  4.13   	   5.09		 53.75   	 -25.43		
  4.15   	   5.09		 53.65   	 -20.35		
  4.17   	   5.09		 53.57   	 -20.35		
  4.19   	   5.09		 53.49   	 -20.35		
  4.21   	   5.09		 53.41   	 -20.35		
  4.23   	   0.00		 53.33   	 -20.35		
  4.23   	   0.00		 53.24   	 -20.35		
  4.23   	   0.00		 53.16   	 -20.35		
  4.23   	 -10.17		 53.08   	 -25.43		
  4.19   	  -5.09		 52.98   	 -20.35		
  4.17   	 -10.17		 52.90   	 -25.43		
  4.13   	  -5.09		 52.80   	 -20.35		
  4.11   	 -15.26		 52.72   	 -25.43		
  4.05   	 -10.17		 52.61   	 -20.35		
  4.01   	  -5.09		 52.53   	 -20.35		
  3.99   	 -10.17		 52.45   	 -20.35		
  3.95   	  -5.09		 52.37   	 -15.26		
  3.93   	   0.00		 52.31   	 -20.35		
  3.93   	   0.00		 52.23   	 -20.35		
  3.93   	  10.17		 52.15   	 -15.26		
  3.97   	   5.09		 52.09   	 -15.26		
  3.99   	  10.17		 52.02   	 -20.35		
  4.03   	  15.26		 51.94   	 -20.35		
  4.09   	  10.17		 51.86   	 -15.26		
  4.13   	  10.17		 51.80   	 -20.35		
  4.17   	  10.17		 51.72   	 -20.35		
  4.21   	   5.09		 51.64   	 -20.35		
  4.23   	  -5.09		 51.56   	 -15.26		
  4.21   	  -5.09		 51.50   	 -20.35		
  4.19   	 -20.35		 51.41   	 -20.35		
  4.11   	 -25.43		 51.33   	 -20.35		
  4.01   	 -35.61		 51.25   	 -20.35		
  3.87   	 -40.69		 51.17   	 -20.35		
  3.70   	 -40.69		 51.09   	 -20.35		
  3.54   	 -40.69		 51.01   	 -15.26		
  3.38   	 -25.43		 50.95   	 -20.35		
  3.28   	 -20.35		 50.86   	 -15.26		
  3.19   	  -5.09		 50.80   	 -20.35		
  3.17   	  20.35		 50.72   	 -15.26		
  3.26   	  35.61		 50.66   	 -15.26		
  3.40   	  55.95		 50.60   	 -15.26		
  3.62   	  76.30		 50.54   	 -15.26		
  3.93   	  81.38		 50.48   	 -15.26		
  4.25   	  96.64		 50.42   	 -15.26		
  4.64   	  91.56		 50.36   	 -20.35		
  5.01   	  86.47		 50.27   	 -15.26		
  5.35   	  76.30		 50.21   	 -15.26		
  5.66   	  61.04		 50.15   	 -20.35		
  5.90   	  50.86		 50.07   	 -20.35		
  6.10   	  30.52		 49.99   	 -20.35		
  6.23   	  15.26		 49.91   	 -20.35		
  6.29   	   5.09		 49.83   	 -20.35		
  6.31   	 -10.17		 49.75   	 -20.35		
  6.27   	 -15.26		 49.66   	 -25.43		
  6.21   	 -25.43		 49.56   	 -20.35		
  6.10   	 -30.52		 49.48   	 -20.35		
  5.98   	 -25.43		 49.40   	 -25.43		
  5.88   	 -15.26		 49.30   	 -20.35		
  5.82   	 -10.17		 49.22   	 -25.43		
  5.78   	   0.00		 49.11   	 -20.35		
  5.78   	  10.17		 49.03   	 -20.35		
  5.82   	  25.43		 48.95   	 -20.35		
  5.92   	  30.52		 48.87   	 -15.26		
  6.04   	  45.78		 48.81   	 -15.26		
  6.23   	  55.95		 48.75   	 -20.35		
  6.45   	  71.21		 48.67   	 -15.26		
  6.73   	  91.56		 48.61   	 -15.26		
  7.10   	 111.90		 48.55   	 -15.26		
  7.55   	 142.42		 48.48   	 -15.26		
  8.12   	 152.59		 48.42   	 -15.26		
  8.73   	 183.11		 48.36   	 -20.35		
  9.46   	 218.72		 48.28   	 -20.35		
 10.34   	 239.06		 48.20   	 -20.35		
 11.29   	 254.32		 48.12   	 -20.35		
 12.31   	 269.58		 48.04   	 -20.35		
 13.39   	 264.50		 47.96   	 -25.43		
 14.45   	 254.32		 47.85   	 -20.35		
 15.46   	 264.50		 47.77   	 -20.35		
 16.52   	 264.50		 47.69   	 -20.35		
 17.58   	 305.19		 47.61   	 -25.43		
 18.80   	 305.19		 47.51   	 -20.35		
 20.02   	 305.19		 47.43   	 -20.35		
 21.24   	 305.19		 47.34   	 -15.26		
 22.46   	 310.27		 47.28   	 -20.35		
 23.70   	 330.62		 47.20   	 -20.35		
 25.03   	 345.88		 47.12   	 -15.26		
 26.41   	 350.97		 47.06   	 -15.26		
 27.81   	 335.71		 47.00   	 -15.26		
 29.16   	 320.45		 46.94   	 -15.26		
 30.44   	 295.01		 46.88   	 -10.17		
 31.62   	 274.67		 46.84   	 -10.17		
 32.72   	 254.32		 46.80   	 -10.17		
 33.73   	 223.80		 46.75   	  -5.09		
 34.63   	 188.20		 46.73   	 -10.17		
 35.38   	 147.51		 46.69   	  -5.09		
 35.97   	 106.82		 46.67   	 -10.17		
 36.40   	  61.04		 46.63   	 -10.17		
 36.64   	  15.26		 46.59   	 -10.17		
 36.70   	 -15.26		 46.55   	 -15.26		
 36.64   	 -35.61		 46.49   	 -15.26		
 36.50   	 -55.95		 46.43   	 -25.43		
 36.28   	 -61.04		 46.33   	 -20.35		
 36.03   	 -50.86		 46.25   	 -25.43		
 35.83   	 -40.69		 46.14   	 -30.52		
 35.67   	   0.00		 46.02   	 -30.52		
 35.67   	  30.52		 45.90   	 -35.61		
 35.79   	  55.95		 45.76   	 -30.52		
 36.01   	  81.38		 45.64   	 -30.52		
 36.34   	 106.82		 45.51   	 -30.52		
 36.76   	 122.07		 45.39   	 -30.52		
 37.25   	 142.42		 45.27   	 -25.43		
 37.82   	 157.68		 45.17   	 -20.35		
 38.45   	 162.77		 45.09   	 -20.35		
 39.10   	 172.94		 45.00   	 -10.17		
 39.80   	 172.94		 44.96   	  -5.09		
 40.49   	 172.94		 44.94   	   0.00		
 41.18   	 172.94		 44.94   	  10.17		
 41.87   	 172.94		 44.98   	  30.52		
 42.56   	 167.85		 45.11   	  50.86		
 43.23   	 157.68		 45.31   	  86.47		
 43.87   	 157.68		 45.66   	 127.16		
 44.50   	 147.51		 46.16   	 183.11		
 45.09   	 142.42		 46.90   	 239.06		
 45.66   	 132.25		 47.85   	 295.01		
 46.18   	 122.07		 49.03   	 350.97		
 46.67   	 116.99		 50.44   	 391.66		
 47.14   	 111.90		 52.00   	 417.09		
 47.59   	 106.82		 53.67   	 422.18		
 48.02   	 106.82		 55.36   	 417.09		
 48.44   	 116.99		 57.03   	 401.83		
 48.91   	 111.90		 58.64   	 350.97		
 49.36   	 101.73		 60.04   	 289.93		
 49.77   	  96.64		 61.20   	 233.98		
 50.15   	  86.47		 62.14   	 183.11		
 50.50   	  76.30		 62.87   	 137.33		
 50.80   	  61.04		 63.42   	 106.82		
 51.05   	  55.95		 63.85   	  86.47		
 51.27   	  40.69		 64.19   	  76.30		
 51.43   	  35.61		 64.50   	  81.38		
 51.58   	  20.35		 64.82   	  96.64		
 51.66   	  20.35		 65.21   	 111.90		
 51.74   	  10.17		 65.66   	 137.33		
 51.78   	  10.17		 66.21   	 162.77		
 51.82   	  10.17		 66.86   	 188.20		
 51.86   	  10.17		 67.61   	 203.46		
 51.90   	  10.17		 68.42   	 213.63		
 51.94   	  10.17		 69.28   	 213.63		
 51.98   	  10.17		 70.13   	 213.63		
 52.02   	  10.17		 70.99   	 203.46		
 52.06   	  10.17		 71.80   	 188.20		
 52.11   	  10.17		 72.55   	 172.94		
 52.15   	  10.17		 73.24   	 152.59		
 52.19   	  10.17		 73.86   	 137.33		
 52.23   	   5.09		 74.40   	 116.99		
 52.25   	  10.17		 74.87   	 106.82		
 52.29   	   0.00		 75.30   	 101.73		
 52.29   	   0.00		 75.71   	  91.56		
 52.29   	 -15.26		 76.07   	  91.56		
 52.23   	 -30.52		 76.44   	  86.47		
 52.11   	 -45.78		 76.79   	  91.56		
 51.92   	 -71.21		 77.15   	  81.38		
 51.64   	 -96.64		 77.48   	  81.38		
 51.25   	-132.25		 77.80   	  76.30		
 50.72   	-157.68		 78.11   	  71.21		
 50.09   	-183.11		 78.39   	  55.95		
 49.36   	-223.80		 78.62   	  40.69		
 48.46   	-264.50		 78.78   	  30.52		
 47.41   	-284.84		 78.90   	  15.26		
 46.27   	-289.93		 78.96   	   0.00		
 45.11   	-295.01		 78.96   	 -20.35		
 43.93   	-300.10		 78.88   	 -35.61		
 42.73   	-300.10		 78.74   	 -50.86		
 41.53   	-315.36		 78.53   	 -61.04		
 40.26   	-356.05		 78.29   	 -71.21		
 38.84   	-386.57		 78.01   	 -81.38		
 37.29   	-412.00		 77.68   	 -86.47		
 35.65   	-427.26		 77.33   	 -91.56		
 33.94   	-442.52		 76.97   	 -96.64		
 32.17   	-452.69		 76.58   	 -91.56		
 30.36   	-467.95		 76.22   	 -96.64		
 28.48   	-478.13		 75.83   	 -96.64		
 26.57   	-488.30		 75.44   	-101.73		
 24.62   	-483.21		 75.04   	 -96.64		
 22.69   	-467.95		 74.65   	-101.73		
 20.81   	-457.78		 74.24   	-106.82		
 18.98   	-432.35		 73.81   	-106.82		
 17.25   	-401.83		 73.39   	-116.99		
 15.65   	-381.48		 72.92   	-122.07		
 14.12   	-340.79		 72.43   	-122.07		
 12.76   	-310.27		 71.94   	-132.25		
 11.52   	-274.67		 71.41   	-137.33		
 10.42   	-244.15		 70.86   	-142.42		
  9.44   	-203.46		 70.29   	-147.51		
  8.63   	-167.85		 69.70   	-142.42		
  7.96   	-142.42		 69.14   	-142.42		
  7.39   	-116.99		 68.57   	-137.33		
  6.92   	 -96.64		 68.02   	-132.25		
  6.53   	 -81.38		 67.49   	-116.99		
  6.21   	 -86.47		 67.02   	-111.90		
  5.86   	 -81.38		 66.57   	 -91.56		
  5.53   	 -91.56		 66.21   	 -81.38		
  5.17   	-101.73		 65.88   	 -66.12		
  4.76   	-122.07		 65.62   	 -50.86		
  4.27   	-132.25		 65.41   	 -40.69		
  3.74   	-147.51		 65.25   	 -35.61		
  3.15   	-157.68		 65.11   	 -30.52		
  2.52   	-162.77		 64.98   	 -35.61		
  1.87   	-162.77		 64.84   	 -40.69		
  1.22   	-152.59		 64.68   	 -40.69		
  0.61   	-142.42		 64.52   	 -55.95		
  0.04   	-116.99		 64.29   	 -61.04		
 -0.43   	 -86.47		 64.05   	 -66.12		
 -0.77   	 -55.95		 63.78   	 -71.21		
 -1.00   	 -20.35		 63.50   	 -81.38		
 -1.08   	  20.35		 63.17   	 -76.30		
 -1.00   	  66.12		 62.87   	 -76.30		
 -0.73   	 111.90		 62.56   	 -71.21		
 -0.28   	 142.42		 62.28   	 -66.12		
  0.28   	 178.03		 62.01   	 -55.95		
  1.00   	 208.54		 61.79   	 -50.86		
  1.83   	 218.72		 61.59   	 -45.78		
  2.71   	 223.80		 61.40   	 -35.61		
  3.60   	 218.72		 61.26   	 -25.43		
  4.48   	 193.29		 61.16   	 -25.43		
  5.25   	 172.94		 61.06   	 -20.35		
  5.94   	 132.25		 60.98   	 -20.35		
  6.47   	  91.56		 60.89   	 -20.35		
  6.84   	  50.86		 60.81   	 -25.43		
  7.04   	  10.17		 60.71   	 -20.35		
  7.08   	 -30.52		 60.63   	 -20.35		
  6.96   	 -55.95		 60.55   	 -25.43		
  6.73   	 -81.38		 60.45   	 -25.43		
  6.41   	 -91.56		 60.35   	 -20.35		
  6.04   	-101.73		 60.26   	 -20.35		
  5.64   	 -96.64		 60.18   	 -15.26		
  5.25   	 -91.56		 60.12   	 -15.26		
  4.88   	 -76.30		 60.06   	 -10.17		
  4.58   	 -50.86		 60.02   	 -10.17		
  4.37   	 -35.61		 59.98   	  -5.09		
  4.23   	  -5.09		 59.96   	  -5.09		
  4.21   	  20.35		 59.94   	   0.00		
  4.29   	  40.69		 59.94   	   0.00		
  4.46   	  61.04		 59.94   	  -5.09		
  4.70   	  76.30		 59.92   	   0.00		
  5.01   	  91.56		 59.92   	  -5.09		
  5.37   	  96.64		 59.90   	   0.00		
  5.76   	  96.64		 59.90   	 -10.17		
  6.14   	  91.56		 59.86   	  -5.09		
  6.51   	  76.30		 59.84   	 -10.17		
  6.82   	  71.21		 59.80   	 -10.17		
  7.10   	  50.86		 59.76   	 -15.26		
  7.30   	  35.61		 59.69   	 -20.35		
  7.45   	  15.26		 59.61   	 -20.35		
  7.51   	   5.09		 59.53   	 -20.35		
  7.53   	 -10.17		 59.45   	 -20.35		
  7.49   	 -25.43		 59.37   	 -20.35		
  7.39   	 -30.52		 59.29   	 -20.35		
  7.26   	 -35.61		 59.21   	 -25.43		
  7.12   	 -35.61		 59.10   	 -20.35		
  6.98   	 -35.61		 59.02   	 -20.35		
  6.84   	 -30.52		 58.94   	 -15.26		
  6.71   	 -20.35		 58.88   	 -20.35		
  6.63   	 -10.17		 58.80   	 -15.26		
  6.59   	   0.00		 58.74   	 -20.35		
  6.59   	  10.17		 58.66   	 -15.26		
  6.63   	  25.43		 58.60   	 -20.35		
  6.73   	  30.52		 58.51   	 -15.26		
  6.86   	  40.69		 58.45   	 -20.35		
  7.02   	  45.78		 58.37   	 -20.35		
  7.20   	  45.78		 58.29   	 -15.26		
  7.39   	  45.78		 58.23   	 -20.35		
  7.57   	  40.69		 58.15   	 -20.35		
  7.73   	  35.61		 58.07   	 -20.35		
  7.87   	  30.52		 57.99   	 -20.35		
  8.00   	  25.43		 57.90   	 -20.35		
  8.10   	  20.35		 57.82   	 -20.35		
  8.18   	   5.09		 57.74   	 -20.35		
  8.20   	   0.00		 57.66   	 -20.35		
  8.20   	  -5.09		 57.58   	 -20.35		
  8.18   	  -5.09		 57.50   	 -25.43		
  8.16   	 -15.26		 57.40   	 -20.35		
  8.10   	 -20.35		 57.31   	 -20.35		
  8.02   	 -20.35		 57.23   	 -25.43		
  7.93   	 -20.35		 57.13   	 -25.43		
  7.85   	 -15.26		 57.03   	 -25.43		
  7.79   	 -20.35		 56.93   	 -20.35		
  7.71   	 -15.26		 56.85   	 -25.43		
  7.65   	 -10.17		 56.74   	 -25.43		
  7.61   	 -10.17		 56.64   	 -25.43		
  7.57   	   0.00		 56.54   	 -20.35		
  7.57   	   0.00		 56.46   	 -20.35		
  7.57   	   5.09		 56.38   	 -25.43		
  7.59   	  15.26		 56.28   	 -20.35		
  7.65   	  20.35		 56.20   	 -25.43		
  7.73   	  25.43		 56.09   	 -20.35		
  7.83   	  30.52		 56.01   	 -25.43		
  7.96   	  25.43		 55.91   	 -20.35		
  8.06   	  25.43		 55.83   	 -20.35		
  8.16   	  30.52		 55.75   	 -20.35		
  8.28   	  30.52		 55.67   	 -20.35		
  8.40   	  25.43		 55.58   	 -20.35		
  8.50   	  25.43		 55.50   	 -25.43		
  8.61   	  15.26		 55.40   	 -20.35		
  8.67   	  15.26		 55.32   	 -25.43		
  8.73   	  10.17		 55.22   	 -25.43		
  8.77   	  10.17		 55.12   	 -25.43		
  8.81   	   5.09		 55.02   	 -30.52		
  8.83   	   5.09		 54.89   	 -25.43		
  8.85   	   5.09		 54.79   	 -30.52		
  8.87   	  -5.09		 54.67   	 -25.43		
  8.85   	   5.09		 54.57   	 -30.52		
  8.87   	   5.09		 54.45   	 -25.43		
  8.89   	  10.17		 54.34   	 -25.43		
  8.93   	  35.61		 54.24   	 -20.35		
  9.07   	  71.21		 54.16   	 -20.35		
  9.36   	 101.73		 54.08   	 -25.43		
  9.77   	 106.82		 53.98   	 -20.35		
 10.19   	 122.07		 53.90   	 -15.26		
 10.68   	 147.51		 53.83   	 -25.43		
 11.27   	 172.94		 53.73   	 -20.35		
 11.96   	 208.54		 53.65   	 -20.35		
 12.80   	 233.98		 53.57   	 -20.35		
 13.73   	 244.15		 53.49   	 -20.35		
 14.71   	 259.41		 53.41   	 -20.35		
 15.75   	 264.50		 53.33   	 -20.35		
 16.81   	 279.75		 53.24   	 -20.35		
 17.92   	 376.40		 53.16   	 -20.35		
 19.43   	 412.00		 53.08   	 -15.26		
 21.08   	 478.13		 53.02   	 -20.35		
 22.99   	 513.73		 52.94   	 -15.26		
 25.05   	 518.82		 52.88   	 -20.35		
 27.12   	 513.73		 52.80   	 -15.26		
 29.18   	 493.39		 52.74   	 -15.26		
 31.15   	 452.69		 52.68   	 -10.17		
 32.96   	 401.83		 52.63   	 -15.26		
 34.57   	 356.05		 52.57   	 -10.17		
 35.99   	 300.10		 52.53   	 -15.26		
 37.19   	 244.15		 52.47   	 -10.17		
 38.17   	 188.20		 52.43   	 -10.17		
 38.92   	 132.25		 52.39   	 -15.26		
 39.45   	  86.47		 52.33   	 -10.17		
 39.80   	  50.86		 52.29   	 -15.26		
 40.00   	  25.43		 52.23   	 -15.26		
 40.10   	  15.26		 52.17   	 -20.35		
 40.16   	   5.09		 52.09   	 -20.35		
 40.18   	  20.35		 52.00   	 -25.43		
 40.26   	  25.43		 51.90   	 -25.43		
 40.37   	  50.86		 51.80   	 -30.52		
 40.57   	  66.12		 51.68   	 -30.52		
 40.83   	  91.56		 51.56   	 -35.61		
 41.20   	 106.82		 51.41   	 -35.61		
 41.63   	 142.42		 51.27   	 -35.61		
 42.20   	 142.42		 51.13   	 -35.61		
 42.77   	 137.33		 50.99   	 -30.52		
 43.32   	 132.25		 50.86   	 -35.61		
 43.85   	 122.07		 50.72   	 -25.43		
 44.33   	 101.73		 50.62   	 -25.43		
 44.74   	  96.64		 50.52   	 -20.35		
 45.13   	  76.30		 50.44   	 -20.35		
 45.43   	  71.21		 50.36   	  -5.09		
 45.72   	  66.12		 50.34   	   0.00		
 45.98   	  55.95		 50.34   	  20.35		
 46.21   	  50.86		 50.42   	  40.69		
 46.41   	  55.95		 50.58   	  76.30		
 46.63   	  55.95		 50.88   	 122.07		
 46.86   	  66.12		 51.37   	 172.94		
 47.12   	  71.21		 52.06   	 244.15		
 47.41   	  81.38		 53.04   	 305.19		
 47.73   	  91.56		 54.26   	 361.14		
 48.10   	  91.56		 55.71   	 406.92		
 48.46   	 101.73		 57.33   	 437.43		
 48.87   	 116.99		 59.08   	 447.61		
 49.34   	 127.16		 60.87   	 442.52		
 49.85   	 132.25		 62.64   	 412.00		
 50.38   	 147.51		 64.29   	 371.31		
 50.97   	 142.42		 65.78   	 320.45		
 51.54   	 152.59		 67.06   	 244.15		
 52.15   	 142.42		 68.04   	 188.20		
 52.72   	 122.07		 68.79   	 142.42		
 53.20   	 111.90		 69.36   	 116.99		
 53.65   	  91.56		 69.83   	  96.64		
 54.02   	  76.30		 70.21   	 101.73		
 54.32   	  71.21		 70.62   	 106.82		
 54.61   	  66.12		 71.05   	 132.25		
 54.87   	  55.95		 71.58   	 157.68		
 55.10   	  55.95		 72.21   	 183.11		
 55.32   	  50.86		 72.94   	 218.72		
 55.52   	  45.78		 73.81   	 239.06		
 55.71   	  45.78		 74.77   	 254.32		
 55.89   	  40.69		 75.79   	 264.50		
 56.05   	  40.69		 76.85   	 269.58		
 56.22   	  40.69		 77.92   	 259.41		
 56.38   	  30.52		 78.96   	 249.24		
 56.50   	  35.61		 79.96   	 233.98		
 56.64   	  25.43		 80.89   	 218.72		
 56.74   	  25.43		 81.77   	 198.37		
 56.85   	  25.43		 82.56   	 178.03		
 56.95   	  15.26		 83.28   	 167.85		
 57.01   	  10.17		 83.95   	 152.59		
 57.05   	   5.09		 84.56   	 147.51		
 57.07   	   0.00		 85.15   	 132.25		
 57.07   	 -10.17		 85.68   	 132.25		
 57.03   	 -20.35		 86.21   	 122.07		
 56.95   	 -20.35		 86.69   	 111.90		
 56.87   	 -25.43		 87.14   	 101.73		
 56.76   	 -40.69		 87.55   	  86.47		
 56.60   	 -61.04		 87.89   	  71.21		
 56.36   	 -81.38		 88.18   	  55.95		
 56.03   	-111.90		 88.40   	  40.69		
 55.58   	-137.33		 88.57   	  15.26		
 55.04   	-172.94		 88.63   	   0.00		
 54.34   	-208.54		 88.63   	 -15.26		
 53.51   	-244.15		 88.57   	 -30.52		
 52.53   	-259.41		 88.44   	 -40.69		
 51.50   	-310.27		 88.28   	 -55.95		
 50.25   	-366.22		 88.06   	 -61.04		
 48.79   	-396.74		 87.81   	 -71.21		
 47.20   	-422.18		 87.53   	 -76.30		
 45.51   	-457.78		 87.22   	 -76.30		
 43.68   	-493.39		 86.92   	 -81.38		
 41.71   	-518.82		 86.59   	 -81.38		
 39.63   	-513.73		 86.27   	 -86.47		
 37.58   	-508.65		 85.92   	 -81.38		
 35.54   	-493.39		 85.59   	 -86.47		
 33.57   	-483.21		 85.25   	 -86.47		
 31.64   	-473.04		 84.90   	 -86.47		
 29.75   	-452.69		 84.56   	 -86.47		
 27.93   	-442.52		 84.21   	 -91.56		
 26.16   	-422.18		 83.85   	 -96.64		
 24.48   	-406.92		 83.46   	-101.73		
 22.85   	-391.66		 83.05   	-101.73		
 21.28   	-366.22		 82.64   	-106.82		
 19.82   	-350.97		 82.22   	-106.82		
 18.41   	-325.53		 81.79   	-116.99		
 17.11   	-305.19		 81.32   	-122.07		
 15.89   	-289.93		 80.83   	-122.07		
 14.73   	-264.50		 80.35   	-132.25		
 13.67   	-249.24		 79.82   	-142.42		
 12.68   	-228.89		 79.25   	-142.42		
 11.76   	-208.54		 78.68   	-152.59		
 10.93   	-193.29		 78.07   	-157.68		
 10.15   	-172.94		 77.44   	-162.77		
  9.46   	-162.77		 76.79   	-162.77		
  8.81   	-147.51		 76.13   	-162.77		
  8.22   	-137.33		 75.48   	-157.68		
  7.67   	-132.25		 74.85   	-152.59		
  7.14   	-122.07		 74.24   	-137.33		
  6.65   	-111.90		 73.69   	-127.16		
  6.21   	-111.90		 73.18   	-111.90		
  5.76   	-101.73		 72.74   	 -96.64		
  5.35   	 -96.64		 72.35   	 -86.47		
  4.96   	 -91.56		 72.00   	 -71.21		
  4.60   	 -86.47		 71.72   	 -66.12		
  4.25   	 -76.30		 71.45   	 -55.95		
  3.95   	 -66.12		 71.23   	 -61.04		
  3.68   	 -61.04		 70.99   	 -66.12		
  3.44   	 -50.86		 70.72   	 -66.12		
  3.23   	 -40.69		 70.46   	 -76.30		
  3.07   	 -30.52		 70.15   	 -76.30		
  2.95   	 -15.26		 69.85   	 -86.47		
  2.89   	   0.00		 69.50   	 -91.56		
  2.89   	   5.09		 69.14   	 -91.56		
  2.91   	  10.17		 68.77   	 -91.56		
  2.95   	  20.35		 68.40   	 -91.56		
  3.03   	  25.43		 68.04   	 -81.38		
  3.13   	  25.43		 67.71   	 -81.38		
  3.23   	  25.43		 67.39   	 -76.30		
  3.34   	  30.52		 67.08   	 -66.12		
  3.46   	  30.52		 66.82   	 -61.04		
  3.58   	  25.43		 66.57   	 -50.86		
  3.68   	  30.52		 66.37   	 -50.86		
  3.80   	  25.43		 66.16   	 -45.78		
  3.91   	  25.43		 65.98   	 -45.78		
  4.01   	  25.43		 65.80   	 -40.69		
  4.11   	  25.43		 65.64   	 -40.69		
  4.21   	  25.43		 65.47   	 -35.61		
  4.31   	  25.43		 65.33   	 -40.69		
  4.42   	  25.43		 65.17   	 -40.69		
  4.52   	  15.26		 65.00   	 -35.61		
  4.58   	  20.35		 64.86   	 -40.69		
  4.66   	   5.09		 64.70   	 -40.69		
  4.68   	   0.00		 64.54   	 -40.69		
  4.68   	 -10.17		 64.37   	 -35.61		
  4.64   	 -20.35		 64.23   	 -40.69		
  4.56   	 -30.52		 64.07   	 -35.61		
  4.44   	 -40.69		 63.93   	 -35.61		
  4.27   	 -45.78		 63.78   	 -30.52		
  4.09   	 -40.69		 63.66   	 -30.52		
  3.93   	 -35.61		 63.54   	 -30.52		
  3.78   	 -25.43		 63.42   	 -30.52		
  3.68   	 -15.26		 63.30   	 -25.43		
  3.62   	   5.09		 63.19   	 -25.43		
  3.64   	  15.26		 63.09   	 -25.43		
  3.70   	  30.52		 62.99   	 -20.35		
  3.83   	  45.78		 62.91   	 -25.43		
  4.01   	  55.95		 62.81   	 -30.52		
  4.23   	  55.95		 62.69   	 -25.43		
  4.46   	  61.04		 62.58   	 -25.43		
  4.70   	  55.95		 62.48   	 -35.61		
  4.92   	  50.86		 62.34   	 -30.52		
  5.13   	  40.69		 62.22   	 -35.61		
  5.29   	  30.52		 62.08   	 -30.52		
  5.41   	  20.35		 61.95   	 -35.61		
  5.49   	  15.26		 61.81   	 -30.52		
  5.55   	   0.00		 61.69   	 -35.61		
  5.55   	   0.00		 61.55   	 -30.52		
  5.55   	 -10.17		 61.42   	 -25.43		
  5.51   	 -10.17		 61.32   	 -30.52		
  5.47   	 -10.17		 61.20   	 -25.43		
  5.43   	 -10.17		 61.10   	 -25.43		
  5.39   	  -5.09		 61.00   	 -25.43		
  5.37   	   0.00		 60.89   	 -25.43		
  5.37   	   5.09		 60.79   	 -25.43		
  5.39   	  10.17		 60.69   	 -25.43		
  5.43   	  15.26		 60.59   	 -20.35		
  5.49   	  20.35		 60.51   	 -25.43		
  5.57   	  20.35		 60.41   	 -25.43		
  5.66   	  25.43		 60.30   	 -20.35		
  5.76   	  15.26		 60.22   	 -20.35		
  5.82   	  20.35		 60.14   	 -25.43		
  5.90   	  15.26		 60.04   	 -20.35		
  5.96   	  10.17		 59.96   	 -20.35		
  6.00   	  10.17		 59.88   	 -25.43		
  6.04   	   0.00		 59.78   	 -25.43		
  6.04   	   0.00		 59.67   	 -25.43		
  6.04   	 -10.17		 59.57   	 -25.43		
  6.00   	 -15.26		 59.47   	 -25.43		
  5.94   	 -15.26		 59.37   	 -25.43		
  5.88   	 -10.17		 59.27   	 -25.43		
  5.84   	 -15.26		 59.17   	 -30.52		
  5.78   	 -15.26		 59.04   	 -25.43		
  5.72   	 -15.26		 58.94   	 -25.43		
  5.66   	 -10.17		 58.84   	 -25.43		
  5.62   	  -5.09		 58.74   	 -25.43		
  5.60   	  -5.09		 58.64   	 -20.35		
  5.57   	  -5.09		 58.56   	 -25.43		
  5.55   	  -5.09		 58.45   	 -20.35		
  5.53   	   0.00		 58.37   	 -25.43		
  5.53   	   0.00		 58.27   	 -25.43		
  5.53   	   5.09		 58.17   	 -20.35		
  5.55   	   5.09		 58.09   	 -25.43		
  5.57   	   5.09		 57.99   	 -25.43		
  5.60   	  10.17		 57.88   	 -25.43		
  5.64   	  10.17		 57.78   	 -20.35		
  5.68   	  10.17		 57.70   	 -25.43		
  5.72   	  10.17		 57.60   	 -25.43		
  5.76   	  15.26		 57.50   	 -20.35		
  5.82   	   5.09		 57.42   	 -20.35		
  5.84   	   0.00		 57.33   	 -25.43		
  5.84   	 -10.17		 57.23   	 -25.43		
  5.80   	   0.00		 57.13   	 -20.35		
  5.80   	  -5.09		 57.05   	 -25.43		
  5.78   	   5.09		 56.95   	 -20.35		
  5.80   	   0.00		 56.87   	 -20.35		
  5.80   	  -5.09		 56.79   	 -20.35		
  5.78   	  -5.09		 56.70   	 -20.35		
  5.76   	  -5.09		 56.62   	 -25.43		
  5.74   	 -10.17		 56.52   	 -20.35		
  5.70   	 -10.17		 56.44   	 -20.35		
  5.66   	 -10.17		 56.36   	 -20.35		
  5.62   	 -10.17		 56.28   	 -25.43		
  5.57   	  -5.09		 56.17   	 -20.35		
  5.55   	 -10.17		 56.09   	 -20.35		
  5.51   	   0.00		 56.01   	 -20.35		
  5.51   	   0.00		 55.93   	 -20.35		
  5.51   	   0.00		 55.85   	 -20.35		
  5.51   	   5.09		 55.77   	 -25.43		
  5.53   	  10.17		 55.67   	 -15.26		
  5.57   	  10.17		 55.61   	 -20.35		
  5.62   	  10.17		 55.52   	 -20.35		
  5.66   	   5.09		 55.44   	 -20.35		
  5.68   	  10.17		 55.36   	 -20.35		
  5.72   	   5.09		 55.28   	 -20.35		
  5.74   	   5.09		 55.20   	 -20.35		
  5.76   	   0.00		 55.12   	 -20.35		
  5.76   	   0.00		 55.04   	 -20.35		
  5.76   	  -5.09		 54.95   	 -20.35		
  5.74   	  -5.09		 54.87   	 -25.43		
  5.72   	  -5.09		 54.77   	 -20.35		
  5.70   	 -10.17		 54.69   	 -20.35		
  5.66   	 -10.17		 54.61   	 -20.35		
  5.62   	 -15.26		 54.53   	 -20.35		
  5.55   	 -15.26		 54.45   	 -25.43		
  5.49   	 -10.17		 54.34   	 -20.35		
  5.45   	 -10.17		 54.26   	 -20.35		
  5.41   	  -5.09		 54.18   	 -20.35		
  5.39   	  -5.09		 54.10   	 -20.35		
  5.37   	   0.00		 54.02   	 -15.26		
  5.37   	   5.09		 53.96   	 -20.35		
  5.39   	   5.09		 53.88   	 -20.35		
  5.41   	   5.09		 53.79   	 -15.26		
  5.43   	  10.17		 53.73   	 -15.26		
  5.47   	  15.26		 53.67   	 -20.35		
  5.53   	  15.26		 53.59   	 -15.26		
  5.60   	  15.26		 53.53   	 -15.26		
  5.66   	  15.26		 53.47   	 -15.26		
  5.72   	  N/A		 53.41   	  N/A		
