WITTCASE NUMBER: HA003147
SAMPLE NUMBER:   2
TIME RESOLUTION: 4 ms/sample
mmHg RESOLUTION: 0.0203458 mmHg/unit
DATA UNITS:      mmHg, mmHg/sec

------------------------- Begin Data -------------------------
  RV     	  RV'		  RFA     	  RFA'		
  7.73   	   5.09		 39.08   	 -20.35		
  7.75   	   5.09		 39.00   	 -20.35		
  7.77   	  10.17		 38.92   	 -15.26		
  7.81   	  10.17		 38.86   	 -20.35		
  7.85   	  15.26		 38.78   	 -10.17		
  7.91   	  15.26		 38.74   	 -15.26		
  7.98   	  25.43		 38.68   	 -10.17		
  8.08   	  25.43		 38.64   	 -15.26		
  8.18   	  35.61		 38.58   	 -10.17		
  8.32   	  30.52		 38.53   	 -20.35		
  8.44   	  25.43		 38.45   	 -15.26		
  8.55   	  30.52		 38.39   	 -15.26		
  8.67   	  25.43		 38.33   	 -10.17		
  8.77   	  15.26		 38.29   	 -10.17		
  8.83   	   5.09		 38.25   	 -15.26		
  8.85   	   5.09		 38.19   	 -10.17		
  8.87   	  10.17		 38.15   	  -5.09		
  8.91   	  20.35		 38.13   	 -10.17		
  8.99   	  25.43		 38.09   	 -15.26		
  9.09   	  35.61		 38.03   	 -20.35		
  9.24   	  40.69		 37.94   	 -15.26		
  9.40   	  50.86		 37.88   	 -15.26		
  9.60   	  76.30		 37.82   	 -20.35		
  9.91   	 116.99		 37.74   	 -15.26		
 10.38   	 162.77		 37.68   	 -15.26		
 11.03   	 198.37		 37.62   	 -10.17		
 11.82   	 208.54		 37.58   	 -15.26		
 12.66   	 218.72		 37.52   	 -10.17		
 13.53   	 254.32		 37.48   	 -10.17		
 14.55   	 315.36		 37.44   	 -15.26		
 15.81   	 376.40		 37.38   	 -10.17		
 17.31   	 432.35		 37.33   	  -5.09		
 19.04   	 488.30		 37.31   	 -10.17		
 21.00   	 676.50		 37.27   	  -5.09		
 23.70   	 712.10		 37.25   	  -5.09		
 26.55   	 737.54		 37.23   	 -10.17		
 29.50   	 732.45		 37.19   	  -5.09		
 32.43   	 732.45		 37.17   	 -10.17		
 35.36   	 722.28		 37.13   	 -10.17		
 38.25   	 686.67		 37.09   	 -15.26		
 41.00   	 620.55		 37.03   	 -10.17		
 43.48   	 528.99		 36.99   	 -10.17		
 45.59   	 432.35		 36.95   	  -5.09		
 47.32   	 340.79		 36.93   	 -10.17		
 48.69   	 269.58		 36.89   	 -10.17		
 49.77   	 218.72		 36.85   	  -5.09		
 50.64   	 162.77		 36.83   	  -5.09		
 51.29   	 106.82		 36.81   	 -10.17		
 51.72   	  71.21		 36.76   	 -10.17		
 52.00   	  40.69		 36.72   	 -15.26		
 52.17   	  -5.09		 36.66   	 -15.26		
 52.15   	 -35.61		 36.60   	 -15.26		
 52.00   	 -40.69		 36.54   	 -15.26		
 51.84   	 -50.86		 36.48   	 -15.26		
 51.64   	 -35.61		 36.42   	 -15.26		
 51.50   	 -10.17		 36.36   	 -10.17		
 51.45   	  10.17		 36.32   	 -10.17		
 51.50   	  45.78		 36.28   	 -10.17		
 51.68   	  71.21		 36.24   	 -15.26		
 51.96   	  96.64		 36.17   	  -5.09		
 52.35   	 132.25		 36.15   	 -10.17		
 52.88   	 178.03		 36.11   	  -5.09		
 53.59   	 208.54		 36.09   	  -5.09		
 54.43   	 233.98		 36.07   	  -5.09		
 55.36   	 244.15		 36.05   	   0.00		
 56.34   	 259.41		 36.05   	   0.00		
 57.38   	 264.50		 36.05   	  10.17		
 58.43   	 254.32		 36.09   	  10.17		
 59.45   	 269.58		 36.13   	  25.43		
 60.53   	 284.84		 36.24   	  45.78		
 61.67   	 289.93		 36.42   	  61.04		
 62.83   	 259.41		 36.66   	  86.47		
 63.87   	 223.80		 37.01   	 122.07		
 64.76   	 198.37		 37.50   	 152.59		
 65.55   	 198.37		 38.11   	 183.11		
 66.35   	 213.63		 38.84   	 213.63		
 67.20   	 233.98		 39.69   	 228.89		
 68.14   	 269.58		 40.61   	 249.24		
 69.22   	 325.53		 41.61   	 259.41		
 70.52   	 330.62		 42.64   	 264.50		
 71.84   	 244.15		 43.70   	 259.41		
 72.82   	 137.33		 44.74   	 239.06		
 73.37   	  40.69		 45.70   	 223.80		
 73.53(S)	 -25.43		 46.59   	 198.37		
 73.43   	 -71.21		 47.39   	 178.03		
 73.14   	-101.73		 48.10   	 152.59		
 72.74   	-122.07		 48.71   	 132.25		
 72.25   	-137.33		 49.24   	 106.82		
 71.70   	-152.59		 49.66   	  96.64		
 71.09   	-162.77		 50.05   	  81.38		
 70.44   	-167.85		 50.38   	  76.30		
 69.77   	-162.77		 50.68   	  71.21		
 69.11   	-147.51		 50.97   	  76.30		
 68.52   	-122.07		 51.27   	  86.47		
 68.04   	-101.73		 51.62   	  96.64		
 67.63   	 -71.21		 52.00   	 111.90		
 67.34   	 -45.78		 52.45   	 122.07		
 67.16   	 -25.43		 52.94   	 142.42		
 67.06   	  -5.09		 53.51   	 147.51		
 67.04   	  10.17		 54.10   	 157.68		
 67.08   	  25.43		 54.73   	 167.85		
 67.18   	  35.61		 55.40   	 167.85		
 67.32   	  40.69		 56.07   	 162.77		
 67.49   	  40.69		 56.72   	 152.59		
 67.65   	  30.52		 57.33   	 147.51		
 67.77   	  20.35		 57.92   	 132.25		
 67.85   	   0.00		 58.45   	 116.99		
 67.85   	 -20.35		 58.92   	  96.64		
 67.77   	 -45.78		 59.31   	  66.12		
 67.59   	 -76.30		 59.57   	  40.69		
 67.28   	-111.90		 59.74   	  35.61		
 66.84   	-152.59		 59.88   	  50.86		
 66.23   	-198.37		 60.08   	  45.78		
 65.43   	-244.15		 60.26   	  35.61		
 64.46   	-295.01		 60.41   	  25.43		
 63.28   	-350.97		 60.51   	  45.78		
 61.87   	-406.92		 60.69   	  61.04		
 60.24   	-462.87		 60.94   	  71.21		
 58.39   	-518.82		 61.22   	  71.21		
 56.32   	-584.94		 61.51   	  81.38		
 53.98   	-651.07		 61.83   	  96.64		
 51.37   	-712.10		 62.22   	  81.38		
 48.52   	-773.14		 62.54   	  76.30		
 45.43   	-818.92		 62.85   	  71.21		
 42.16   	-854.52		 63.13   	  61.04		
 38.74   	-874.87		 63.38   	  50.86		
 35.24   	-874.87		 63.58   	  35.61		
 31.74   	-849.44		 63.72   	  10.17		
 28.34   	-808.75		 63.76(S)	 -10.17		
 25.11   	-762.97		 63.72   	 -20.35		
 22.05   	-712.10		 63.64   	 -30.52		
 19.21   	-651.07		 63.52   	 -40.69		
 16.60   	-584.94		 63.36   	 -50.86		
 14.26   	-508.65		 63.15   	 -66.12		
 12.23   	-432.35		 62.89   	 -76.30		
 10.50   	-356.05		 62.58   	 -91.56		
  9.07   	-279.75		 62.22   	 -91.56		
  7.96   	-208.54		 61.85   	 -96.64		
  7.12   	-152.59		 61.46   	 -96.64		
  6.51   	-101.73		 61.08   	-101.73		
  6.10   	 -61.04		 60.67   	-106.82		
  5.86   	 -45.78		 60.24   	-106.82		
  5.68   	 -30.52		 59.82   	-106.82		
  5.55   	 -45.78		 59.39   	-111.90		
  5.37   	 -96.64		 58.94   	-111.90		
  4.98   	-178.03		 58.49   	-101.73		
  4.27   	-233.98		 58.09   	-111.90		
  3.34   	-218.72		 57.64   	-111.90		
  2.46   	-142.42		 57.19   	-106.82		
  1.89   	 -71.21		 56.76   	-101.73		
  1.61   	 -30.52		 56.36   	 -96.64		
  1.49   	 -15.26		 55.97   	 -91.56		
  1.42(D)	   0.00		 55.61   	 -81.38		
  1.42   	   0.00		 55.28   	 -71.21		
  1.42   	   5.09		 54.99   	 -66.12		
  1.44   	  15.26		 54.73   	 -61.04		
  1.51   	  35.61		 54.49   	 -55.95		
  1.65   	  35.61		 54.26   	 -50.86		
  1.79   	  25.43		 54.06   	 -50.86		
  1.89   	  20.35		 53.86   	 -50.86		
  1.97   	  10.17		 53.65   	 -61.04		
  2.01   	  15.26		 53.41   	 -61.04		
  2.08   	  20.35		 53.16   	 -66.12		
  2.16   	  25.43		 52.90   	 -66.12		
  2.26   	  30.52		 52.63   	 -71.21		
  2.38   	  40.69		 52.35   	 -71.21		
  2.54   	  45.78		 52.06   	 -76.30		
  2.73   	  45.78		 51.76   	 -76.30		
  2.91   	  45.78		 51.45   	 -71.21		
  3.09   	  50.86		 51.17   	 -66.12		
  3.30   	  50.86		 50.91   	 -66.12		
  3.50   	  45.78		 50.64   	 -61.04		
  3.68   	  35.61		 50.40   	 -61.04		
  3.83   	  30.52		 50.15   	 -55.95		
  3.95   	  25.43		 49.93   	 -50.86		
  4.05   	  20.35		 49.73   	 -50.86		
  4.13   	  15.26		 49.52   	 -50.86		
  4.19   	  15.26		 49.32   	 -50.86		
  4.25   	   5.09		 49.11   	 -40.69		
  4.27   	  10.17		 48.95   	 -45.78		
  4.31   	   5.09		 48.77   	 -45.78		
  4.33   	   5.09		 48.59   	 -45.78		
  4.35   	  10.17		 48.40   	 -50.86		
  4.39   	  10.17		 48.20   	 -50.86		
  4.44   	  20.35		 48.00   	 -50.86		
  4.52   	  20.35		 47.79   	 -55.95		
  4.60   	  40.69		 47.57   	 -50.86		
  4.76   	  45.78		 47.37   	 -50.86		
  4.94   	  55.95		 47.16   	 -55.95		
  5.17   	  55.95		 46.94   	 -45.78		
  5.39   	  55.95		 46.75   	 -50.86		
  5.62   	  45.78		 46.55   	 -45.78		
  5.80   	  35.61		 46.37   	 -40.69		
  5.94   	  40.69		 46.21   	 -40.69		
  6.10   	  45.78		 46.04   	 -40.69		
  6.29   	  50.86		 45.88   	 -35.61		
  6.49   	  50.86		 45.74   	 -40.69		
  6.69   	  55.95		 45.57   	 -35.61		
  6.92   	  55.95		 45.43   	 -30.52		
  7.14   	  55.95		 45.31   	 -30.52		
  7.37   	  61.04		 45.19   	 -30.52		
  7.61   	  50.86		 45.07   	 -30.52		
  7.81   	  45.78		 44.94   	 -35.61		
  8.00   	  35.61		 44.80   	 -30.52		
  8.14   	  25.43		 44.68   	 -40.69		
  8.24   	  10.17		 44.52   	 -35.61		
  8.28   	  10.17		 44.37   	 -40.69		
  8.32   	   0.00		 44.21   	 -35.61		
  8.32   	   0.00		 44.07   	 -35.61		
  8.32   	 -15.26		 43.93   	 -35.61		
  8.26   	 -20.35		 43.78   	 -35.61		
  8.18   	 -25.43		 43.64   	 -30.52		
  8.08   	 -25.43		 43.52   	 -30.52		
  7.98   	 -30.52		 43.40   	 -30.52		
  7.85   	 -30.52		 43.28   	 -30.52		
  7.73   	 -35.61		 43.15   	 -30.52		
  7.59   	 -25.43		 43.03   	 -30.52		
  7.49   	 -30.52		 42.91   	 -30.52		
  7.37   	 -25.43		 42.79   	 -30.52		
  7.26   	 -15.26		 42.67   	 -30.52		
  7.20   	 -10.17		 42.54   	 -25.43		
  7.16   	 -10.17		 42.44   	 -25.43		
  7.12   	   0.00		 42.34   	 -30.52		
  7.12   	   5.09		 42.22   	 -25.43		
  7.14   	  10.17		 42.12   	 -20.35		
  7.18   	  10.17		 42.03   	 -20.35		
  7.22   	  20.35		 41.95   	 -25.43		
  7.30   	  10.17		 41.85   	 -25.43		
  7.34   	  15.26		 41.75   	 -20.35		
  7.41   	  10.17		 41.67   	 -20.35		
  7.45   	  15.26		 41.59   	 -25.43		
  7.51   	  10.17		 41.49   	 -20.35		
  7.55   	  10.17		 41.40   	 -25.43		
  7.59   	  10.17		 41.30   	 -20.35		
  7.63   	  10.17		 41.22   	 -20.35		
  7.67   	  10.17		 41.14   	 -25.43		
  7.71   	   5.09		 41.04   	 -20.35		
  7.73   	   0.00		 40.96   	 -25.43		
  7.73   	  -5.09		 40.85   	 -20.35		
  7.71   	  -5.09		 40.77   	 -20.35		
  7.69   	  -5.09		 40.69   	 -25.43		
  7.67   	 -10.17		 40.59   	 -20.35		
  7.63   	 -10.17		 40.51   	 -25.43		
  7.59   	 -10.17		 40.41   	 -20.35		
  7.55   	 -15.26		 40.33   	 -25.43		
  7.49   	  -5.09		 40.22   	 -20.35		
  7.47   	 -10.17		 40.14   	 -20.35		
  7.43   	   0.00		 40.06   	 -20.35		
  7.43(E)	  10.17		 39.98   	 -20.35		
  7.47   	  15.26		 39.90   	 -15.26		
  7.53   	  25.43		 39.84   	 -20.35		
  7.63   	  50.86		 39.76   	 -15.26		
  7.83   	  55.95		 39.69   	 -15.26		
  8.06   	  55.95		 39.63   	 -20.35		
  8.28   	  61.04		 39.55   	 -15.26		
  8.52   	  71.21		 39.49   	 -15.26		
  8.81   	  66.12		 39.43   	 -15.26		
  9.07   	  66.12		 39.37   	 -20.35		
  9.34   	  66.12		 39.29   	 -15.26		
  9.60   	  55.95		 39.23   	 -15.26		
  9.83   	  45.78		 39.17   	 -20.35		
 10.01   	  40.69		 39.08   	 -15.26		
 10.17   	  40.69		 39.02   	 -20.35		
 10.34   	  30.52		 38.94   	 -20.35		
 10.46   	  30.52		 38.86   	 -15.26		
 10.58   	  40.69		 38.80   	 -20.35		
 10.74   	  50.86		 38.72   	 -15.26		
 10.95   	  86.47		 38.66   	 -20.35		
 11.29   	 127.16		 38.58   	 -15.26		
 11.80   	 188.20		 38.51   	 -15.26		
 12.55   	 239.06		 38.45   	 -15.26		
 13.51   	 274.67		 38.39   	 -15.26		
 14.61   	 310.27		 38.33   	 -20.35		
 15.85   	 350.97		 38.25   	 -15.26		
 17.25   	 386.57		 38.19   	 -10.17		
 18.80   	 427.26		 38.15   	 -20.35		
 20.51   	 554.42		 38.07   	 -15.26		
 22.73   	 584.94		 38.01   	 -10.17		
 25.07   	 610.37		 37.97   	 -10.17		
 27.51   	 615.46		 37.92   	 -15.26		
 29.97   	 605.29		 37.86   	 -10.17		
 32.39   	 584.94		 37.82   	 -10.17		
 34.73   	 569.68		 37.78   	 -10.17		
 37.01   	 549.34		 37.74   	 -10.17		
 39.21   	 539.16		 37.70   	 -10.17		
 41.36   	 523.90		 37.66   	 -10.17		
 43.46   	 503.56		 37.62   	 -15.26		
 45.47   	 473.04		 37.56   	 -10.17		
 47.37   	 396.74		 37.52   	 -10.17		
 48.95   	 305.19		 37.48   	 -10.17		
 50.17   	 223.80		 37.44   	 -10.17		
 51.07   	 157.68		 37.40   	 -10.17		
 51.70   	  96.64		 37.35   	 -10.17		
 52.09   	  45.78		 37.31   	 -10.17		
 52.27   	  10.17		 37.27   	 -15.26		
 52.31   	   5.09		 37.21   	 -10.17		
 52.33   	  10.17		 37.17   	 -15.26		
 52.37   	   5.09		 37.11   	 -10.17		
 52.39   	 -15.26		 37.07   	 -15.26		
 52.33   	  -5.09		 37.01   	 -10.17		
 52.31   	  15.26		 36.97   	 -10.17		
 52.37   	  25.43		 36.93   	 -10.17		
 52.47   	  61.04		 36.89   	 -10.17		
 52.72   	 101.73		 36.85   	  -5.09		
 53.12   	 152.59		 36.83   	 -10.17		
 53.73   	 178.03		 36.79   	  -5.09		
 54.45   	 188.20		 36.76   	  -5.09		
 55.20   	 203.46		 36.74   	  -5.09		
 56.01   	 218.72		 36.72   	  -5.09		
 56.89   	 239.06		 36.70(D)	   0.00		
 57.84   	 264.50		 36.70   	   5.09		
 58.90   	 259.41		 36.72   	   5.09		
 59.94   	 249.24		 36.74   	  15.26		
 60.94   	 233.98		 36.81   	  30.52		
 61.87   	 218.72		 36.93   	  40.69		
 62.75   	 208.54		 37.09   	  71.21		
 63.58   	 208.54		 37.38   	  96.64		
 64.41   	 213.63		 37.76   	 127.16		
 65.27   	 208.54		 38.27   	 157.68		
 66.10   	 223.80		 38.90   	 188.20		
 67.00   	 218.72		 39.65   	 218.72		
 67.87   	 233.98		 40.53   	 233.98		
 68.81   	 274.67		 41.46   	 249.24		
 69.91   	 300.10		 42.46   	 249.24		
 71.11   	 239.06		 43.46   	 249.24		
 72.06   	 127.16		 44.46   	 239.06		
 72.57   	  35.61		 45.41   	 223.80		
 72.72(S)	 -10.17		 46.31   	 208.54		
 72.68   	 -45.78		 47.14   	 178.03		
 72.49   	 -66.12		 47.85   	 157.68		
 72.23   	 -91.56		 48.48   	 137.33		
 71.86   	-101.73		 49.03   	 116.99		
 71.45   	-122.07		 49.50   	 101.73		
 70.97   	-137.33		 49.91   	  86.47		
 70.42   	-142.42		 50.25   	  81.38		
 69.85   	-137.33		 50.58   	  76.30		
 69.30   	-127.16		 50.88   	  81.38		
 68.79   	-106.82		 51.21   	  86.47		
 68.36   	 -86.47		 51.56   	 101.73		
 68.02   	 -71.21		 51.96   	 111.90		
 67.73   	 -50.86		 52.41   	 127.16		
 67.53   	 -40.69		 52.92   	 137.33		
 67.36   	 -20.35		 53.47   	 152.59		
 67.28   	   0.00		 54.08   	 162.77		
 67.28   	   5.09		 54.73   	 162.77		
 67.30   	  20.35		 55.38   	 162.77		
 67.39   	  20.35		 56.03   	 167.85		
 67.47   	  15.26		 56.70   	 157.68		
 67.53   	  15.26		 57.33   	 157.68		
 67.59   	   5.09		 57.97   	 137.33		
 67.61   	 -10.17		 58.51   	 127.16		
 67.57   	 -30.52		 59.02   	 111.90		
 67.45   	 -45.78		 59.47   	  86.47		
 67.26   	 -76.30		 59.82   	  66.12		
 66.96   	-106.82		 60.08   	  40.69		
 66.53   	-147.51		 60.24   	  25.43		
 65.94   	-188.20		 60.35   	  15.26		
 65.19   	-239.06		 60.41   	  15.26		
 64.23   	-289.93		 60.47   	   5.09		
 63.07   	-350.97		 60.49   	   0.00		
 61.67   	-401.83		 60.49   	  30.52		
 60.06   	-462.87		 60.61   	  50.86		
 58.21   	-523.90		 60.81   	  66.12		
 56.11   	-595.11		 61.08   	  76.30		
 53.73   	-661.24		 61.38   	  76.30		
 51.09   	-727.36		 61.69   	  76.30		
 48.18   	-788.40		 61.99   	  76.30		
 45.03   	-829.09		 62.30   	  86.47		
 41.71   	-869.78		 62.64   	  76.30		
 38.23   	-890.13		 62.95   	  61.04		
 34.67   	-890.13		 63.19   	  35.61		
 31.11   	-859.61		 63.34   	  35.61		
 27.67   	-818.92		 63.48   	  20.35		
 24.39   	-768.05		 63.56   	   5.09		
 21.32   	-712.10		 63.58(S)	 -25.43		
 18.47   	-645.98		 63.48   	 -30.52		
 15.89   	-574.77		 63.36   	 -30.52		
 13.59   	-503.56		 63.23   	 -50.86		
 11.58   	-422.18		 63.03   	 -71.21		
  9.89   	-340.79		 62.75   	 -86.47		
  8.52   	-259.41		 62.40   	 -86.47		
  7.49   	-198.37		 62.05   	 -96.64		
  6.69   	-142.42		 61.67   	 -96.64		
  6.12   	 -91.56		 61.28   	 -96.64		
  5.76   	 -61.04		 60.89   	-106.82		
  5.51   	 -30.52		 60.47   	-116.99		
  5.39   	 -35.61		 60.00   	-116.99		
  5.25   	 -55.95		 59.53   	-127.16		
  5.03   	-111.90		 59.02   	-127.16		
  4.58   	-193.29		 58.51   	-127.16		
  3.80   	-228.89		 58.01   	-132.25		
  2.89   	-188.20		 57.48   	-127.16		
  2.14   	-111.90		 56.97   	-116.99		
  1.69   	 -50.86		 56.50   	-106.82		
  1.49   	 -20.35		 56.07   	 -96.64		
  1.40   	 -15.26		 55.69   	 -86.47		
  1.34   	 -15.26		 55.34   	 -66.12		
  1.28   	 -15.26		 55.08   	 -55.95		
  1.22   	  -5.09		 54.85   	 -50.86		
  1.20(D)	  10.17		 54.65   	 -45.78		
  1.24   	  30.52		 54.47   	 -35.61		
  1.36   	  35.61		 54.32   	 -40.69		
  1.51   	  45.78		 54.16   	 -40.69		
  1.69   	  45.78		 54.00   	 -45.78		
  1.87   	  50.86		 53.81   	 -55.95		
  2.08   	  45.78		 53.59   	 -61.04		
  2.26   	  55.95		 53.35   	 -66.12		
  2.48   	  55.95		 53.08   	 -76.30		
  2.71   	  66.12		 52.78   	 -86.47		
  2.97   	  66.12		 52.43   	 -86.47		
  3.23   	  66.12		 52.09   	 -86.47		
  3.50   	  61.04		 51.74   	 -86.47		
  3.74   	  55.95		 51.39   	 -81.38		
  3.97   	  45.78		 51.07   	 -76.30		
  4.15   	  35.61		 50.76   	 -71.21		
  4.29   	  25.43		 50.48   	 -66.12		
  4.39   	  15.26		 50.21   	 -61.04		
  4.46   	  10.17		 49.97   	 -45.78		
  4.50   	   5.09		 49.79   	 -50.86		
  4.52   	   0.00		 49.58   	 -45.78		
  4.52   	   0.00		 49.40   	 -35.61		
  4.52   	  -5.09		 49.26   	 -40.69		
  4.50   	   0.00		 49.09   	 -40.69		
  4.50   	   0.00		 48.93   	 -40.69		
  4.50   	  10.17		 48.77   	 -35.61		
  4.54   	  15.26		 48.63   	 -45.78		
  4.60   	  25.43		 48.44   	 -45.78		
  4.70   	  40.69		 48.26   	 -50.86		
  4.86   	  45.78		 48.06   	 -50.86		
  5.05   	  61.04		 47.85   	 -55.95		
  5.29   	  61.04		 47.63   	 -50.86		
  5.53   	  55.95		 47.43   	 -55.95		
  5.76   	  45.78		 47.20   	 -50.86		
  5.94   	  40.69		 47.00   	 -55.95		
  6.10   	  40.69		 46.77   	 -55.95		
  6.27   	  40.69		 46.55   	 -50.86		
  6.43   	  45.78		 46.35   	 -45.78		
  6.61   	  50.86		 46.16   	 -40.69		
  6.82   	  45.78		 46.00   	 -40.69		
  7.00   	  45.78		 45.84   	 -35.61		
  7.18   	  40.69		 45.70   	 -30.52		
  7.34   	  30.52		 45.57   	 -30.52		
  7.47   	  30.52		 45.45   	 -30.52		
  7.59   	  15.26		 45.33   	 -30.52		
  7.65   	  10.17		 45.21   	 -30.52		
  7.69   	  10.17		 45.09   	 -25.43		
  7.73   	   0.00		 44.98   	 -30.52		
  7.73   	   0.00		 44.86   	 -30.52		
  7.73   	   0.00		 44.74   	 -30.52		
  7.73   	  -5.09		 44.62   	 -35.61		
  7.71   	  -5.09		 44.48   	 -35.61		
  7.69   	  -5.09		 44.33   	 -35.61		
  7.67   	 -10.17		 44.19   	 -35.61		
  7.63   	 -10.17		 44.05   	 -35.61		
  7.59   	 -10.17		 43.91   	 -35.61		
  7.55   	 -10.17		 43.76   	 -35.61		
  7.51   	 -10.17		 43.62   	 -35.61		
  7.47   	 -10.17		 43.48   	 -35.61		
  7.43   	 -10.17		 43.34   	 -35.61		
  7.39   	 -10.17		 43.19   	 -35.61		
  7.34   	  -5.09		 43.05   	 -30.52		
  7.32   	  -5.09		 42.93   	 -25.43		
  7.30   	  -5.09		 42.83   	 -30.52		
  7.28   	   0.00		 42.71   	 -25.43		
  7.28   	   5.09		 42.60   	 -30.52		
  7.30   	   5.09		 42.48   	 -25.43		
  7.32   	  10.17		 42.38   	 -25.43		
  7.37   	   5.09		 42.28   	 -20.35		
  7.39   	  10.17		 42.20   	 -20.35		
  7.43   	  10.17		 42.12   	 -25.43		
  7.47   	  10.17		 42.01   	 -20.35		
  7.51   	  10.17		 41.93   	 -25.43		
  7.55   	  10.17		 41.83   	 -20.35		
  7.59   	  10.17		 41.75   	 -20.35		
  7.63   	   5.09		 41.67   	 -30.52		
  7.65   	   5.09		 41.55   	 -20.35		
  7.67   	   0.00		 41.46   	 -25.43		
  7.67   	   0.00		 41.36   	 -25.43		
  7.67   	   0.00		 41.26   	 -20.35		
  7.67   	  -5.09		 41.18   	 -20.35		
  7.65   	  -5.09		 41.10   	 -20.35		
  7.63   	 -10.17		 41.02   	 -15.26		
  7.59   	 -10.17		 40.96   	 -20.35		
  7.55   	 -10.17		 40.87   	 -20.35		
  7.51   	 -10.17		 40.79   	 -25.43		
  7.47   	  -5.09		 40.69   	 -20.35		
  7.45   	  -5.09		 40.61   	 -25.43		
  7.43   	   0.00		 40.51   	 -20.35		
  7.43   	   0.00		 40.43   	 -25.43		
  7.43(E)	   5.09		 40.33   	 -20.35		
  7.45   	  15.26		 40.24   	 -20.35		
  7.51   	  20.35		 40.16   	 -20.35		
  7.59   	  30.52		 40.08   	 -20.35		
  7.71   	  55.95		 40.00   	 -20.35		
  7.93   	  55.95		 39.92   	 -20.35		
  8.16   	  66.12		 39.84   	 -20.35		
  8.42   	  61.04		 39.76   	 -15.26		
  8.67   	  61.04		 39.69   	 -20.35		
  8.91   	  61.04		 39.61   	 -15.26		
  9.16   	  61.04		 39.55   	 -20.35		
  9.40   	  55.95		 39.47   	 -10.17		
  9.62   	  45.78		 39.43   	 -20.35		
  9.81   	  35.61		 39.35   	 -15.26		
  9.95   	  35.61		 39.29   	 -15.26		
 10.09   	  30.52		 39.23   	 -20.35		
 10.21   	  30.52		 39.15   	 -15.26		
 10.34   	  30.52		 39.08   	 -20.35		
 10.46   	  50.86		 39.00   	 -15.26		
 10.66   	  66.12		 38.94   	 -20.35		
 10.93   	 111.90		 38.86   	 -20.35		
 11.37   	 167.85		 38.78   	 -15.26		
 12.04   	 218.72		 38.72   	 -15.26		
 12.92   	 269.58		 38.66   	 -15.26		
 14.00   	 300.10		 38.60   	 -15.26		
 15.20   	 345.88		 38.53   	 -15.26		
 16.58   	 376.40		 38.47   	 -10.17		
 18.09   	 417.09		 38.43   	 -15.26		
 19.76   	 447.61		 38.37   	 -15.26		
 21.55   	 579.86		 38.31   	 -15.26		
 23.87   	 610.37		 38.25   	 -15.26		
 26.31   	 620.55		 38.19   	 -15.26		
 28.79   	 630.72		 38.13   	 -15.26		
 31.31   	 630.72		 38.07   	 -15.26		
 33.84   	 610.37		 38.01   	 -15.26		
 36.28   	 579.86		 37.94   	 -15.26		
 38.60   	 534.08		 37.88   	 -10.17		
 40.73   	 518.82		 37.84   	 -15.26		
 42.81   	 493.39		 37.78   	 -10.17		
 44.78   	 473.04		 37.74   	 -15.26		
 46.67   	 437.43		 37.68   	 -10.17		
 48.42   	 376.40		 37.64   	 -10.17		
 49.93   	 269.58		 37.60   	 -10.17		
 51.01   	 167.85		 37.56   	 -10.17		
 51.68   	 101.73		 37.52   	 -15.26		
 52.09   	  55.95		 37.46   	  -5.09		
 52.31   	  40.69		 37.44   	 -10.17		
 52.47   	  40.69		 37.40   	 -10.17		
 52.63   	  35.61		 37.35   	 -10.17		
 52.78   	  10.17		 37.31   	  -5.09		
 52.82   	  -5.09		 37.29   	 -10.17		
 52.80   	   5.09		 37.25   	 -10.17		
 52.82   	  15.26		 37.21   	 -10.17		
 52.88   	  35.61		 37.17   	 -15.26		
 53.02   	  45.78		 37.11   	 -10.17		
 53.20   	  66.12		 37.07   	 -10.17		
 53.47   	  91.56		 37.03   	 -10.17		
 53.83   	 132.25		 36.99   	 -10.17		
 54.36   	 172.94		 36.95   	 -10.17		
 55.06   	 203.46		 36.91   	  -5.09		
 55.87   	 223.80		 36.89   	 -10.17		
 56.76   	 239.06		 36.85   	  -5.09		
 57.72   	 244.15		 36.83(D)	   0.00		
 58.70   	 249.24		 36.83   	   5.09		
 59.69   	 233.98		 36.85   	  10.17		
 60.63   	 239.06		 36.89   	  25.43		
 61.59   	 239.06		 36.99   	  40.69		
 62.54   	 244.15		 37.15   	  66.12		
 63.52   	 233.98		 37.42   	  91.56		
 64.46   	 223.80		 37.78   	 127.16		
 65.35   	 228.89		 38.29   	 157.68		
 66.27   	 228.89		 38.92   	 183.11		
 67.18   	 228.89		 39.65   	 213.63		
 68.10   	 249.24		 40.51   	 233.98		
 69.09   	 284.84		 41.44   	 249.24		
 70.23   	 300.10		 42.44   	 259.41		
 71.43   	 233.98		 43.48   	 259.41		
 72.37   	 122.07		 44.52   	 249.24		
 72.86   	  25.43		 45.51   	 233.98		
 72.96(S)	 -15.26		 46.45   	 213.63		
 72.90   	 -40.69		 47.30   	 198.37		
 72.74   	 -66.12		 48.10   	 172.94		
 72.47   	 -81.38		 48.79   	 147.51		
 72.15   	 -96.64		 49.38   	 127.16		
 71.76   	-116.99		 49.89   	 106.82		
 71.29   	-137.33		 50.32   	  91.56		
 70.74   	-142.42		 50.68   	  76.30		
 70.17   	-132.25		 50.99   	  76.30		
 69.64   	-116.99		 51.29   	  81.38		
 69.18   	-101.73		 51.62   	  81.38		
 68.77   	 -76.30		 51.94   	  91.56		
 68.46   	 -61.04		 52.31   	 106.82		
 68.22   	 -45.78		 52.74   	 111.90		
 68.04   	 -30.52		 53.18   	 132.25		
 67.91   	 -15.26		 53.71   	 142.42		
 67.85   	   0.00		 54.28   	 152.59		
 67.85   	  15.26		 54.89   	 157.68		
 67.91   	  25.43		 55.52   	 162.77		
 68.02   	  25.43		 56.17   	 167.85		
 68.12   	  20.35		 56.85   	 167.85		
 68.20   	  10.17		 57.52   	 157.68		
 68.24   	   0.00		 58.15   	 147.51		
 68.24   	 -15.26		 58.74   	 132.25		
 68.18   	 -30.52		 59.27   	 116.99		
 68.06   	 -45.78		 59.74   	 106.82		
 67.87   	 -76.30		 60.16   	  81.38		
 67.57   	-106.82		 60.49   	  55.95		
 67.14   	-142.42		 60.71   	  30.52		
 66.57   	-183.11		 60.83   	  20.35		
 65.84   	-223.80		 60.92   	  10.17		
 64.94   	-274.67		 60.96   	  10.17		
 63.85   	-325.53		 61.00   	  10.17		
 62.54   	-386.57		 61.04   	  20.35		
 61.00   	-432.35		 61.12   	  20.35		
 59.27   	-493.39		 61.20   	  30.52		
 57.29   	-554.42		 61.32   	  40.69		
 55.08   	-625.63		 61.49   	  66.12		
 52.57   	-691.76		 61.75   	  71.21		
 49.81   	-752.79		 62.03   	  66.12		
 46.80   	-808.75		 62.30   	  61.04		
 43.56   	-849.44		 62.54   	  66.12		
 40.16   	-879.96		 62.81   	  66.12		
 36.64   	-885.04		 63.07   	  66.12		
 33.10   	-874.87		 63.34   	  50.86		
 29.60   	-834.18		 63.54   	  25.43		
 26.27   	-793.49		 63.64   	   5.09		
 23.09   	-742.62		 63.66(S)	   0.00		
 20.12   	-681.58		 63.66   	 -15.26		
 17.40   	-615.46		 63.60   	 -20.35		
 14.93   	-544.25		 63.52   	 -30.52		
 12.76   	-473.04		 63.40   	 -50.86		
 10.86   	-386.57		 63.19   	 -66.12		
  9.32   	-310.27		 62.93   	 -81.38		
  8.08   	-239.06		 62.60   	 -91.56		
  7.12   	-183.11		 62.24   	 -96.64		
  6.39   	-132.25		 61.85   	-106.82		
  5.86   	 -91.56		 61.42   	-116.99		
  5.49   	 -66.12		 60.96   	-122.07		
  5.23   	 -61.04		 60.47   	-122.07		
  4.98   	 -76.30		 59.98   	-127.16		
  4.68   	-101.73		 59.47   	-127.16		
  4.27   	-167.85		 58.96   	-127.16		
  3.60   	-203.46		 58.45   	-127.16		
  2.79   	-183.11		 57.94   	-111.90		
  2.05   	-111.90		 57.50   	-106.82		
  1.61   	 -55.95		 57.07   	 -96.64		
  1.38   	 -20.35		 56.68   	 -86.47		
  1.30   	  -5.09		 56.34   	 -71.21		
  1.28   	  -5.09		 56.05   	 -61.04		
  1.26   	 -10.17		 55.81   	 -50.86		
  1.22(D)	   0.00		 55.61   	 -45.78		
  1.22   	  15.26		 55.42   	 -45.78		
  1.28   	  35.61		 55.24   	 -45.78		
  1.42   	  50.86		 55.06   	 -50.86		
  1.63   	  61.04		 54.85   	 -50.86		
  1.87   	  66.12		 54.65   	 -61.04		
  2.14   	  61.04		 54.40   	 -61.04		
  2.38   	  55.95		 54.16   	 -66.12		
  2.60   	  55.95		 53.90   	 -76.30		
  2.83   	  50.86		 53.59   	 -81.38		
  3.03   	  55.95		 53.27   	 -86.47		
  3.26   	  55.95		 52.92   	 -86.47		
  3.48   	  50.86		 52.57   	 -86.47		
  3.68   	  50.86		 52.23   	 -86.47		
  3.89   	  40.69		 51.88   	 -86.47		
  4.05   	  30.52		 51.54   	 -81.38		
  4.17   	  25.43		 51.21   	 -76.30		
  4.27   	  10.17		 50.91   	 -66.12		
  4.31   	   5.09		 50.64   	 -61.04		
  4.33   	  -5.09		 50.40   	 -50.86		
  4.31   	   0.00		 50.19   	 -50.86		
  4.31   	   0.00		 49.99   	 -40.69		
  4.31   	   0.00		 49.83   	 -40.69		
  4.31   	   0.00		 49.66   	 -40.69		
  4.31   	   5.09		 49.50   	 -40.69		
  4.33   	  10.17		 49.34   	 -40.69		
  4.37   	  10.17		 49.18   	 -40.69		
  4.42   	  20.35		 49.01   	 -45.78		
  4.50   	  35.61		 48.83   	 -45.78		
  4.64   	  40.69		 48.65   	 -50.86		
  4.80   	  61.04		 48.44   	 -55.95		
  5.05   	  66.12		 48.22   	 -55.95		
  5.31   	  71.21		 48.00   	 -55.95		
  5.60   	  71.21		 47.77   	 -55.95		
  5.88   	  61.04		 47.55   	 -61.04		
  6.12   	  55.95		 47.30   	 -55.95		
  6.35   	  45.78		 47.08   	 -55.95		
  6.53   	  40.69		 46.86   	 -50.86		
  6.69   	  30.52		 46.65   	 -45.78		
  6.82   	  35.61		 46.47   	 -40.69		
  6.96   	  30.52		 46.31   	 -35.61		
  7.08   	  30.52		 46.16   	 -35.61		
  7.20   	  30.52		 46.02   	 -35.61		
  7.32   	  30.52		 45.88   	 -25.43		
  7.45   	  20.35		 45.78   	 -25.43		
  7.53   	  15.26		 45.68   	 -25.43		
  7.59   	  15.26		 45.57   	 -30.52		
  7.65   	  10.17		 45.45   	 -25.43		
  7.69   	  15.26		 45.35   	 -25.43		
  7.75   	  15.26		 45.25   	 -30.52		
  7.81   	  15.26		 45.13   	 -30.52		
  7.87   	  15.26		 45.00   	 -35.61		
  7.93   	  15.26		 44.86   	 -35.61		
  8.00   	  15.26		 44.72   	 -40.69		
  8.06   	   5.09		 44.56   	 -40.69		
  8.08   	  10.17		 44.39   	 -45.78		
  8.12   	   0.00		 44.21   	 -45.78		
  8.12   	   5.09		 44.03   	 -45.78		
  8.14   	  -5.09		 43.85   	 -40.69		
  8.12   	  -5.09		 43.68   	 -35.61		
  8.10   	  -5.09		 43.54   	 -35.61		
  8.08   	  -5.09		 43.40   	 -35.61		
  8.06   	  -5.09		 43.26   	 -30.52		
  8.04   	   0.00		 43.13   	 -25.43		
  8.04   	  -5.09		 43.03   	 -25.43		
  8.02   	   0.00		 42.93   	 -20.35		
  8.02   	  -5.09		 42.85   	 -20.35		
  8.00   	   0.00		 42.77   	 -20.35		
  8.00   	   5.09		 42.69   	 -15.26		
  8.02   	   0.00		 42.62   	 -20.35		
  8.02   	   5.09		 42.54   	 -20.35		
  8.04   	   5.09		 42.46   	 -15.26		
  8.06   	  10.17		 42.40   	 -25.43		
  8.10   	  10.17		 42.30   	 -20.35		
  8.14   	  10.17		 42.22   	 -20.35		
  8.18   	  10.17		 42.14   	 -25.43		
  8.22   	  10.17		 42.03   	 -20.35		
  8.26   	  10.17		 41.95   	 -25.43		
  8.30   	  15.26		 41.85   	 -20.35		
  8.36   	  10.17		 41.77   	 -25.43		
  8.40   	  15.26		 41.67   	 -20.35		
  8.46   	  15.26		 41.59   	 -25.43		
  8.52   	  15.26		 41.49   	 -20.35		
  8.59   	  10.17		 41.40   	 -25.43		
  8.63   	  10.17		 41.30   	 -25.43		
  8.67   	  10.17		 41.20   	 -20.35		
  8.71   	   0.00		 41.12   	 -20.35		
  8.71   	   5.09		 41.04   	 -20.35		
  8.73   	  -5.09		 40.96   	 -15.26		
  8.71   	   0.00		 40.90   	 -15.26		
  8.71(E)	   5.09		 40.83   	 -15.26		
  8.73   	   5.09		 40.77   	 -15.26		
  8.75   	  10.17		 40.71   	 -15.26		
  8.79   	  15.26		 40.65   	 -20.35		
  8.85   	  20.35		 40.57   	 -15.26		
  8.93   	  25.43		 40.51   	 -15.26		
  9.03   	  50.86		 40.45   	 -20.35		
  9.24   	  55.95		 40.37   	 -20.35		
  9.46   	  61.04		 40.28   	 -20.35		
  9.70   	  71.21		 40.20   	 -15.26		
  9.99   	  66.12		 40.14   	 -20.35		
 10.25   	  71.21		 40.06   	 -15.26		
 10.54   	  66.12		 40.00   	 -20.35		
 10.80   	  66.12		 39.92   	 -20.35		
 11.07   	  55.95		 39.84   	 -15.26		
 11.29   	  50.86		 39.78   	 -15.26		
 11.50   	  50.86		 39.72   	 -15.26		
 11.70   	  45.78		 39.65   	 -15.26		
 11.88   	  45.78		 39.59   	 -20.35		
 12.07   	  55.95		 39.51   	 -15.26		
 12.29   	  66.12		 39.45   	 -10.17		
 12.55   	 101.73		 39.41   	 -15.26		
 12.96   	 147.51		 39.35   	 -15.26		
 13.55   	 213.63		 39.29   	 -15.26		
 14.40   	 264.50		 39.23   	 -10.17		
 15.46   	 305.19		 39.19   	 -15.26		
 16.68   	 345.88		 39.12   	 -10.17		
 18.07   	 376.40		 39.08   	 -15.26		
 19.57   	 406.92		 39.02   	 -10.17		
 21.20   	 427.26		 38.98   	 -10.17		
 22.91   	 447.61		 38.94   	 -15.26		
 24.70   	 564.60		 38.88   	 -10.17		
 26.96   	 584.94		 38.84   	 -10.17		
 29.30   	 605.29		 38.80   	  -5.09		
 31.72   	 615.46		 38.78   	 -10.17		
 34.18   	 645.98		 38.74   	 -15.26		
 36.76   	 656.15		 38.68   	 -10.17		
 39.39   	 656.15		 38.64   	 -15.26		
 42.01   	 620.55		 38.58   	 -15.26		
 44.50   	 549.34		 38.51   	 -15.26		
 46.69   	 457.78		 38.45   	 -15.26		
 48.52   	 381.48		 38.39   	 -10.17		
 50.05   	 325.53		 38.35   	 -15.26		
 51.35   	 284.84		 38.29   	  -5.09		
 52.49   	 223.80		 38.27   	 -10.17		
 53.39   	 167.85		 38.23   	  -5.09		
 54.06   	 127.16		 38.21   	 -10.17		
 54.57   	  86.47		 38.17   	  -5.09		
 54.91   	  50.86		 38.15   	 -10.17		
 55.12   	  30.52		 38.11   	 -10.17		
 55.24   	  25.43		 38.07   	 -15.26		
 55.34   	   5.09		 38.01   	 -10.17		
 55.36   	   5.09		 37.97   	 -15.26		
 55.38   	  10.17		 37.90   	 -10.17		
 55.42   	  40.69		 37.86   	 -10.17		
 55.58   	  71.21		 37.82   	 -10.17		
 55.87   	 101.73		 37.78   	 -10.17		
 56.28   	 116.99		 37.74   	 -15.26		
 56.74   	 137.33		 37.68   	 -10.17		
 57.29   	 167.85		 37.64   	  -5.09		
 57.97   	 183.11		 37.62   	 -10.17		
 58.70   	 193.29		 37.58   	  -5.09		
 59.47   	 208.54		 37.56(D)	   0.00		
 60.30   	 218.72		 37.56   	   5.09		
 61.18   	 223.80		 37.58   	  15.26		
 62.08   	 218.72		 37.64   	  25.43		
 62.95   	 223.80		 37.74   	  40.69		
 63.85   	 218.72		 37.90   	  66.12		
 64.72   	 218.72		 38.17   	  96.64		
 65.59   	 213.63		 38.56   	 127.16		
 66.45   	 213.63		 39.06   	 162.77		
 67.30   	 213.63		 39.72   	 193.29		
 68.16   	 218.72		 40.49   	 218.72		
 69.03   	 208.54		 41.36   	 244.15		
 69.87   	 223.80		 42.34   	 259.41		
 70.76   	 223.80		 43.38   	 264.50		
 71.66   	 218.72		 44.44   	 264.50		
 72.53   	 183.11		 45.49   	 254.32		
 73.27   	 152.59		 46.51   	 239.06		
 73.88   	 116.99		 47.47   	 218.72		
 74.34   	  76.30		 48.34   	 198.37		
 74.65   	  40.69		 49.14   	 172.94		
 74.81   	  10.17		 49.83   	 147.51		
 74.85(S)	 -15.26		 50.42   	 127.16		
 74.79   	 -30.52		 50.93   	 106.82		
 74.67   	 -50.86		 51.35   	  91.56		
 74.47   	 -66.12		 51.72   	  86.47		
 74.20   	 -76.30		 52.06   	  81.38		
 73.90   	 -86.47		 52.39   	  91.56		
 73.55   	 -81.38		 52.76   	  96.64		
 73.22   	 -86.47		 53.14   	 111.90		
 72.88   	 -81.38		 53.59   	 122.07		
 72.55   	 -71.21		 54.08   	 132.25		
 72.27   	 -66.12		 54.61   	 152.59		
 72.00   	 -50.86		 55.22   	 162.77		
 71.80   	 -50.86		 55.87   	 178.03		
 71.60   	 -35.61		 56.58   	 183.11		
 71.45   	 -25.43		 57.31   	 193.29		
 71.35   	 -20.35		 58.09   	 193.29		
 71.27   	 -10.17		 58.86   	 188.20		
 71.23   	 -10.17		 59.61   	 178.03		
 71.19   	 -10.17		 60.33   	 162.77		
 71.15   	 -10.17		 60.98   	 142.42		
 71.11   	 -20.35		 61.55   	 127.16		
 71.03   	 -25.43		 62.05   	  96.64		
 70.93   	 -40.69		 62.44   	  76.30		
 70.76   	 -61.04		 62.75   	  50.86		
 70.52   	 -76.30		 62.95   	  35.61		
 70.21   	 -96.64		 63.09   	  30.52		
 69.83   	-132.25		 63.21   	  20.35		
 69.30   	-167.85		 63.30   	  25.43		
 68.63   	-213.63		 63.40   	  30.52		
 67.77   	-254.32		 63.52   	  45.78		
 66.75   	-315.36		 63.70   	  61.04		
 65.49   	-366.22		 63.95   	  86.47		
 64.03   	-422.18		 64.29   	  96.64		
 62.34   	-483.21		 64.68   	 106.82		
 60.41   	-549.34		 65.11   	 116.99		
 58.21   	-630.72		 65.57   	 127.16		
 55.69   	-722.28		 66.08   	 111.90		
 52.80   	-793.49		 66.53   	  86.47		
 49.62   	-844.35		 66.88   	  71.21		
 46.25   	-864.70		 67.16   	  66.12		
 42.79   	-879.96		 67.43   	  50.86		
 39.27   	-879.96		 67.63   	  25.43		
 35.75   	-859.61		 67.73(S)	   0.00		
 32.31   	-829.09		 67.73   	 -25.43		
 28.99   	-778.23		 67.63   	 -40.69		
 25.88   	-727.36		 67.47   	 -45.78		
 22.97   	-661.24		 67.28   	 -61.04		
 20.33   	-590.03		 67.04   	 -76.30		
 17.97   	-513.73		 66.73   	 -71.21		
 15.91   	-427.26		 66.45   	 -71.21		
 14.20   	-350.97		 66.16   	 -86.47		
 12.80   	-279.75		 65.82   	-101.73		
 11.68   	-208.54		 65.41   	-101.73		
 10.84   	-157.68		 65.00   	-106.82		
 10.21   	-111.90		 64.58   	-111.90		
  9.77   	 -81.38		 64.13   	-122.07		
  9.44   	 -55.95		 63.64   	-137.33		
  9.22   	 -45.78		 63.09   	-132.25		
  9.03   	 -50.86		 62.56   	-137.33		
  8.83   	 -61.04		 62.01   	-142.42		
  8.59   	 -71.21		 61.44   	-137.33		
  8.30   	 -71.21		 60.89   	-137.33		
  8.02   	 -71.21		 60.35   	-127.16		
  7.73   	 -66.12		 59.84   	-127.16		
  7.47   	 -61.04		 59.33   	-111.90		
  7.22   	 -61.04		 58.88   	-106.82		
  6.98   	 -61.04		 58.45   	 -96.64		
  6.73   	 -71.21		 58.07   	 -86.47		
  6.45   	 -96.64		 57.72   	 -71.21		
  6.06   	-132.25		 57.44   	 -61.04		
  5.53   	-147.51		 57.19   	 -50.86		
  4.94   	-111.90		 56.99   	 -45.78		
  4.50   	 -66.12		 56.81   	 -40.69		
  4.23   	 -20.35		 56.64   	 -45.78		
  4.15(D)	   5.09		 56.46   	 -45.78		
  4.17   	  25.43		 56.28   	 -55.95		
  4.27   	  40.69		 56.05   	 -61.04		
  4.44   	  61.04		 55.81   	 -66.12		
  4.68   	  76.30		 55.54   	 -81.38		
  4.98   	  91.56		 55.22   	 -86.47		
  5.35   	  96.64		 54.87   	 -91.56		
  5.74   	 106.82		 54.51   	 -91.56		
  6.16   	  96.64		 54.14   	 -96.64		
  6.55   	  91.56		 53.75   	 -96.64		
  6.92   	  81.38		 53.37   	 -91.56		
  7.24   	  61.04		 53.00   	 -91.56		
  7.49   	  40.69		 52.63   	 -81.38		
  7.65   	  15.26		 52.31   	 -81.38		
  7.71   	   0.00		 51.98   	 -71.21		
  7.71   	 -15.26		 51.70   	 -61.04		
  7.65   	 -15.26		 51.45   	 -61.04		
  7.59   	 -15.26		 51.21   	 -50.86		
  7.53   	 -15.26		 51.01   	 -45.78		
  7.47   	 -20.35		 50.82   	 -50.86		
  7.39   	 -30.52		 50.62   	 -40.69		
  7.26   	 -40.69		 50.46   	 -40.69		
  7.10   	 -55.95		 50.29   	 -40.69		
  6.88   	 -50.86		 50.13   	 -45.78		
  6.67   	 -50.86		 49.95   	 -40.69		
  6.47   	 -45.78		 49.79   	 -45.78		
  6.29   	 -35.61		 49.60   	 -45.78		
  6.14   	 -25.43		 49.42   	 -50.86		
  6.04   	 -10.17		 49.22   	 -50.86		
  6.00   	   0.00		 49.01   	 -50.86		
  6.00   	  10.17		 48.81   	 -50.86		
  6.04   	  30.52		 48.61   	 -55.95		
  6.16   	  40.69		 48.38   	 -50.86		
  6.33   	  50.86		 48.18   	 -55.95		
  6.53   	  55.95		 47.96   	 -50.86		
  6.75   	  61.04		 47.75   	 -50.86		
  7.00   	  66.12		 47.55   	 -45.78		
  7.26   	  71.21		 47.37   	 -40.69		
  7.55   	  66.12		 47.20   	 -40.69		
  7.81   	  61.04		 47.04   	 -40.69		
  8.06   	  61.04		 46.88   	 -30.52		
  8.30   	  50.86		 46.75   	 -40.69		
  8.50   	  45.78		 46.59   	 -35.61		
  8.69   	  40.69		 46.45   	 -35.61		
  8.85   	  30.52		 46.31   	 -30.52		
  8.97   	  25.43		 46.18   	 -35.61		
  9.07   	  15.26		 46.04   	 -30.52		
  9.14   	  10.17		 45.92   	 -35.61		
  9.18   	   5.09		 45.78   	 -35.61		
  9.20   	   0.00		 45.64   	 -35.61		
  9.20   	  -5.09		 45.49   	 -35.61		
  9.18   	 -15.26		 45.35   	 -35.61		
  9.11   	 -15.26		 45.21   	 -35.61		
  9.05   	 -20.35		 45.07   	 -35.61		
  8.97   	 -15.26		 44.92   	 -35.61		
  8.91   	 -15.26		 44.78   	 -35.61		
  8.85   	 -20.35		 44.64   	 -30.52		
  8.77   	 -15.26		 44.52   	 -30.52		
  8.71   	 -15.26		 44.39   	 -25.43		
  8.65   	 -15.26		 44.29   	 -30.52		
  8.59   	 -10.17		 44.17   	 -30.52		
  8.55   	  -5.09		 44.05   	 -25.43		
  8.52   	  -5.09		 43.95   	 -30.52		
  8.50   	  -5.09		 43.82   	 -25.43		
  8.48   	   0.00		 43.72   	 -25.43		
  8.48   	   0.00		 43.62   	 -25.43		
  8.48   	   5.09		 43.52   	 -25.43		
  8.50   	   5.09		 43.42   	 -25.43		
  8.52   	  10.17		 43.32   	 -20.35		
  8.57   	  10.17		 43.23   	 -20.35		
  8.61   	  10.17		 43.15   	 -25.43		
  8.65   	  10.17		 43.05   	 -20.35		
  8.69   	   5.09		 42.97   	 -25.43		
  8.71   	   5.09		 42.87   	 -25.43		
  8.73   	   5.09		 42.77   	 -25.43		
  8.75   	   0.00		 42.67   	 -20.35		
  8.75   	   5.09		 42.58   	 -25.43		
  8.77   	  -5.09		 42.48   	 -25.43		
  8.75   	   0.00		 42.38   	 -20.35		
  8.75   	 -10.17		 42.30   	 -20.35		
  8.71   	 -10.17		 42.22   	 -25.43		
  8.67   	 -15.26		 42.12   	 -25.43		
  8.61   	 -10.17		 42.01   	 -25.43		
  8.57   	 -10.17		 41.91   	 -25.43		
  8.52   	  -5.09		 41.81   	 -20.35		
  8.50   	 -10.17		 41.73   	 -25.43		
  8.46   	  -5.09		 41.63   	 -15.26		
  8.44   	  -5.09		 41.57   	 -20.35		
  8.42   	   5.09		 41.49   	 -20.35		
  8.44   	   5.09		 41.40   	 -20.35		
  8.46   	   5.09		 41.32   	 -20.35		
  8.48   	   5.09		 41.24   	 -20.35		
  8.50   	  10.17		 41.16   	 -20.35		
  8.55   	   0.00		 41.08   	 -20.35		
  8.55   	   5.09		 41.00   	 -25.43		
  8.57   	   0.00		 40.90   	 -20.35		
  8.57   	   0.00		 40.81   	 -15.26		
  8.57   	   0.00		 40.75   	 -20.35		
  8.57   	  -5.09		 40.67   	 -15.26		
  8.55   	  -5.09		 40.61   	 -20.35		
  8.52   	   0.00		 40.53   	 -15.26		
  8.52   	   0.00		 40.47   	 -20.35		
  8.52   	   0.00		 40.39   	 -15.26		
  8.52   	   5.09		 40.33   	 -20.35		
  8.55   	  10.17		 40.24   	 -20.35		
  8.59   	   0.00		 40.16   	 -20.35		
  8.59   	   0.00		 40.08   	 -20.35		
  8.59   	   0.00		 40.00   	 -20.35		
  8.59   	   0.00		 39.92   	 -15.26		
  8.59(E)	  10.17		 39.86   	 -20.35		
  8.63   	  10.17		 39.78   	 -20.35		
  8.67   	  15.26		 39.69   	 -20.35		
  8.73   	  20.35		 39.61   	 -15.26		
  8.81   	  20.35		 39.55   	 -15.26		
  8.89   	  20.35		 39.49   	 -15.26		
  8.97   	  30.52		 39.43   	 -15.26		
  9.09   	  30.52		 39.37   	 -15.26		
  9.22   	  35.61		 39.31   	 -10.17		
  9.36   	  40.69		 39.27   	 -15.26		
  9.52   	  40.69		 39.21   	 -15.26		
  9.68   	  40.69		 39.15   	 -15.26		
  9.85   	  50.86		 39.08   	 -15.26		
 10.05   	  61.04		 39.02   	 -10.17		
 10.29   	  81.38		 38.98   	 -15.26		
 10.62   	 111.90		 38.92   	 -20.35		
 11.07   	 152.59		 38.84   	 -15.26		
 11.68   	 203.46		 38.78   	 -20.35		
 12.49   	 239.06		 38.70   	 -15.26		
 13.45   	 274.67		 38.64   	 -15.26		
 14.55   	 315.36		 38.58   	 -20.35		
 15.81   	 371.31		 38.49   	 -15.26		
 17.29   	 417.09		 38.43   	 -15.26		
 18.96   	 462.87		 38.37   	 -10.17		
 20.81   	 498.47		 38.33   	 -15.26		
 22.81   	 620.55		 38.27   	 -10.17		
 25.29   	 640.89		 38.23   	 -10.17		
 27.85   	 640.89		 38.19   	 -10.17		
 30.42   	 635.81		 38.15   	  -5.09		
 32.96   	 615.46		 38.13   	 -10.17		
 35.42   	 610.37		 38.09   	 -15.26		
 37.86   	 595.11		 38.03   	 -10.17		
 40.24   	 574.77		 37.99   	 -15.26		
 42.54   	 534.08		 37.92   	 -15.26		
 44.68   	 488.30		 37.86   	 -15.26		
 46.63   	 437.43		 37.80   	 -10.17		
 48.38   	 371.31		 37.76   	 -20.35		
 49.87   	 274.67		 37.68   	 -10.17		
 50.97   	 183.11		 37.64   	 -15.26		
 51.70   	 111.90		 37.58   	 -10.17		
 52.15   	  40.69		 37.54   	  -5.09		
 52.31   	  20.35		 37.52   	 -10.17		
 52.39   	  20.35		 37.48   	 -10.17		
 52.47   	  25.43		 37.44   	 -10.17		
 52.57   	  15.26		 37.40   	 -15.26		
 52.63   	  10.17		 37.33   	 -10.17		
 52.68   	  25.43		 37.29   	 -10.17		
 52.78   	  40.69		 37.25   	 -15.26		
 52.94   	  45.78		 37.19   	 -15.26		
 53.12   	  55.95		 37.13   	 -10.17		
 53.35   	  81.38		 37.09   	  -5.09		
 53.67   	 111.90		 37.07   	 -10.17		
 54.12   	 132.25		 37.03   	 -10.17		
 54.65   	 162.77		 36.99   	 -10.17		
 55.30   	 193.29		 36.95   	  -5.09		
 56.07   	 218.72		 36.93(D)	   0.00		
 56.95   	 218.72		 36.93   	   0.00		
 57.82   	 218.72		 36.93   	   0.00		
 58.70   	 213.63		 36.93   	  10.17		
 59.55   	 203.46		 36.97   	  15.26		
 60.37   	 188.20		 37.03   	  35.61		
 61.12   	 183.11		 37.17   	  55.95		
 61.85   	 172.94		 37.40   	  91.56		
 62.54   	 183.11		 37.76   	 122.07		
 63.28   	 172.94		 38.25   	 157.68		
 63.97   	 152.59		 38.88   	 193.29		
 64.58   	 116.99		 39.65   	 223.80		
 65.05   	  86.47		 40.55   	 244.15		
 65.39   	  66.12		 41.53   	 269.58		
 65.66   	  50.86		 42.60   	 269.58		
 65.86   	  45.78		 43.68   	 264.50		
 66.04   	  55.95		 44.74   	 259.41		
 66.27   	 111.90		 45.78   	 239.06		
 66.71   	 218.72		 46.73   	 223.80		
 67.59   	 310.27		 47.63   	 193.29		
 68.83   	 315.36		 48.40   	 172.94		
 70.09   	 233.98		 49.09   	 137.33		
 71.03   	 142.42		 49.64   	 116.99		
 71.60   	  66.12		 50.11   	  91.56		
 71.86   	  40.69		 50.48   	  76.30		
 72.02   	  35.61		 50.78   	  66.12		
 72.17   	  45.78		 51.05   	  66.12		
 72.35   	  50.86		 51.31   	  66.12		
 72.55   	  25.43		 51.58   	  76.30		
 72.65(S)	 -20.35		 51.88   	  91.56		
 72.57   	 -71.21		 52.25   	  96.64		
 72.29   	-106.82		 52.63   	 122.07		
 71.86   	-122.07		 53.12   	 132.25		
 71.37   	-132.25		 53.65   	 147.51		
 70.84   	-132.25		 54.24   	 157.68		
 70.32   	-142.42		 54.87   	 167.85		
 69.75   	-142.42		 55.54   	 178.03		
 69.18   	-137.33		 56.26   	 178.03		
 68.63   	-127.16		 56.97   	 183.11		
 68.12   	-122.07		 57.70   	 172.94		
 67.63   	-101.73		 58.39   	 162.77		
 67.22   	 -91.56		 59.04   	 142.42		
 66.86   	 -81.38		 59.61   	 127.16		
 66.53   	 -71.21		 60.12   	 106.82		
 66.25   	 -76.30		 60.55   	  76.30		
 65.94   	 -81.38		 60.85   	  45.78		
 65.62   	 -91.56		 61.04   	  20.35		
 65.25   	-116.99		 61.12   	  20.35		
 64.78   	-147.51		 61.20   	  10.17		
 64.19   	-188.20		 61.24   	   0.00		
 63.44   	-239.06		 61.24   	   0.00		
 62.48   	-300.10		 61.24   	   5.09		
 61.28   	-356.05		 61.26   	  10.17		
 59.86   	-417.09		 61.30   	  25.43		
 58.19   	-483.21		 61.40   	  50.86		
 56.26   	-554.42		 61.61   	  71.21		
 54.04   	-640.89		 61.89   	  81.38		
 51.47   	-732.45		 62.22   	  96.64		
 48.55   	-798.57		 62.60   	 101.73		
 45.35   	-829.09		 63.01   	 101.73		
 42.03   	-844.35		 63.42   	 106.82		
 38.66   	-864.70		 63.85   	  96.64		
 35.20   	-864.70		 64.23   	  81.38		
 31.74   	-849.44		 64.56   	  66.12		
 28.34   	-813.83		 64.82   	  45.78		
 25.09   	-773.14		 65.00   	  30.52		
 21.99   	-712.10		 65.13   	   5.09		
 19.15   	-645.98		 65.15(S)	 -25.43		
 16.56   	-569.68		 65.05   	 -50.86		
 14.28   	-493.39		 64.84   	 -66.12		
 12.31   	-406.92		 64.58   	 -86.47		
 10.68   	-320.45		 64.23   	-101.73		
  9.40   	-249.24		 63.82   	-111.90		
  8.40   	-172.94		 63.38   	-116.99		
  7.71   	-122.07		 62.91   	-127.16		
  7.22   	 -71.21		 62.40   	-137.33		
  6.94   	 -35.61		 61.85   	-137.33		
  6.80   	 -10.17		 61.30   	-137.33		
  6.75   	 -15.26		 60.75   	-137.33		
  6.69   	 -30.52		 60.20   	-127.16		
  6.57   	 -61.04		 59.69   	-132.25		
  6.33   	 -96.64		 59.17   	-122.07		
  5.94   	-137.33		 58.68   	-116.99		
  5.39   	-188.20		 58.21   	-111.90		
  4.64   	-218.72		 57.76   	-101.73		
  3.76   	-208.54		 57.35   	 -96.64		
  2.93   	-142.42		 56.97   	 -86.47		
  2.36   	 -76.30		 56.62   	 -76.30		
  2.05   	 -40.69		 56.32   	 -66.12		
  1.89   	 -20.35		 56.05   	 -66.12		
  1.81   	 -15.26		 55.79   	 -50.86		
  1.75   	 -10.17		 55.58   	 -40.69		
  1.71   	  -5.09		 55.42   	 -40.69		
  1.69(D)	   5.09		 55.26   	 -40.69		
  1.71   	  25.43		 55.10   	 -45.78		
  1.81   	  35.61		 54.91   	 -50.86		
  1.95   	  40.69		 54.71   	 -55.95		
  2.12   	  55.95		 54.49   	 -66.12		
  2.34   	  55.95		 54.22   	 -71.21		
  2.56   	  50.86		 53.94   	 -76.30		
  2.77   	  50.86		 53.63   	 -86.47		
  2.97   	  45.78		 53.29   	 -91.56		
  3.15   	  40.69		 52.92   	 -96.64		
  3.32   	  40.69		 52.53   	 -96.64		
  3.48   	  35.61		 52.15   	 -91.56		
  3.62   	  25.43		 51.78   	 -91.56		
  3.72   	  20.35		 51.41   	 -86.47		
  3.80   	  20.35		 51.07   	 -76.30		
  3.89   	  20.35		 50.76   	 -66.12		
  3.97   	  15.26		 50.50   	 -61.04		
  4.03   	  15.26		 50.25   	 -55.95		
  4.09   	  10.17		 50.03   	 -50.86		
  4.13   	   5.09		 49.83   	 -40.69		
  4.15   	   0.00		 49.66   	 -35.61		
  4.15   	   5.09		 49.52   	 -35.61		
  4.17   	   5.09		 49.38   	 -35.61		
  4.19   	  10.17		 49.24   	 -40.69		
  4.23   	  20.35		 49.07   	 -40.69		
  4.31   	  20.35		 48.91   	 -45.78		
  4.39   	  30.52		 48.73   	 -50.86		
  4.52   	  25.43		 48.52   	 -55.95		
  4.62   	  35.61		 48.30   	 -55.95		
  4.76   	  35.61		 48.08   	 -61.04		
  4.90   	  40.69		 47.83   	 -61.04		
  5.07   	  40.69		 47.59   	 -61.04		
  5.23   	  45.78		 47.34   	 -55.95		
  5.41   	  50.86		 47.12   	 -55.95		
  5.62   	  45.78		 46.90   	 -50.86		
  5.80   	  45.78		 46.69   	 -50.86		
  5.98   	  40.69		 46.49   	 -45.78		
  6.14   	  35.61		 46.31   	 -45.78		
  6.29   	  30.52		 46.12   	 -40.69		
  6.41   	  30.52		 45.96   	 -35.61		
  6.53   	  20.35		 45.82   	 -30.52		
  6.61   	  20.35		 45.70   	 -30.52		
  6.69   	  15.26		 45.57   	 -30.52		
  6.75   	  15.26		 45.45   	 -25.43		
  6.82   	  15.26		 45.35   	 -25.43		
  6.88   	  10.17		 45.25   	 -25.43		
  6.92   	  15.26		 45.15   	 -30.52		
  6.98   	  10.17		 45.03   	 -35.61		
  7.02   	  10.17		 44.88   	 -30.52		
  7.06   	   0.00		 44.76   	 -40.69		
  7.06   	   5.09		 44.60   	 -35.61		
  7.08   	   0.00		 44.46   	 -35.61		
  7.08   	   0.00		 44.31   	 -40.69		
  7.08   	   0.00		 44.15   	 -35.61		
  7.08   	   5.09		 44.01   	 -35.61		
  7.10   	   5.09		 43.87   	 -40.69		
  7.12   	   5.09		 43.70   	 -35.61		
  7.14   	   0.00		 43.56   	 -35.61		
  7.14   	   5.09		 43.42   	 -35.61		
  7.16   	  -5.09		 43.28   	 -30.52		
  7.14   	   0.00		 43.15   	 -30.52		
  7.14   	  -5.09		 43.03   	 -30.52		
  7.12   	   0.00		 42.91   	 -25.43		
  7.12   	   0.00		 42.81   	 -25.43		
  7.12   	   0.00		 42.71   	 -25.43		
  7.12   	   0.00		 42.60   	 -20.35		
  7.12   	   0.00		 42.52   	 -25.43		
  7.12   	   5.09		 42.42   	 -20.35		
  7.14   	   0.00		 42.34   	 -25.43		
  7.14   	   5.09		 42.24   	 -25.43		
  7.16   	   5.09		 42.14   	 -20.35		
  7.18   	   5.09		 42.05   	 -25.43		
  7.20   	   5.09		 41.95   	 -20.35		
  7.22   	  10.17		 41.87   	 -25.43		
  7.26   	  10.17		 41.77   	 -25.43		
  7.30   	  10.17		 41.67   	 -20.35		
  7.34   	  10.17		 41.59   	 -30.52		
  7.39   	  10.17		 41.46   	 -25.43		
  7.43   	  10.17		 41.36   	 -20.35		
  7.47   	  10.17		 41.28   	 -20.35		
  7.51   	   5.09		 41.20   	 -25.43		
  7.53   	   0.00		 41.10   	 -20.35		
  7.53   	  -5.09		 41.02   	 -20.35		
  7.51   	 -10.17		 40.94   	 -20.35		
  7.47   	  -5.09		 40.85   	 -15.26		
  7.45   	 -10.17		 40.79   	 -20.35		
  7.41   	   0.00		 40.71   	 -20.35		
  7.41   	  -5.09		 40.63   	 -25.43		
  7.39   	   0.00		 40.53   	 -15.26		
  7.39(E)	   5.09		 40.47   	 -20.35		
  7.41   	   0.00		 40.39   	 -25.43		
  7.41   	   5.09		 40.28   	 -20.35		
  7.43   	  10.17		 40.20   	 -25.43		
  7.47   	  20.35		 40.10   	 -20.35		
  7.55   	  20.35		 40.02   	 -20.35		
  7.63   	  30.52		 39.94   	 -15.26		
  7.75   	  35.61		 39.88   	 -20.35		
  7.89   	  40.69		 39.80   	 -20.35		
  8.06   	  55.95		 39.72   	 -15.26		
  8.28   	  50.86		 39.65   	 -20.35		
  8.48   	  50.86		 39.57   	 -15.26		
  8.69   	  55.95		 39.51   	 -20.35		
  8.91   	  55.95		 39.43   	 -15.26		
  9.14   	  50.86		 39.37   	 -10.17		
  9.34   	  50.86		 39.33   	 -15.26		
  9.54   	  40.69		 39.27   	 -15.26		
  9.70   	  35.61		 39.21   	 -15.26		
  9.85   	  25.43		 39.15   	 -15.26		
  9.95   	  30.52		 39.08   	 -15.26		
 10.07   	  30.52		 39.02   	 -20.35		
 10.19   	  30.52		 38.94   	 -20.35		
 10.32   	  40.69		 38.86   	 -25.43		
 10.48   	  50.86		 38.76   	 -20.35		
 10.68   	  71.21		 38.68   	 -20.35		
 10.97   	 111.90		 38.60   	 -15.26		
 11.41   	 167.85		 38.53   	 -15.26		
 12.09   	 218.72		 38.47   	 -15.26		
 12.96   	 249.24		 38.41   	 -10.17		
 13.96   	 284.84		 38.37   	 -15.26		
 15.10   	 325.53		 38.31   	 -10.17		
 16.40   	 371.31		 38.27   	 -15.26		
 17.88   	 412.00		 38.21   	 -15.26		
 19.53   	 447.61		 38.15   	 -10.17		
 21.32   	 574.77		 38.11   	 -15.26		
 23.62   	 600.20		 38.05   	 -10.17		
 26.02   	 620.55		 38.01   	 -15.26		
 28.50   	 630.72		 37.94   	 -10.17		
 31.03   	 651.07		 37.90   	 -15.26		
 33.63   	 656.15		 37.84   	 -10.17		
 36.26   	 640.89		 37.80   	 -15.26		
 38.82   	 600.20		 37.74   	 -15.26		
 41.22   	 554.42		 37.68   	 -15.26		
 43.44   	 488.30		 37.62   	 -10.17		
 45.39   	 401.83		 37.58   	 -15.26		
 47.00   	 335.71		 37.52   	 -10.17		
 48.34   	 284.84		 37.48   	 -10.17		
 49.48   	 223.80		 37.44   	 -10.17		
 50.38   	 162.77		 37.40   	 -10.17		
 51.03   	 111.90		 37.35   	  -5.09		
 51.47   	  66.12		 37.33   	 -10.17		
 51.74   	  45.78		 37.29   	  -5.09		
 51.92   	  25.43		 37.27   	 -10.17		
 52.02   	   5.09		 37.23   	  -5.09		
 52.04   	 -10.17		 37.21   	 -15.26		
 52.00   	   5.09		 37.15   	 -10.17		
 52.02   	  45.78		 37.11   	 -10.17		
 52.21   	  45.78		 37.07   	 -10.17		
 52.39   	  45.78		 37.03   	 -15.26		
 52.57   	  66.12		 36.97   	 -15.26		
 52.84   	  91.56		 36.91   	 -15.26		
 53.20   	 111.90		 36.85   	 -10.17		
 53.65   	 142.42		 36.81   	 -10.17		
 54.22   	 167.85		 36.76   	 -10.17		
 54.89   	 188.20		 36.72   	  -5.09		
 55.65   	 218.72		 36.70   	  -5.09		
 56.52   	 218.72		 36.68   	  -5.09		
 57.40   	 233.98		 36.66(D)	   5.09		
 58.33   	 249.24		 36.68   	   5.09		
 59.33   	 264.50		 36.70   	  15.26		
 60.39   	 239.06		 36.76   	  20.35		
 61.34   	 218.72		 36.85   	  40.69		
 62.22   	 218.72		 37.01   	  61.04		
 63.09   	 213.63		 37.25   	  86.47		
 63.95   	 223.80		 37.60   	 122.07		
 64.84   	 228.89		 38.09   	 147.51		
 65.76   	 244.15		 38.68   	 183.11		
 66.73   	 249.24		 39.41   	 203.46		
 67.73   	 274.67		 40.22   	 228.89		
 68.83   	 320.45		 41.14   	 244.15		
 70.11   	 330.62		 42.12   	 249.24		
 71.43   	 239.06		 43.11   	 254.32		
 72.39   	 111.90		 44.13   	 244.15		
 72.84   	  20.35		 45.11   	 228.89		
 72.92(S)	 -15.26		 46.02   	 213.63		
 72.86   	 -50.86		 46.88   	 193.29		
 72.65   	 -71.21		 47.65   	 167.85		
 72.37   	 -91.56		 48.32   	 147.51		
 72.00   	-111.90		 48.91   	 122.07		
 71.56   	-137.33		 49.40   	 106.82		
 71.01   	-157.68		 49.83   	  91.56		
 70.38   	-157.68		 50.19   	  81.38		
 69.75   	-147.51		 50.52   	  76.30		
 69.16   	-137.33		 50.82   	  76.30		
 68.61   	-111.90		 51.13   	  81.38		
 68.16   	 -91.56		 51.45   	  91.56		
 67.79   	 -71.21		 51.82   	 101.73		
 67.51   	 -50.86		 52.23   	 111.90		
 67.30   	 -30.52		 52.68   	 127.16		
 67.18   	 -10.17		 53.18   	 137.33		
 67.14   	   5.09		 53.73   	 152.59		
 67.16   	  25.43		 54.34   	 162.77		
 67.26   	  30.52		 54.99   	 162.77		
 67.39   	  35.61		 55.65   	 162.77		
 67.53   	  30.52		 56.30   	 162.77		
 67.65   	  25.43		 56.95   	 162.77		
 67.75   	  15.26		 57.60   	 147.51		
 67.81   	  -5.09		 58.19   	 137.33		
 67.79   	 -20.35		 58.74   	 122.07		
 67.71   	 -50.86		 59.23   	 101.73		
 67.51   	 -71.21		 59.63   	  81.38		
 67.22   	-106.82		 59.96   	  50.86		
 66.80   	-147.51		 60.16   	  25.43		
 66.21   	-188.20		 60.26   	  15.26		
 65.45   	-239.06		 60.33   	  25.43		
 64.50   	-295.01		 60.43   	  30.52		
 63.32   	-345.88		 60.55   	  20.35		
 61.93   	-406.92		 60.63   	  25.43		
 60.30   	-457.78		 60.73   	  45.78		
 58.47   	-523.90		 60.92   	  61.04		
 56.38   	-584.94		 61.16   	  55.95		
 54.04   	-656.15		 61.38   	  50.86		
 51.41   	-717.19		 61.59   	  45.78		
 48.55   	-773.14		 61.77   	  55.95		
 45.45   	-824.00		 61.99   	  50.86		
 42.16   	-859.61		 62.20   	  40.69		
 38.72   	-874.87		 62.36   	  35.61		
 35.22   	-869.78		 62.50   	  30.52		
 31.74   	-849.44		 62.62   	  25.43		
 28.34   	-808.75		 62.73   	   5.09		
 25.11   	-757.88		 62.75   	  10.17		
 22.08   	-712.10		 62.79   	  10.17		
 19.23   	-645.98		 62.83   	   5.09		
 16.64   	-579.86		 62.85(S)	 -10.17		
 14.32   	-503.56		 62.81   	 -20.35		
 12.31   	-432.35		 62.73   	 -35.61		
 10.58   	-350.97		 62.58   	 -40.69		
  9.18   	-274.67		 62.42   	 -55.95		
  8.08   	-208.54		 62.20   	 -71.21		
  7.24   	-147.51		 61.91   	 -96.64		
  6.65   	 -96.64		 61.53   	-101.73		
  6.27   	 -61.04		 61.12   	-101.73		
  6.02   	 -30.52		 60.71   	-116.99		
  5.90   	 -15.26		 60.24   	-127.16		
  5.84   	 -15.26		 59.74   	-132.25		
  5.78   	 -55.95		 59.21   	-132.25		
  5.55   	-132.25		 58.68   	-127.16		
  5.03   	-218.72		 58.17   	-132.25		
  4.15   	-264.50		 57.64   	-127.16		
  3.09   	-218.72		 57.13   	-122.07		
  2.22   	-132.25		 56.64   	-111.90		
  1.69   	 -71.21		 56.20   	 -96.64		
  1.40   	 -30.52		 55.81   	 -86.47		
  1.28   	 -20.35		 55.46   	 -71.21		
  1.20   	 -20.35		 55.18   	 -61.04		
  1.12   	 -20.35		 54.93   	 -45.78		
  1.04   	  -5.09		 54.75   	 -45.78		
  1.02(D)	  10.17		 54.57   	 -40.69		
  1.06   	  30.52		 54.40   	 -40.69		
  1.18   	  30.52		 54.24   	 -35.61		
  1.30   	  30.52		 54.10   	 -50.86		
  1.42   	  30.52		 53.90   	 -55.95		
  1.55   	  35.61		 53.67   	 -61.04		
  1.69   	  50.86		 53.43   	 -76.30		
  1.89   	  61.04		 53.12   	 -81.38		
  2.14   	  61.04		 52.80   	 -86.47		
  2.38   	  71.21		 52.45   	 -96.64		
  2.67   	  66.12		 52.06   	 -91.56		
  2.93   	  66.12		 51.70   	 -91.56		
  3.19   	  61.04		 51.33   	 -91.56		
  3.44   	  61.04		 50.97   	 -81.38		
  3.68   	  50.86		 50.64   	 -76.30		
  3.89   	  45.78		 50.34   	 -71.21		
  4.07   	  30.52		 50.05   	 -61.04		
  4.19   	  20.35		 49.81   	 -50.86		
  4.27   	   5.09		 49.60   	 -50.86		
  4.29   	   0.00		 49.40   	 -40.69		
  4.29   	  -5.09		 49.24   	 -35.61		
  4.27   	  -5.09		 49.09   	 -35.61		
  4.25   	  -5.09		 48.95   	 -35.61		
  4.23   	   0.00		 48.81   	 -30.52		
  4.23   	  10.17		 48.69   	 -35.61		
  4.27   	  10.17		 48.55   	 -35.61		
  4.31   	  15.26		 48.40   	 -35.61		
  4.37   	  20.35		 48.26   	 -45.78		
  4.46   	  30.52		 48.08   	 -45.78		
  4.58   	  35.61		 47.89   	 -50.86		
  4.72   	  45.78		 47.69   	 -50.86		
  4.90   	  50.86		 47.49   	 -61.04		
  5.11   	  66.12		 47.24   	 -55.95		
  5.37   	  66.12		 47.02   	 -61.04		
  5.64   	  71.21		 46.77   	 -55.95		
  5.92   	  66.12		 46.55   	 -55.95		
  6.19   	  55.95		 46.33   	 -55.95		
  6.41   	  50.86		 46.10   	 -45.78		
  6.61   	  45.78		 45.92   	 -45.78		
  6.80   	  30.52		 45.74   	 -40.69		
  6.92   	  30.52		 45.57   	 -35.61		
  7.04   	  25.43		 45.43   	 -35.61		
  7.14   	  15.26		 45.29   	 -30.52		
  7.20   	  15.26		 45.17   	 -30.52		
  7.26   	   5.09		 45.05   	 -25.43		
  7.28   	   5.09		 44.94   	 -25.43		
  7.30   	   0.00		 44.84   	 -20.35		
  7.30   	  -5.09		 44.76   	 -30.52		
  7.28   	   0.00		 44.64   	 -25.43		
  7.28   	   0.00		 44.54   	 -30.52		
  7.28   	   0.00		 44.41   	 -35.61		
  7.28   	   5.09		 44.27   	 -35.61		
  7.30   	   5.09		 44.13   	 -35.61		
  7.32   	   5.09		 43.99   	 -35.61		
  7.34   	   5.09		 43.85   	 -35.61		
  7.37   	   5.09		 43.70   	 -40.69		
  7.39   	   5.09		 43.54   	 -35.61		
  7.41   	   0.00		 43.40   	 -35.61		
  7.41   	   5.09		 43.26   	 -35.61		
  7.43   	   0.00		 43.11   	 -35.61		
  7.43   	   0.00		 42.97   	 -30.52		
  7.43   	   0.00		 42.85   	 -30.52		
  7.43   	   0.00		 42.73   	 -25.43		
  7.43   	  -5.09		 42.62   	 -30.52		
  7.41   	   0.00		 42.50   	 -25.43		
  7.41   	   0.00		 42.40   	 -20.35		
  7.41   	   0.00		 42.32   	 -25.43		
  7.41   	   0.00		 42.22   	 -25.43		
  7.41   	   5.09		 42.12   	 -25.43		
  7.43   	   0.00		 42.01   	 -20.35		
  7.43   	   5.09		 41.93   	 -20.35		
  7.45   	   0.00		 41.85   	 -15.26		
  7.45   	   5.09		 41.79   	 -25.43		
  7.47   	   5.09		 41.69   	 -20.35		
  7.49   	   5.09		 41.61   	 -20.35		
  7.51   	   5.09		 41.53   	 -25.43		
  7.53   	   5.09		 41.42   	 -20.35		
  7.55   	   5.09		 41.34   	 -25.43		
  7.57   	   0.00		 41.24   	 -25.43		
  7.57   	   0.00		 41.14   	 -25.43		
  7.57   	  -5.09		 41.04   	 -25.43		
  7.55   	   0.00		 40.94   	 -25.43		
  7.55   	  -5.09		 40.83   	 -25.43		
  7.53   	  -5.09		 40.73   	 -20.35		
  7.51   	  -5.09		 40.65   	 -25.43		
  7.49   	  -5.09		 40.55   	 -20.35		
  7.47   	  -5.09		 40.47   	 -25.43		
  7.45   	  -5.09		 40.37   	 -25.43		
  7.43   	   0.00		 40.26   	 -20.35		
  7.43(E)	   5.09		 40.18   	 -25.43		
  7.45   	   5.09		 40.08   	 -15.26		
  7.47   	  10.17		 40.02   	 -15.26		
  7.51   	  25.43		 39.96   	 -15.26		
  7.61   	  25.43		 39.90   	 -15.26		
  7.71   	  40.69		 39.84   	 -10.17		
  7.87   	  55.95		 39.80   	 -15.26		
  8.10   	  61.04		 39.74   	 -15.26		
  8.34   	  71.21		 39.67   	 -20.35		
  8.63   	  66.12		 39.59   	 -15.26		
  8.89   	  66.12		 39.53   	 -15.26		
  9.16   	  61.04		 39.47   	 -15.26		
  9.40   	  55.95		 39.41   	 -20.35		
  9.62   	  45.78		 39.33   	 -20.35		
  9.81   	  45.78		 39.25   	 -20.35		
  9.99   	  40.69		 39.17   	 -20.35		
 10.15   	  30.52		 39.08   	 -20.35		
 10.27   	  30.52		 39.00   	 -20.35		
 10.40   	  30.52		 38.92   	 -25.43		
 10.52   	  40.69		 38.82   	 -15.26		
 10.68   	  55.95		 38.76   	 -20.35		
 10.91   	  86.47		 38.68   	 -20.35		
 11.25   	 127.16		 38.60   	 -20.35		
 11.76   	 188.20		 38.51   	 -15.26		
 12.51   	 233.98		 38.45   	 -20.35		
 13.45   	 274.67		 38.37   	 -10.17		
 14.55   	 320.45		 38.33   	 -15.26		
 15.83   	 361.14		 38.27   	 -10.17		
 17.27   	 406.92		 38.23   	  -5.09		
 18.90   	 447.61		 38.21   	 -10.17		
 20.69   	 483.21		 38.17   	 -15.26		
 22.62   	 615.46		 38.11   	 -10.17		
 25.09   	 635.81		 38.07   	 -15.26		
 27.63   	 640.89		 38.01   	 -10.17		
 30.19   	 635.81		 37.97   	 -15.26		
 32.74   	 615.46		 37.90   	 -10.17		
 35.20   	 584.94		 37.86   	 -20.35		
 37.54   	 564.60		 37.78   	 -10.17		
 39.80   	 539.16		 37.74   	 -20.35		
 41.95   	 528.99		 37.66   	 -15.26		
 44.07   	 483.21		 37.60   	 -15.26		
 46.00   	 427.26		 37.54   	 -15.26		
 47.71   	 356.05		 37.48   	 -10.17		
 49.14   	 284.84		 37.44   	 -10.17		
 50.27   	 223.80		 37.40   	 -10.17		
 51.17   	 162.77		 37.35   	  -5.09		
 51.82   	 106.82		 37.33   	 -10.17		
 52.25   	  50.86		 37.29   	  -5.09		
 52.45   	  20.35		 37.27   	  -5.09		
 52.53   	  -5.09		 37.25   	 -10.17		
 52.51   	 -10.17		 37.21   	 -10.17		
 52.47   	 -15.26		 37.17   	 -10.17		
 52.41   	   5.09		 37.13   	 -15.26		
 52.43   	  20.35		 37.07   	 -10.17		
 52.51   	  35.61		 37.03   	 -10.17		
 52.65   	  61.04		 36.99   	 -15.26		
 52.90   	 106.82		 36.93   	 -15.26		
 53.33   	 127.16		 36.87   	 -10.17		
 53.83   	 142.42		 36.83   	 -15.26		
 54.40   	 152.59		 36.76   	 -10.17		
 55.02   	 183.11		 36.72   	 -10.17		
 55.75   	 188.20		 36.68   	  -5.09		
 56.50   	 193.29		 36.66   	  -5.09		
 57.27   	 193.29		 36.64(D)	   0.00		
 58.05   	 213.63		 36.64   	   5.09		
 58.90   	 239.06		 36.66   	  10.17		
 59.86   	 259.41		 36.70   	  20.35		
 60.89   	 269.58		 36.79   	  30.52		
 61.97   	 249.24		 36.91   	  55.95		
 62.97   	 223.80		 37.13   	  76.30		
 63.87   	 203.46		 37.44   	 111.90		
 64.68   	 213.63		 37.88   	 147.51		
 65.53   	 228.89		 38.47   	 172.94		
 66.45   	 259.41		 39.17   	 203.46		
 67.49   	 305.19		 39.98   	 223.80		
 68.71   	 371.31		 40.87   	 244.15		
 70.19   	 356.05		 41.85   	 249.24		
 71.62   	 233.98		 42.85   	 259.41		
 72.55   	  96.64		 43.89   	 244.15		
 72.94   	  30.52		 44.86   	 239.06		
 73.06(S)	   0.00		 45.82   	 223.80		
 73.06   	 -25.43		 46.71   	 198.37		
 72.96   	 -55.95		 47.51   	 178.03		
 72.74   	 -71.21		 48.22   	 157.68		
 72.45   	-101.73		 48.85   	 132.25		
 72.04   	-132.25		 49.38   	 106.82		
 71.52   	-152.59		 49.81   	  96.64		
 70.91   	-152.59		 50.19   	  76.30		
 70.29   	-147.51		 50.50   	  76.30		
 69.70   	-132.25		 50.80   	  71.21		
 69.18   	-116.99		 51.09   	  81.38		
 68.71   	 -91.56		 51.41   	  86.47		
 68.34   	 -71.21		 51.76   	 101.73		
 68.06   	 -55.95		 52.17   	 116.99		
 67.83   	 -40.69		 52.63   	 132.25		
 67.67   	 -20.35		 53.16   	 142.42		
 67.59   	   0.00		 53.73   	 152.59		
 67.59   	  15.26		 54.34   	 162.77		
 67.65   	  25.43		 54.99   	 167.85		
 67.75   	  25.43		 55.67   	 172.94		
 67.85   	  30.52		 56.36   	 162.77		
 67.98   	  25.43		 57.01   	 162.77		
 68.08   	  10.17		 57.66   	 147.51		
 68.12   	   0.00		 58.25   	 137.33		
 68.12   	 -20.35		 58.80   	 127.16		
 68.04   	 -40.69		 59.31   	 101.73		
 67.87   	 -61.04		 59.71   	  81.38		
 67.63   	 -91.56		 60.04   	  55.95		
 67.26   	-132.25		 60.26   	  30.52		
 66.73   	-172.94		 60.39   	  25.43		
 66.04   	-213.63		 60.49   	  20.35		
 65.19   	-264.50		 60.57   	  20.35		
 64.13   	-320.45		 60.65   	  15.26		
 62.85   	-366.22		 60.71   	  25.43		
 61.38   	-427.26		 60.81   	  35.61		
 59.67   	-473.04		 60.96   	  55.95		
 57.78   	-534.08		 61.18   	  55.95		
 55.65   	-605.29		 61.40   	  66.12		
 53.22   	-671.41		 61.67   	  61.04		
 50.54   	-732.45		 61.91   	  61.04		
 47.61   	-793.49		 62.16   	  71.21		
 44.44   	-839.26		 62.44   	  66.12		
 41.08   	-864.70		 62.71   	  50.86		
 37.62   	-885.04		 62.91   	  35.61		
 34.08   	-869.78		 63.05   	  25.43		
 30.60   	-844.35		 63.15   	  20.35		
 27.22   	-803.66		 63.23   	  10.17		
 24.01   	-752.79		 63.28(S)	  -5.09		
 21.00   	-696.84		 63.26   	 -15.26		
 18.21   	-635.81		 63.19   	 -20.35		
 15.67   	-564.60		 63.11   	 -35.61		
 13.41   	-498.47		 62.97   	 -45.78		
 11.41   	-412.00		 62.79   	 -40.69		
  9.77   	-340.79		 62.62   	 -40.69		
  8.40   	-264.50		 62.46   	 -50.86		
  7.34   	-198.37		 62.26   	 -61.04		
  6.55   	-147.51		 62.01   	 -71.21		
  5.96   	 -96.64		 61.73   	 -86.47		
  5.57   	 -66.12		 61.38   	-101.73		
  5.31   	 -40.69		 60.98   	-111.90		
  5.15   	 -35.61		 60.53   	-127.16		
  5.01   	 -55.95		 60.02   	-132.25		
  4.78   	-111.90		 59.49   	-147.51		
  4.33   	-183.11		 58.90   	-152.59		
  3.60   	-218.72		 58.29   	-147.51		
  2.73   	-183.11		 57.70   	-142.42		
  1.99   	-106.82		 57.13   	-132.25		
  1.57   	 -40.69		 56.60   	-116.99		
  1.40   	 -15.26		 56.13   	-106.82		
  1.34   	   0.00		 55.71   	 -91.56		
  1.34   	  -5.09		 55.34   	 -71.21		
  1.32   	 -10.17		 55.06   	 -61.04		
  1.28(D)	   0.00		 54.81   	 -50.86		
  1.28   	  20.35		 54.61   	 -45.78		
  1.36   	  40.69		 54.43   	 -35.61		
  1.53   	  55.95		 54.28   	 -40.69		
  1.75   	  50.86		 54.12   	 -40.69		
  1.95   	  50.86		 53.96   	 -45.78		
  2.16   	  40.69		 53.77   	 -45.78		
  2.32   	  40.69		 53.59   	 -55.95		
  2.48   	  40.69		 53.37   	 -66.12		
  2.64   	  50.86		 53.10   	 -71.21		
  2.85   	  55.95		 52.82   	 -76.30		
  3.07   	  61.04		 52.51   	 -86.47		
  3.32   	  61.04		 52.17   	 -81.38		
  3.56   	  50.86		 51.84   	 -86.47		
  3.76   	  45.78		 51.50   	 -86.47		
  3.95   	  40.69		 51.15   	 -76.30		
  4.11   	  35.61		 50.84   	 -71.21		
  4.25   	  35.61		 50.56   	 -66.12		
  4.39   	  25.43		 50.29   	 -66.12		
  4.50   	  15.26		 50.03   	 -55.95		
  4.56   	  10.17		 49.81   	 -45.78		
  4.60   	   0.00		 49.62   	 -45.78		
  4.60   	 -10.17		 49.44   	 -40.69		
  4.56   	 -10.17		 49.28   	 -35.61		
  4.52   	 -10.17		 49.14   	 -35.61		
  4.48   	 -10.17		 48.99   	 -35.61		
  4.44   	   0.00		 48.85   	 -45.78		
  4.44   	   5.09		 48.67   	 -40.69		
  4.46   	  15.26		 48.50   	 -45.78		
  4.52   	  25.43		 48.32   	 -55.95		
  4.62   	  35.61		 48.10   	 -50.86		
  4.76   	  45.78		 47.89   	 -55.95		
  4.94   	  55.95		 47.67   	 -55.95		
  5.17   	  61.04		 47.45   	 -55.95		
  5.41   	  71.21		 47.22   	 -55.95		
  5.70   	  71.21		 47.00   	 -50.86		
  5.98   	  66.12		 46.80   	 -55.95		
  6.25   	  55.95		 46.57   	 -50.86		
  6.47   	  45.78		 46.37   	 -45.78		
  6.65   	  45.78		 46.18   	 -45.78		
  6.84   	  35.61		 46.00   	 -40.69		
  6.98   	  35.61		 45.84   	 -35.61		
  7.12   	  30.52		 45.70   	 -30.52		
  7.24   	  30.52		 45.57   	 -30.52		
  7.37   	  20.35		 45.45   	 -25.43		
  7.45   	  15.26		 45.35   	 -25.43		
  7.51   	  10.17		 45.25   	 -30.52		
  7.55   	   5.09		 45.13   	 -25.43		
  7.57   	   5.09		 45.03   	 -30.52		
  7.59   	   0.00		 44.90   	 -30.52		
  7.59   	  -5.09		 44.78   	 -30.52		
  7.57   	   0.00		 44.66   	 -35.61		
  7.57   	  -5.09		 44.52   	 -35.61		
  7.55   	  -5.09		 44.37   	 -35.61		
  7.53   	   0.00		 44.23   	 -40.69		
  7.53   	  -5.09		 44.07   	 -40.69		
  7.51   	  -5.09		 43.91   	 -40.69		
  7.49   	 -10.17		 43.74   	 -40.69		
  7.45   	  -5.09		 43.58   	 -35.61		
  7.43   	 -10.17		 43.44   	 -30.52		
  7.39   	  -5.09		 43.32   	 -35.61		
  7.37   	 -10.17		 43.17   	 -35.61		
  7.32   	  -5.09		 43.03   	 -30.52		
  7.30   	   0.00		 42.91   	 -25.43		
  7.30   	   0.00		 42.81   	 -30.52		
  7.30   	   0.00		 42.69   	 -25.43		
  7.30   	   0.00		 42.58   	 -30.52		
  7.30   	   5.09		 42.46   	 -20.35		
  7.32   	   5.09		 42.38   	 -20.35		
  7.34   	   5.09		 42.30   	 -20.35		
  7.37   	  10.17		 42.22   	 -20.35		
  7.41   	  10.17		 42.14   	 -15.26		
  7.45   	  10.17		 42.08   	 -20.35		
  7.49   	  10.17		 41.99   	 -20.35		
  7.53   	  10.17		 41.91   	 -20.35		
  7.57   	   5.09		 41.83   	 -25.43		
  7.59   	   5.09		 41.73   	 -25.43		
  7.61   	   5.09		 41.63   	 -25.43		
  7.63   	   5.09		 41.53   	 -25.43		
  7.65   	   0.00		 41.42   	 -30.52		
  7.65   	   0.00		 41.30   	 -25.43		
  7.65   	  -5.09		 41.20   	 -25.43		
  7.63   	   0.00		 41.10   	 -25.43		
  7.63   	  -5.09		 41.00   	 -25.43		
  7.61   	  -5.09		 40.90   	 -25.43		
  7.59   	  -5.09		 40.79   	 -25.43		
  7.57   	   0.00		 40.69   	 -25.43		
  7.57   	   0.00		 40.59   	 -25.43		
  7.57(E)	   5.09		 40.49   	 -20.35		
  7.59   	   5.09		 40.41   	 -20.35		
  7.61   	  15.26		 40.33   	 -15.26		
  7.67   	  15.26		 40.26   	 -15.26		
  7.73   	  40.69		 40.20   	 -20.35		
  7.89   	  50.86		 40.12   	 -15.26		
  8.10   	  55.95		 40.06   	 -15.26		
  8.32   	  61.04		 40.00   	 -15.26		
  8.57   	  50.86		 39.94   	 -15.26		
  8.77   	  55.95		 39.88   	 -20.35		
  8.99   	  55.95		 39.80   	 -15.26		
  9.22   	  61.04		 39.74   	 -20.35		
  9.46   	  55.95		 39.65   	 -20.35		
  9.68   	  50.86		 39.57   	 -20.35		
  9.89   	  40.69		 39.49   	 -25.43		
 10.05   	  35.61		 39.39   	 -25.43		
 10.19   	  30.52		 39.29   	 -20.35		
 10.32   	  35.61		 39.21   	 -20.35		
 10.46   	  40.69		 39.12   	 -20.35		
 10.62   	  61.04		 39.04   	 -20.35		
 10.86   	  91.56		 38.96   	 -15.26		
 11.23   	 137.33		 38.90   	 -20.35		
 11.78   	 188.20		 38.82   	 -15.26		
 12.53   	 239.06		 38.76   	 -15.26		
 13.49   	 284.84		 38.70   	 -15.26		
 14.63   	 330.62		 38.64   	 -15.26		
 15.95   	 371.31		 38.58   	 -10.17		
 17.44   	 406.92		 38.53   	 -10.17		
 19.06   	 437.43		 38.49   	  -5.09		
 20.81   	 574.77		 38.47   	 -10.17		
 23.11   	 595.11		 38.43   	 -10.17		
 25.49   	  N/A		 38.39   	  N/A		
