WITTCASE NUMBER: HA002206
SAMPLE NUMBER:   22
TIME RESOLUTION: 4 ms/sample
mmHg RESOLUTION: 0.0203458 mmHg/unit
DATA UNITS:      mmHg, mmHg/sec

------------------------- Begin Data -------------------------
  MPA     	  MPA'		  LV     	  LV'		
 22.58   	-157.68		 43.72   	-966.43		
 21.95   	-132.25		 39.86   	-910.47		
 21.42   	 -86.47		 36.22   	-813.83		
 21.08   	 -40.69		 32.96   	-712.10		
 20.92   	 -10.17		 30.11   	-635.81		
 20.87   	  30.52		 27.57   	-549.34		
 21.00   	  71.21		 25.37   	-473.04		
 21.28   	 101.73		 23.48   	-422.18		
 21.69   	 111.90		 21.79   	-386.57		
 22.14   	 122.07		 20.24   	-356.05		
 22.62   	 111.90		 18.82   	-330.62		
 23.07   	 111.90		 17.50   	-310.27		
 23.52   	 111.90		 16.26   	-310.27		
 23.97   	 106.82		 15.02   	-300.10		
 24.39   	  86.47		 13.81   	-284.84		
 24.74   	  66.12		 12.68   	-284.84		
 25.00   	  66.12		 11.54   	-274.67		
 25.27   	  45.78		 10.44   	-244.15		
 25.45   	  10.17		  9.46   	-213.63		
 25.49   	   0.00		  8.61   	-178.03		
 25.49   	  -5.09		  7.89   	-152.59		
 25.47   	 -30.52		  7.28   	-106.82		
 25.35   	 -76.30		  6.86   	 -66.12		
 25.05   	 -81.38		  6.59   	 -25.43		
 24.72   	 -76.30		  6.49   	   0.00		
 24.41   	 -91.56		  6.49   	   5.09		
 24.05   	-106.82		  6.51   	  15.26		
 23.62   	-106.82		  6.57   	  45.78		
 23.19   	-106.82		  6.75   	  45.78		
 22.77   	-111.90		  6.94   	  50.86		
 22.32   	-106.82		  7.14   	  71.21		
 21.89   	 -91.56		  7.43   	  71.21		
 21.53   	 -81.38		  7.71   	  50.86		
 21.20   	 -71.21		  7.91   	  45.78		
 20.92   	 -66.12		  8.10   	  55.95		
 20.65   	 -45.78		  8.32   	  45.78		
 20.47   	 -35.61		  8.50   	  30.52		
 20.33   	 -55.95		  8.63   	  10.17		
 20.10   	 -61.04		  8.67   	  15.26		
 19.86   	 -50.86		  8.73   	  20.35		
 19.65   	 -45.78		  8.81   	  10.17		
 19.47   	 -35.61		  8.85   	  10.17		
 19.33   	 -30.52		  8.89   	  15.26		
 19.21   	 -35.61		  8.95   	  30.52		
 19.06   	 -40.69		  9.07   	  30.52		
 18.90   	 -50.86		  9.20   	  35.61		
 18.70   	 -55.95		  9.34   	  40.69		
 18.47   	 -35.61		  9.50   	  40.69		
 18.33   	 -40.69		  9.66   	  45.78		
 18.17   	 -45.78		  9.85   	  40.69		
 17.99   	 -45.78		 10.01   	  40.69		
 17.80   	 -40.69		 10.17   	  45.78		
 17.64   	 -30.52		 10.36   	  45.78		
 17.52   	 -35.61		 10.54   	  40.69		
 17.38   	 -40.69		 10.70   	  35.61		
 17.21   	 -45.78		 10.84   	  35.61		
 17.03   	 -45.78		 10.99   	  35.61		
 16.85   	 -45.78		 11.13   	  30.52		
 16.66   	 -45.78		 11.25   	  25.43		
 16.48   	 -50.86		 11.35   	  25.43		
 16.28   	 -45.78		 11.45   	  20.35		
 16.09   	 -45.78		 11.54   	  20.35		
 15.91   	 -50.86		 11.62   	  15.26		
 15.71   	 -45.78		 11.68   	  20.35		
 15.52   	 -40.69		 11.76   	  20.35		
 15.36   	 -35.61		 11.84   	  20.35		
 15.22   	 -35.61		 11.92   	  25.43		
 15.08   	 -30.52		 12.02   	  20.35		
 14.95   	 -30.52		 12.11   	  20.35		
 14.83   	 -25.43		 12.19   	  20.35		
 14.73   	 -20.35		 12.27   	  20.35		
 14.65   	 -15.26		 12.35   	  20.35		
 14.59   	 -20.35		 12.43   	  20.35		
 14.51   	 -15.26		 12.51   	  15.26		
 14.45   	 -10.17		 12.57   	  15.26		
 14.40   	 -15.26		 12.63   	  10.17		
 14.34   	 -10.17		 12.68   	   5.09		
 14.30   	 -15.26		 12.70   	  10.17		
 14.24   	 -10.17		 12.74   	  10.17		
 14.20   	 -10.17		 12.78   	  10.17		
 14.16   	  -5.09		 12.82   	  10.17		
 14.14   	  -5.09		 12.86   	  10.17		
 14.12   	  -5.09		 12.90   	  15.26		
 14.10   	  -5.09		 12.96   	  10.17		
 14.08   	  -5.09		 13.00   	  15.26		
 14.06   	  -5.09		 13.06   	  20.35		
 14.04   	   0.00		 13.14   	  15.26		
 14.04   	  -5.09		 13.20   	  15.26		
 14.02   	   5.09		 13.27   	  10.17		
 14.04   	   0.00		 13.31   	  10.17		
 14.04   	   5.09		 13.35   	  10.17		
 14.06   	  10.17		 13.39   	  10.17		
 14.10   	  15.26		 13.43   	  20.35		
 14.16   	  10.17		 13.51   	  20.35		
 14.20   	  15.26		 13.59   	  25.43		
 14.26   	   5.09		 13.69   	  20.35		
 14.28   	   5.09		 13.77   	  20.35		
 14.30   	   5.09		 13.86(E)	  15.26		
 14.32   	   5.09		 13.92   	  10.17		
 14.34   	   0.00		 13.96   	  15.26		
 14.34   	  -5.09		 14.02   	  10.17		
 14.32   	  -5.09		 14.06   	  10.17		
 14.30   	   0.00		 14.10   	  15.26		
 14.30   	  -5.09		 14.16   	  35.61		
 14.28   	  -5.09		 14.30   	  50.86		
 14.26   	   0.00		 14.51   	  81.38		
 14.26   	   0.00		 14.83   	 111.90		
 14.26   	  10.17		 15.28   	 147.51		
 14.30   	  20.35		 15.87   	 178.03		
 14.38   	  30.52		 16.58   	 208.54		
 14.51   	  45.78		 17.42   	 249.24		
 14.69   	  61.04		 18.41   	 289.93		
 14.93   	  86.47		 19.57   	 320.45		
 15.28   	 122.07		 20.85   	 381.48		
 15.77   	 162.77		 22.38   	 493.39		
 16.42   	 218.72		 24.35   	 610.37		
 17.29   	 244.15		 26.80   	 696.84		
 18.27   	 183.11		 29.58   	 747.71		
 19.00   	  66.12		 32.57   	 798.57		
 19.27   	  40.69		 35.77   	 808.75		
 19.43   	  66.12		 39.00   	 808.75		
 19.69   	  55.95		 42.24   	 834.18		
 19.92   	  61.04		 45.57   	 742.62		
 20.16   	  71.21		 48.55   	 666.32		
 20.45   	  96.64		 51.21   	 635.81		
 20.83   	 106.82		 53.75   	 620.55		
 21.26   	 116.99		 56.24   	 584.94		
 21.73   	 122.07		 58.58   	 569.68		
 22.22   	 122.07		 60.85   	 528.99		
 22.71   	 116.99		 62.97   	 442.52		
 23.17   	 111.90		 64.74   	 406.92		
 23.62   	 101.73		 66.37   	 406.92		
 24.03   	  86.47		 68.00   	 376.40		
 24.37   	  66.12		 69.50   	 320.45		
 24.64   	  50.86		 70.78   	 295.01		
 24.84   	  40.69		 71.96   	 289.93		
 25.00   	  25.43		 73.12   	 269.58		
 25.11   	  20.35		 74.20   	 244.15		
 25.19   	   5.09		 75.18   	 233.98		
 25.21   	   5.09		 76.11   	 223.80		
 25.23   	  15.26		 77.01   	 203.46		
 25.29   	  10.17		 77.82   	 183.11		
 25.33   	  20.35		 78.56   	 162.77		
 25.41   	  30.52		 79.21   	 147.51		
 25.53   	  35.61		 79.80   	 142.42		
 25.68   	  30.52		 80.37   	 116.99		
 25.80   	  50.86		 80.83   	  96.64		
 26.00   	  45.78		 81.22   	  76.30		
 26.19   	  40.69		 81.53   	  66.12		
 26.35   	  20.35		 81.79   	  45.78		
 26.43   	  25.43		 81.97   	  40.69		
 26.53   	  15.26		 82.14   	  25.43		
 26.59   	   5.09		 82.24   	  20.35		
 26.61   	 -15.26		 82.32   	  10.17		
 26.55   	 -10.17		 82.36(S)	  -5.09		
 26.51   	   0.00		 82.34   	 -10.17		
 26.51   	   5.09		 82.30   	 -10.17		
 26.53   	   5.09		 82.26   	 -15.26		
 26.55   	  15.26		 82.20   	 -15.26		
 26.61   	  25.43		 82.14   	 -15.26		
 26.71   	  25.43		 82.07   	 -25.43		
 26.82   	  20.35		 81.97   	 -30.52		
 26.90   	  20.35		 81.85   	 -20.35		
 26.98   	  15.26		 81.77   	 -15.26		
 27.04   	  15.26		 81.71   	 -30.52		
 27.10   	   5.09		 81.59   	 -35.61		
 27.12(S)	  -5.09		 81.44   	 -30.52		
 27.10   	  -5.09		 81.32   	 -25.43		
 27.08   	 -15.26		 81.22   	 -30.52		
 27.02   	 -20.35		 81.10   	 -35.61		
 26.94   	 -15.26		 80.96   	 -45.78		
 26.88   	  -5.09		 80.77   	 -55.95		
 26.86   	  -5.09		 80.55   	 -50.86		
 26.84   	  -5.09		 80.35   	 -55.95		
 26.82   	   5.09		 80.12   	 -61.04		
 26.84   	  10.17		 79.88   	 -71.21		
 26.88   	   5.09		 79.59   	 -71.21		
 26.90   	  10.17		 79.31   	 -66.12		
 26.94   	   5.09		 79.04   	 -76.30		
 26.96   	  10.17		 78.74   	 -86.47		
 27.00   	   0.00		 78.39   	 -86.47		
 27.00   	  -5.09		 78.05   	 -81.38		
 26.98   	 -10.17		 77.72   	 -91.56		
 26.94   	 -20.35		 77.35   	-106.82		
 26.86   	 -20.35		 76.93   	-127.16		
 26.78   	 -25.43		 76.42   	-137.33		
 26.67   	 -30.52		 75.87   	-152.59		
 26.55   	 -30.52		 75.26   	-188.20		
 26.43   	 -35.61		 74.51   	-228.89		
 26.29   	 -35.61		 73.59   	-269.58		
 26.14   	 -30.52		 72.51   	-330.62		
 26.02   	 -40.69		 71.19   	-386.57		
 25.86   	 -40.69		 69.64   	-462.87		
 25.70   	 -50.86		 67.79   	-544.25		
 25.49   	 -66.12		 65.62   	-640.89		
 25.23   	 -81.38		 63.05   	-762.97		
 24.90   	 -96.64		 60.00   	-925.73		
 24.52   	-111.90		 56.30   	-986.77		
 24.07   	-137.33		 52.35   	-961.34		
 23.52   	-157.68		 48.50   	-946.08		
 22.89   	-157.68		 44.72   	-966.43		
 22.26   	-127.16		 40.85   	-935.91		
 21.75   	 -81.38		 37.11   	-844.35		
 21.42   	 -45.78		 33.73   	-742.62		
 21.24   	  -5.09		 30.76   	-656.15		
 21.22   	  30.52		 28.14   	-579.86		
 21.34   	  71.21		 25.82   	-498.47		
 21.63   	 101.73		 23.82   	-432.35		
 22.03   	 116.99		 22.10   	-386.57		
 22.50   	 116.99		 20.55   	-361.14		
 22.97   	 116.99		 19.10   	-335.71		
 23.44   	 116.99		 17.76   	-320.45		
 23.91   	 106.82		 16.48   	-310.27		
 24.33   	  91.56		 15.24   	-300.10		
 24.70   	  71.21		 14.04   	-289.93		
 24.98   	  66.12		 12.88   	-300.10		
 25.25   	  71.21		 11.68   	-279.75		
 25.53   	  40.69		 10.56   	-259.41		
 25.70   	  10.17		  9.52   	-223.80		
 25.74   	  10.17		  8.63   	-183.11		
 25.78   	  -5.09		  7.89   	-137.33		
 25.76   	 -45.78		  7.34   	-111.90		
 25.57   	 -71.21		  6.90   	 -71.21		
 25.29   	 -76.30		  6.61   	 -45.78		
 24.98   	 -81.38		  6.43   	 -30.52		
 24.66   	 -91.56		  6.31(D)	   0.00		
 24.29   	 -96.64		  6.31   	  35.61		
 23.91   	 -96.64		  6.45   	  30.52		
 23.52   	-106.82		  6.57   	  35.61		
 23.09   	-132.25		  6.71   	  61.04		
 22.56   	-122.07		  6.96   	  66.12		
 22.08   	-106.82		  7.22   	  66.12		
 21.65   	 -91.56		  7.49   	  66.12		
 21.28   	 -86.47		  7.75   	  66.12		
 20.94   	 -55.95		  8.02   	  55.95		
 20.71   	 -50.86		  8.24   	  45.78		
 20.51   	 -40.69		  8.42   	  35.61		
 20.35   	 -25.43		  8.57   	  30.52		
 20.24   	 -45.78		  8.69   	  15.26		
 20.06   	 -66.12		  8.75   	  10.17		
 19.80   	 -45.78		  8.79   	  15.26		
 19.61   	 -45.78		  8.85   	  10.17		
 19.43   	 -50.86		  8.89   	  10.17		
 19.23   	 -50.86		  8.93   	  20.35		
 19.02   	 -50.86		  9.01   	  25.43		
 18.82   	 -35.61		  9.11   	  30.52		
 18.68   	 -40.69		  9.24   	  45.78		
 18.51   	 -40.69		  9.42   	  50.86		
 18.35   	 -35.61		  9.62   	  55.95		
 18.21   	 -40.69		  9.85   	  45.78		
 18.05   	 -40.69		 10.03   	  45.78		
 17.88   	 -45.78		 10.21   	  40.69		
 17.70   	 -45.78		 10.38   	  45.78		
 17.52   	 -35.61		 10.56   	  50.86		
 17.38   	 -35.61		 10.76   	  50.86		
 17.23   	 -40.69		 10.97   	  40.69		
 17.07   	 -45.78		 11.13   	  35.61		
 16.89   	 -50.86		 11.27   	  35.61		
 16.68   	 -55.95		 11.41   	  25.43		
 16.46   	 -55.95		 11.52   	  25.43		
 16.24   	 -50.86		 11.62   	  20.35		
 16.03   	 -50.86		 11.70   	  15.26		
 15.83   	 -40.69		 11.76   	  15.26		
 15.67   	 -45.78		 11.82   	  20.35		
 15.48   	 -35.61		 11.90   	  15.26		
 15.34   	 -35.61		 11.96   	  20.35		
 15.20   	 -25.43		 12.04   	  25.43		
 15.10   	 -25.43		 12.15   	  25.43		
 14.99   	 -20.35		 12.25   	  20.35		
 14.91   	 -20.35		 12.33   	  25.43		
 14.83   	 -15.26		 12.43   	  20.35		
 14.77   	 -20.35		 12.51   	  20.35		
 14.69   	 -15.26		 12.59   	  20.35		
 14.63   	 -20.35		 12.68   	  20.35		
 14.55   	 -20.35		 12.76   	  10.17		
 14.47   	 -15.26		 12.80   	  10.17		
 14.40   	 -20.35		 12.84   	  10.17		
 14.32   	 -15.26		 12.88   	  10.17		
 14.26   	 -15.26		 12.92   	  10.17		
 14.20   	 -15.26		 12.96   	  15.26		
 14.14   	 -10.17		 13.02   	  10.17		
 14.10   	 -15.26		 13.06   	   5.09		
 14.04   	  -5.09		 13.08   	   5.09		
 14.02   	  -5.09		 13.10   	  10.17		
 14.00   	  -5.09		 13.14   	  15.26		
 13.98   	  -5.09		 13.20   	  15.26		
 13.96(D)	   5.09		 13.27   	  15.26		
 13.98   	   5.09		 13.33   	  10.17		
 14.00   	  10.17		 13.37   	  10.17		
 14.04   	  20.35		 13.41   	  10.17		
 14.12   	  15.26		 13.45   	  10.17		
 14.18   	  20.35		 13.49   	  20.35		
 14.26   	  10.17		 13.57   	  15.26		
 14.30   	  10.17		 13.63   	  20.35		
 14.34   	  10.17		 13.71   	  15.26		
 14.38   	  10.17		 13.77   	  25.43		
 14.43   	   5.09		 13.88   	  25.43		
 14.45   	   0.00		 13.98   	  20.35		
 14.45   	   0.00		 14.06(E)	  15.26		
 14.45   	  -5.09		 14.12   	  10.17		
 14.43   	  -5.09		 14.16   	  10.17		
 14.40   	  -5.09		 14.20   	  10.17		
 14.38   	 -10.17		 14.24   	  20.35		
 14.34   	 -10.17		 14.32   	  25.43		
 14.30   	  -5.09		 14.43   	  40.69		
 14.28   	  -5.09		 14.59   	  55.95		
 14.26   	  -5.09		 14.81   	  81.38		
 14.24   	   5.09		 15.14   	 111.90		
 14.26   	  15.26		 15.58   	 152.59		
 14.32   	  25.43		 16.20   	 193.29		
 14.43   	  40.69		 16.97   	 228.89		
 14.59   	  55.95		 17.88   	 264.50		
 14.81   	  76.30		 18.94   	 300.10		
 15.12   	 106.82		 20.14   	 330.62		
 15.54   	 132.25		 21.46   	 412.00		
 16.07   	 172.94		 23.11   	 539.16		
 16.76   	 218.72		 25.27   	 645.98		
 17.64   	 228.89		 27.85   	 712.10		
 18.56   	 167.85		 30.70   	 762.97		
 19.23   	  71.21		 33.75   	 803.66		
 19.51   	  50.86		 36.97   	 813.83		
 19.72   	  55.95		 40.22   	 808.75		
 19.94   	  61.04		 43.46   	 813.83		
 20.18   	  61.04		 46.71   	 712.10		
 20.43   	  66.12		 49.56   	 656.15		
 20.69   	  91.56		 52.19   	 620.55		
 21.06   	 111.90		 54.67   	 595.11		
 21.51   	 116.99		 57.05   	 574.77		
 21.97   	 116.99		 59.35   	 559.51		
 22.44   	 116.99		 61.59   	 493.39		
 22.91   	 111.90		 63.56   	 417.09		
 23.36   	 106.82		 65.23   	 406.92		
 23.78   	  91.56		 66.86   	 396.74		
 24.15   	  81.38		 68.44   	 361.14		
 24.48   	  71.21		 69.89   	 315.36		
 24.76   	  45.78		 71.15   	 310.27		
 24.94   	  35.61		 72.39   	 284.84		
 25.09   	  20.35		 73.53   	 259.41		
 25.17   	  20.35		 74.57   	 239.06		
 25.25   	  10.17		 75.52   	 223.80		
 25.29   	   0.00		 76.42   	 213.63		
 25.29   	   0.00		 77.27   	 198.37		
 25.29   	   0.00		 78.07   	 178.03		
 25.29   	  15.26		 78.78   	 157.68		
 25.35   	  35.61		 79.41   	 137.33		
 25.49   	  45.78		 79.96   	 116.99		
 25.68   	  45.78		 80.43   	 111.90		
 25.86   	  55.95		 80.87   	  91.56		
 26.08   	  55.95		 81.24   	  76.30		
 26.31   	  35.61		 81.55   	  55.95		
 26.45   	  25.43		 81.77   	  45.78		
 26.55   	  25.43		 81.95   	  35.61		
 26.65   	  10.17		 82.10   	  25.43		
 26.69   	   5.09		 82.20   	  25.43		
 26.71   	   5.09		 82.30   	  20.35		
 26.73   	   0.00		 82.38   	   5.09		
 26.73   	 -15.26		 82.40(S)	  -5.09		
 26.67   	 -10.17		 82.38   	 -10.17		
 26.63   	   0.00		 82.34   	 -25.43		
 26.63   	   5.09		 82.24   	 -20.35		
 26.65   	  15.26		 82.16   	 -15.26		
 26.71   	  30.52		 82.10   	 -25.43		
 26.84   	  25.43		 81.99   	 -25.43		
 26.94   	  30.52		 81.89   	 -25.43		
 27.06   	  30.52		 81.79   	 -25.43		
 27.18   	  15.26		 81.69   	 -25.43		
 27.24   	  10.17		 81.59   	 -35.61		
 27.28   	  10.17		 81.44   	 -30.52		
 27.32(S)	   0.00		 81.32   	 -20.35		
 27.32   	 -10.17		 81.24   	 -30.52		
 27.28   	 -10.17		 81.12   	 -45.78		
 27.24   	 -15.26		 80.94   	 -50.86		
 27.18   	  -5.09		 80.73   	 -50.86		
 27.16   	  -5.09		 80.53   	 -55.95		
 27.14   	 -10.17		 80.30   	 -50.86		
 27.10   	  -5.09		 80.10   	 -50.86		
 27.08   	  -5.09		 79.90   	 -61.04		
 27.06   	  -5.09		 79.65   	 -76.30		
 27.04   	  -5.09		 79.35   	 -81.38		
 27.02   	  -5.09		 79.02   	 -76.30		
 27.00   	 -10.17		 78.72   	 -81.38		
 26.96   	   0.00		 78.39   	 -96.64		
 26.96   	 -10.17		 78.01   	-101.73		
 26.92   	 -10.17		 77.60   	-101.73		
 26.88   	 -15.26		 77.19   	-111.90		
 26.82   	 -20.35		 76.74   	-132.25		
 26.73   	 -20.35		 76.22   	-147.51		
 26.65   	 -20.35		 75.63   	-157.68		
 26.57   	 -20.35		 74.99   	-188.20		
 26.49   	 -25.43		 74.24   	-223.80		
 26.39   	 -20.35		 73.35   	-274.67		
 26.31   	 -30.52		 72.25   	-330.62		
 26.19   	 -40.69		 70.93   	-401.83		
 26.02   	 -45.78		 69.32   	-473.04		
 25.84   	 -61.04		 67.43   	-564.60		
 25.60   	 -76.30		 65.17   	-661.24		
 25.29   	 -96.64		 62.52   	-798.57		
 24.90   	-111.90		 59.33   	-946.08		
 24.46   	-127.16		 55.54   	-991.86		
 23.95   	-152.59		 51.58   	-946.08		
 23.34   	-172.94		 47.79   	-956.25		
 22.64   	-152.59		 43.97   	-966.43		
 22.03   	-106.82		 40.10   	-920.65		
 21.61   	 -61.04		 36.42   	-818.92		
 21.36   	 -20.35		 33.14   	-727.36		
 21.28   	  15.26		 30.23   	-640.89		
 21.34   	  55.95		 27.67   	-559.51		
 21.57   	  91.56		 25.43   	-483.21		
 21.93   	 116.99		 23.50   	-422.18		
 22.40   	 127.16		 21.81   	-386.57		
 22.91   	 132.25		 20.26   	-350.97		
 23.44   	 122.07		 18.86   	-335.71		
 23.93   	 116.99		 17.52   	-320.45		
 24.39   	 101.73		 16.24   	-315.36		
 24.80   	  86.47		 14.97   	-295.01		
 25.15   	  71.21		 13.79   	-295.01		
 25.43   	  55.95		 12.61   	-295.01		
 25.66   	  40.69		 11.43   	-279.75		
 25.82   	  30.52		 10.32   	-249.24		
 25.94   	  10.17		  9.32   	-218.72		
 25.98   	 -20.35		  8.44   	-183.11		
 25.90   	 -35.61		  7.71   	-132.25		
 25.76   	 -35.61		  7.18   	 -91.56		
 25.62   	 -55.95		  6.82   	 -61.04		
 25.39   	 -86.47		  6.57   	 -40.69		
 25.05   	 -91.56		  6.41   	  -5.09		
 24.68   	 -86.47		  6.39(D)	  35.61		
 24.33   	 -91.56		  6.53   	  35.61		
 23.97   	-106.82		  6.67   	  20.35		
 23.54   	-122.07		  6.75   	  25.43		
 23.05   	-127.16		  6.86   	  66.12		
 22.54   	-122.07		  7.12   	  71.21		
 22.05   	-101.73		  7.41   	  61.04		
 21.65   	 -81.38		  7.65   	  45.78		
 21.32   	 -91.56		  7.83   	  55.95		
 20.96   	 -86.47		  8.06   	  55.95		
 20.61   	 -55.95		  8.28   	  35.61		
 20.39   	 -30.52		  8.42   	  20.35		
 20.26   	 -30.52		  8.50   	  25.43		
 20.14   	 -40.69		  8.61   	  30.52		
 19.98   	 -40.69		  8.73   	  20.35		
 19.82   	 -45.78		  8.81   	  15.26		
 19.63   	 -50.86		  8.87   	  30.52		
 19.43   	 -61.04		  8.99   	  30.52		
 19.19   	 -55.95		  9.11   	  25.43		
 18.96   	 -35.61		  9.22   	  25.43		
 18.82   	 -35.61		  9.32   	  35.61		
 18.68   	 -50.86		  9.46   	  35.61		
 18.47   	 -40.69		  9.60   	  40.69		
 18.31   	 -30.52		  9.77   	  40.69		
 18.19   	 -45.78		  9.93   	  40.69		
 18.01   	 -45.78		 10.09   	  40.69		
 17.82   	 -45.78		 10.25   	  45.78		
 17.64   	 -40.69		 10.44   	  45.78		
 17.48   	 -45.78		 10.62   	  45.78		
 17.29   	 -50.86		 10.80   	  50.86		
 17.09   	 -45.78		 11.01   	  40.69		
 16.91   	 -50.86		 11.17   	  40.69		
 16.70   	 -50.86		 11.33   	  35.61		
 16.50   	 -50.86		 11.48   	  25.43		
 16.30   	 -45.78		 11.58   	  25.43		
 16.11   	 -40.69		 11.68   	  20.35		
 15.95   	 -40.69		 11.76   	  25.43		
 15.79   	 -40.69		 11.86   	  15.26		
 15.63   	 -35.61		 11.92   	  20.35		
 15.48   	 -35.61		 12.00   	  15.26		
 15.34   	 -35.61		 12.07   	  10.17		
 15.20   	 -35.61		 12.11   	  20.35		
 15.06   	 -30.52		 12.19   	  20.35		
 14.93   	 -25.43		 12.27   	  30.52		
 14.83   	 -25.43		 12.39   	  20.35		
 14.73   	 -20.35		 12.47   	  25.43		
 14.65   	 -20.35		 12.57   	  20.35		
 14.57   	 -15.26		 12.66   	  25.43		
 14.51   	 -10.17		 12.76   	  20.35		
 14.47   	  -5.09		 12.84   	  20.35		
 14.45   	  -5.09		 12.92   	  15.26		
 14.43   	  -5.09		 12.98   	  15.26		
 14.40   	 -10.17		 13.04   	  10.17		
 14.36   	 -15.26		 13.08   	   5.09		
 14.30   	 -20.35		 13.10   	   0.00		
 14.22   	 -10.17		 13.10   	  10.17		
 14.18   	 -10.17		 13.14   	  10.17		
 14.14   	 -15.26		 13.18   	  10.17		
 14.08   	 -10.17		 13.22   	  10.17		
 14.04   	  -5.09		 13.27   	  10.17		
 14.02   	  -5.09		 13.31   	  15.26		
 14.00(D)	   0.00		 13.37   	   5.09		
 14.00   	  15.26		 13.39   	  15.26		
 14.06   	  20.35		 13.45   	  15.26		
 14.14   	  20.35		 13.51   	  15.26		
 14.22   	  20.35		 13.57   	  20.35		
 14.30   	  15.26		 13.65   	  15.26		
 14.36   	  10.17		 13.71   	  20.35		
 14.40   	  10.17		 13.79   	  25.43		
 14.45   	   0.00		 13.90   	  25.43		
 14.45   	   0.00		 14.00   	  20.35		
 14.45   	 -10.17		 14.08(E)	  15.26		
 14.40   	 -10.17		 14.14   	  10.17		
 14.36   	 -10.17		 14.18   	  10.17		
 14.32   	 -10.17		 14.22   	   5.09		
 14.28   	 -10.17		 14.24   	  15.26		
 14.24   	  -5.09		 14.30   	  15.26		
 14.22   	   0.00		 14.36   	  35.61		
 14.22   	   0.00		 14.51   	  55.95		
 14.22   	   0.00		 14.73   	  86.47		
 14.22   	   5.09		 15.08   	 116.99		
 14.24   	  15.26		 15.54   	 147.51		
 14.30   	  30.52		 16.13   	 188.20		
 14.43   	  35.61		 16.89   	 218.72		
 14.57   	  55.95		 17.76   	 254.32		
 14.79   	  71.21		 18.78   	 289.93		
 15.08   	 101.73		 19.94   	 315.36		
 15.48   	 137.33		 21.20   	 381.48		
 16.03   	 172.94		 22.73   	 508.65		
 16.72   	 223.80		 24.76   	 620.55		
 17.62   	 254.32		 27.24   	 707.02		
 18.64   	 188.20		 30.07   	 762.97		
 19.39   	  81.38		 33.12   	 803.66		
 19.72   	  40.69		 36.34   	 818.92		
 19.88   	  45.78		 39.61   	 803.66		
 20.06   	  35.61		 42.83   	 818.92		
 20.20   	  45.78		 46.10   	 727.36		
 20.39   	  61.04		 49.01   	 661.24		
 20.63   	  76.30		 51.66   	 630.72		
 20.94   	  91.56		 54.18   	 595.11		
 21.30   	 111.90		 56.56   	 574.77		
 21.75   	 116.99		 58.86   	 559.51		
 22.22   	 116.99		 61.10   	 508.65		
 22.69   	 122.07		 63.13   	 427.26		
 23.17   	 111.90		 64.84   	 412.00		
 23.62   	 106.82		 66.49   	 401.83		
 24.05   	  96.64		 68.10   	 361.14		
 24.44   	  76.30		 69.54   	 320.45		
 24.74   	  55.95		 70.82   	 300.10		
 24.96   	  40.69		 72.02   	 289.93		
 25.13   	  25.43		 73.18   	 264.50		
 25.23   	  20.35		 74.24   	 244.15		
 25.31   	  10.17		 75.22   	 233.98		
 25.35   	  -5.09		 76.15   	 218.72		
 25.33   	  -5.09		 77.03   	 203.46		
 25.31   	  15.26		 77.84   	 178.03		
 25.37   	  15.26		 78.56   	 162.77		
 25.43   	   5.09		 79.21   	 142.42		
 25.45   	  30.52		 79.78   	 122.07		
 25.57   	  50.86		 80.26   	 111.90		
 25.78   	  50.86		 80.71   	  91.56		
 25.98   	  40.69		 81.08   	  71.21		
 26.14   	  40.69		 81.36   	  61.04		
 26.31   	  35.61		 81.61   	  55.95		
 26.45   	  20.35		 81.83   	  45.78		
 26.53   	  10.17		 82.01   	  35.61		
 26.57   	  20.35		 82.16   	  30.52		
 26.65   	  25.43		 82.28   	  10.17		
 26.75   	  15.26		 82.32   	   5.09		
 26.82   	  15.26		 82.34   	   5.09		
 26.88   	  10.17		 82.36(S)	   0.00		
 26.92   	  10.17		 82.36   	 -10.17		
 26.96   	   5.09		 82.32   	 -15.26		
 26.98   	  15.26		 82.26   	 -20.35		
 27.04   	  10.17		 82.18   	 -20.35		
 27.08   	  10.17		 82.10   	 -25.43		
 27.12   	  10.17		 81.99   	 -20.35		
 27.16   	   5.09		 81.91   	 -20.35		
 27.18   	   5.09		 81.83   	 -25.43		
 27.20   	   0.00		 81.73   	 -35.61		
 27.20   	   5.09		 81.59   	 -35.61		
 27.22   	  10.17		 81.44   	 -35.61		
 27.26   	  10.17		 81.30   	 -30.52		
 27.30   	  20.35		 81.18   	 -35.61		
 27.39   	  25.43		 81.04   	 -45.78		
 27.49   	  25.43		 80.85   	 -35.61		
 27.59   	  15.26		 80.71   	 -30.52		
 27.65   	  15.26		 80.59   	 -45.78		
 27.71   	  15.26		 80.41   	 -66.12		
 27.77   	  10.17		 80.14   	 -66.12		
 27.81(S)	   0.00		 79.88   	 -61.04		
 27.81   	   0.00		 79.63   	 -71.21		
 27.81   	  -5.09		 79.35   	 -81.38		
 27.79   	  -5.09		 79.02   	 -81.38		
 27.77   	 -15.26		 78.70   	 -81.38		
 27.71   	 -10.17		 78.37   	 -91.56		
 27.67   	 -10.17		 78.01   	-106.82		
 27.63   	 -20.35		 77.58   	-111.90		
 27.55   	 -20.35		 77.13   	-122.07		
 27.47   	 -15.26		 76.64   	-137.33		
 27.41   	 -15.26		 76.09   	-157.68		
 27.34   	 -15.26		 75.46   	-183.11		
 27.28   	 -20.35		 74.73   	-208.54		
 27.20   	 -20.35		 73.90   	-254.32		
 27.12   	 -25.43		 72.88   	-310.27		
 27.02   	 -35.61		 71.64   	-381.48		
 26.88   	 -40.69		 70.11   	-452.69		
 26.71   	 -50.86		 68.30   	-528.99		
 26.51   	 -66.12		 66.18   	-615.46		
 26.25   	 -86.47		 63.72   	-727.36		
 25.90   	-106.82		 60.81   	-895.22		
 25.47   	-122.07		 57.23   	-991.86		
 24.98   	-142.42		 53.27   	-961.34		
 24.41   	-152.59		 49.42   	-940.99		
 23.80   	-137.33		 45.66   	-966.43		
 23.26   	 -81.38		 41.79   	-935.91		
 22.93   	 -50.86		 38.05   	-844.35		
 22.73   	 -10.17		 34.67   	-737.54		
 22.69   	  30.52		 31.72   	-651.07		
 22.81   	  66.12		 29.11   	-579.86		
 23.07   	  86.47		 26.80   	-488.30		
 23.42   	 106.82		 24.84   	-427.26		
 23.85   	 132.25		 23.13   	-376.40		
 24.37   	 132.25		 21.63   	-350.97		
 24.90   	 116.99		 20.22   	-330.62		
 25.37   	  91.56		 18.90   	-315.36		
 25.74   	  91.56		 17.64   	-310.27		
 26.10   	  86.47		 16.40   	-305.19		
 26.45   	  76.30		 15.18   	-295.01		
 26.75   	  50.86		 14.00   	-289.93		
 26.96   	  30.52		 12.84   	-284.84		
 27.08   	  25.43		 11.70   	-259.41		
 27.18   	  25.43		 10.66   	-228.89		
 27.28   	   0.00		  9.75   	-188.20		
 27.28   	 -45.78		  8.99   	-142.42		
 27.10   	 -45.78		  8.42   	 -96.64		
 26.92   	 -35.61		  8.04   	 -66.12		
 26.78   	 -76.30		  7.77   	 -35.61		
 26.47   	-106.82		  7.63   	 -10.17		
 26.04   	 -91.56		  7.59(D)	  15.26		
 25.68   	 -86.47		  7.65   	  35.61		
 25.33   	 -96.64		  7.79   	  30.52		
 24.94   	 -86.47		  7.91   	  35.61		
 24.60   	 -96.64		  8.06   	  71.21		
 24.21   	-111.90		  8.34   	  76.30		
 23.76   	 -96.64		  8.65   	  61.04		
 23.38   	 -76.30		  8.89   	  61.04		
 23.07   	 -66.12		  9.14   	  66.12		
 22.81   	 -55.95		  9.40   	  66.12		
 22.58   	 -50.86		  9.66   	  50.86		
 22.38   	 -40.69		  9.87   	  45.78		
 22.22   	 -35.61		 10.05   	  40.69		
 22.08   	 -25.43		 10.21   	  30.52		
 21.97   	 -30.52		 10.34   	  10.17		
 21.85   	 -35.61		 10.38   	  10.17		
 21.71   	 -45.78		 10.42   	  10.17		
 21.53   	 -50.86		 10.46   	  20.35		
 21.32   	 -50.86		 10.54   	  25.43		
 21.12   	 -35.61		 10.64   	  25.43		
 20.98   	 -25.43		 10.74   	  30.52		
 20.87   	 -35.61		 10.86   	  30.52		
 20.73   	 -40.69		 10.99   	  35.61		
 20.57   	 -30.52		 11.13   	  40.69		
 20.45   	 -30.52		 11.29   	  35.61		
 20.33   	 -45.78		 11.43   	  45.78		
 20.14   	 -45.78		 11.62   	  40.69		
 19.96   	 -40.69		 11.78   	  40.69		
 19.80   	 -45.78		 11.94   	  35.61		
 19.61   	 -55.95		 12.09   	  40.69		
 19.39   	 -50.86		 12.25   	  45.78		
 19.19   	 -40.69		 12.43   	  45.78		
 19.02   	 -35.61		 12.61   	  45.78		
 18.88   	 -30.52		 12.80   	  40.69		
 18.76   	 -20.35		 12.96   	  40.69		
 18.68   	 -20.35		 13.12   	  35.61		
 18.60   	 -20.35		 13.27   	  30.52		
 18.51   	 -20.35		 13.39   	  30.52		
 18.43   	 -20.35		 13.51   	  30.52		
 18.35   	 -25.43		 13.63   	  15.26		
 18.25   	 -25.43		 13.69   	  20.35		
 18.15   	 -25.43		 13.77   	  15.26		
 18.05   	 -30.52		 13.84   	  15.26		
 17.92   	 -30.52		 13.90   	  20.35		
 17.80   	 -35.61		 13.98   	  20.35		
 17.66   	 -40.69		 14.06   	  20.35		
 17.50   	 -35.61		 14.14   	  25.43		
 17.35   	 -35.61		 14.24   	  20.35		
 17.21   	 -35.61		 14.32   	  20.35		
 17.07   	 -35.61		 14.40   	  20.35		
 16.93   	 -25.43		 14.49   	  20.35		
 16.83   	 -20.35		 14.57   	  25.43		
 16.74   	 -15.26		 14.67   	  15.26		
 16.68   	 -15.26		 14.73   	  15.26		
 16.62   	  -5.09		 14.79   	  15.26		
 16.60   	   0.00		 14.85   	  20.35		
 16.60   	   0.00		 14.93   	  15.26		
 16.60   	   0.00		 14.99   	  20.35		
 16.60   	   0.00		 15.08   	  20.35		
 16.60   	   5.09		 15.16   	  15.26		
 16.62   	  10.17		 15.22   	  15.26		
 16.66   	  15.26		 15.28   	  10.17		
 16.72   	  10.17		 15.32   	  20.35		
 16.76   	  15.26		 15.40   	  20.35		
 16.83   	  10.17		 15.48   	  25.43		
 16.87   	   5.09		 15.58   	  25.43		
 16.89   	   0.00		 15.69   	  25.43		
 16.89   	 -10.17		 15.79   	  20.35		
 16.85   	 -15.26		 15.87   	  25.43		
 16.79   	 -20.35		 15.97   	  30.52		
 16.70   	 -25.43		 16.09   	  25.43		
 16.60   	 -30.52		 16.20(E)	  25.43		
 16.48   	 -30.52		 16.30   	  20.35		
 16.36   	 -25.43		 16.38   	  15.26		
 16.26   	 -25.43		 16.44   	  20.35		
 16.15   	 -20.35		 16.52   	  20.35		
 16.07   	 -20.35		 16.60   	  25.43		
 15.99   	 -15.26		 16.70   	  35.61		
 15.93   	 -10.17		 16.85   	  45.78		
 15.89   	  -5.09		 17.03   	  71.21		
 15.87(D)	   0.00		 17.31   	  96.64		
 15.87   	  10.17		 17.70   	 137.33		
 15.91   	  15.26		 18.25   	 178.03		
 15.97   	  30.52		 18.96   	 218.72		
 16.09   	  45.78		 19.84   	 259.41		
 16.28   	  66.12		 20.87   	 295.01		
 16.54   	  96.64		 22.05   	 330.62		
 16.93   	 127.16		 23.38   	 391.66		
 17.44   	 157.68		 24.94   	 488.30		
 18.07   	 183.11		 26.90   	 600.20		
 18.80   	 188.20		 29.30   	 696.84		
 19.55   	 152.59		 32.09   	 752.79		
 20.16   	 116.99		 35.10   	 793.49		
 20.63   	 122.07		 38.27   	 798.57		
 21.12   	 111.90		 41.46   	 788.40		
 21.57   	  61.04		 44.62   	 803.66		
 21.81   	  76.30		 47.83   	 757.88		
 22.12   	  91.56		 50.86   	 707.02		
 22.48   	  91.56		 53.69   	 640.89		
 22.85   	 106.82		 56.26   	 595.11		
 23.28   	 122.07		 58.64   	 590.03		
 23.76   	 127.16		 61.00   	 564.60		
 24.27   	 132.25		 63.26   	 508.65		
 24.80   	 137.33		 65.29   	 473.04		
 25.35   	 132.25		 67.18   	 457.78		
 25.88   	 122.07		 69.01   	 401.83		
 26.37   	 106.82		 70.62   	 335.71		
 26.80   	  91.56		 71.96   	 295.01		
 27.16   	  81.38		 73.14   	 279.75		
 27.49   	  61.04		 74.26   	 239.06		
 27.73   	  40.69		 75.22   	 213.63		
 27.89   	  30.52		 76.07   	 208.54		
 28.02   	  10.17		 76.91   	 208.54		
 28.06   	 -10.17		 77.74   	 203.46		
 28.02   	 -15.26		 78.56   	 198.37		
 27.96   	 -10.17		 79.35   	 193.29		
 27.91   	 -10.17		 80.12   	 188.20		
 27.87   	   5.09		 80.87   	 167.85		
 27.89   	  25.43		 81.55   	 147.51		
 28.00   	  30.52		 82.14   	 132.25		
 28.12   	  30.52		 82.66   	 122.07		
 28.24   	  35.61		 83.15   	  91.56		
 28.38   	  61.04		 83.52   	  55.95		
 28.63   	  66.12		 83.74   	  35.61		
 28.89   	  55.95		 83.89   	  30.52		
 29.11   	  45.78		 84.01   	  20.35		
 29.30   	  45.78		 84.09   	  15.26		
 29.48   	  35.61		 84.15   	   5.09		
 29.62   	  35.61		 84.17   	   5.09		
 29.77   	  20.35		 84.19(S)	  -5.09		
 29.85   	   5.09		 84.17   	 -20.35		
 29.87(S)	   0.00		 84.09   	 -15.26		
 29.87   	   0.00		 84.03   	 -15.26		
 29.87   	 -10.17		 83.97   	 -25.43		
 29.83   	   0.00		 83.87   	 -25.43		
 29.83   	   5.09		 83.76   	 -20.35		
 29.85   	   0.00		 83.68   	 -20.35		
 29.85   	   0.00		 83.60   	 -35.61		
 29.85   	   0.00		 83.46   	 -35.61		
 29.85   	   0.00		 83.32   	 -15.26		
 29.85   	   5.09		 83.26   	 -15.26		
 29.87   	  -5.09		 83.19   	 -30.52		
 29.85   	   0.00		 83.07   	 -30.52		
 29.85   	   0.00		 82.95   	 -40.69		
 29.85   	  -5.09		 82.79   	 -55.95		
 29.83   	  -5.09		 82.56   	 -50.86		
 29.81   	 -10.17		 82.36   	 -35.61		
 29.77   	  -5.09		 82.22   	 -40.69		
 29.75   	  -5.09		 82.05   	 -66.12		
 29.73   	 -15.26		 81.79   	 -66.12		
 29.66   	 -30.52		 81.53   	 -66.12		
 29.54   	 -30.52		 81.26   	 -91.56		
 29.42   	 -40.69		 80.89   	 -86.47		
 29.26   	 -40.69		 80.55   	 -81.38		
 29.09   	 -45.78		 80.22   	 -86.47		
 28.91   	 -40.69		 79.88   	 -96.64		
 28.75   	 -25.43		 79.49   	-106.82		
 28.65   	 -25.43		 79.06   	-111.90		
 28.55   	 -20.35		 78.62   	-116.99		
 28.46   	  -5.09		 78.15   	-132.25		
 28.44   	   5.09		 77.62   	-137.33		
 28.46   	   5.09		 77.07   	-147.51		
 28.48   	   0.00		 76.48   	-167.85		
 28.48   	   0.00		 75.81   	-208.54		
 28.48   	 -10.17		 74.97   	-269.58		
 28.44   	 -20.35		 73.90   	-315.36		
 28.36   	 -35.61		 72.63   	-371.31		
 28.22   	 -45.78		 71.15   	-447.61		
 28.04   	 -61.04		 69.36   	-528.99		
 27.79   	 -76.30		 67.24   	-615.46		
 27.49   	-101.73		 64.78   	-727.36		
 27.08   	-122.07		 61.87   	-890.13		
 26.59   	-142.42		 58.31   	-986.77		
 26.02   	-157.68		 54.36   	-946.08		
 25.39   	-172.94		 50.58   	-890.13		
 24.70   	-162.77		 47.02   	-915.56		
 24.05   	-127.16		 43.36   	-900.30		
 23.54   	 -91.56		 39.76   	-829.09		
 23.17   	 -50.86		 36.44   	-727.36		
 22.97   	  -5.09		 33.53   	-651.07		
 22.95   	  50.86		 30.93   	-579.86		
 23.15   	  81.38		 28.61   	-498.47		
 23.48   	 101.73		 26.61   	-437.43		
 23.89   	 111.90		 24.86   	-396.74		
 24.33   	 132.25		 23.28   	-366.22		
 24.86   	 137.33		 21.81   	-350.97		
 25.41   	 127.16		 20.41   	-330.62		
 25.92   	 116.99		 19.08   	-310.27		
 26.39   	  96.64		 17.84   	-305.19		
 26.78   	  86.47		 16.62   	-300.10		
 27.12   	  76.30		 15.42   	-289.93		
 27.43   	  55.95		 14.26   	-284.84		
 27.65   	  25.43		 13.12   	-259.41		
 27.75   	   0.00		 12.09   	-228.89		
 27.75   	  -5.09		 11.17   	-193.29		
 27.73   	 -20.35		 10.40   	-162.77		
 27.65   	 -55.95		  9.75   	-116.99		
 27.43   	 -66.12		  9.28   	 -71.21		
 27.16   	 -66.12		  8.99   	 -55.95		
 26.90   	 -86.47		  8.77   	 -30.52		
 26.55   	-101.73		  8.65   	  -5.09		
 26.14   	 -96.64		  8.63(D)	  20.35		
 25.76   	 -86.47		  8.71   	  25.43		
 25.41   	 -76.30		  8.81   	  15.26		
 25.11   	 -86.47		  8.87   	  30.52		
 24.76   	 -96.64		  8.99   	  50.86		
 24.37   	 -66.12		  9.20   	  55.95		
 24.11   	 -35.61		  9.42   	  61.04		
 23.97   	 -45.78		  9.66   	  71.21		
 23.78   	 -55.95		  9.95   	  71.21		
 23.56   	 -55.95		 10.23   	  50.86		
 23.34   	 -66.12		 10.44   	  40.69		
 23.07   	 -55.95		 10.60   	  35.61		
 22.85   	 -55.95		 10.74   	  35.61		
 22.62   	 -35.61		 10.89   	  35.61		
 22.48   	 -40.69		 11.03   	  30.52		
 22.32   	 -35.61		 11.15   	  25.43		
 22.18   	 -35.61		 11.25   	  25.43		
 22.03   	 -30.52		 11.35   	  15.26		
 21.91   	 -30.52		 11.41   	  15.26		
 21.79   	 -30.52		 11.48   	  20.35		
 21.67   	 -35.61		 11.56   	  25.43		
 21.53   	 -35.61		 11.66   	  30.52		
 21.38   	 -40.69		 11.78   	  35.61		
 21.22   	 -35.61		 11.92   	  25.43		
 21.08   	 -30.52		 12.02   	  30.52		
 20.96   	 -30.52		 12.15   	  25.43		
 20.83   	 -40.69		 12.25   	  30.52		
 20.67   	 -45.78		 12.37   	  30.52		
 20.49   	 -45.78		 12.49   	  35.61		
 20.31   	 -35.61		 12.63   	  35.61		
 20.16   	 -50.86		 12.78   	  35.61		
 19.96   	 -50.86		 12.92   	  30.52		
 19.76   	 -40.69		 13.04   	  35.61		
 19.59   	 -40.69		 13.18   	  35.61		
 19.43   	 -40.69		 13.33   	  35.61		
 19.27   	 -35.61		 13.47   	  35.61		
 19.13   	 -30.52		 13.61   	  25.43		
 19.00   	 -35.61		 13.71   	  25.43		
 18.86   	 -35.61		 13.81   	  20.35		
 18.72   	 -35.61		 13.90   	  20.35		
 18.58   	 -35.61		 13.98   	  25.43		
 18.43   	 -35.61		 14.08   	  20.35		
 18.29   	 -30.52		 14.16   	  20.35		
 18.17   	 -30.52		 14.24   	  15.26		
 18.05   	 -25.43		 14.30   	  10.17		
 17.94   	 -25.43		 14.34   	  15.26		
 17.84   	 -25.43		 14.40   	  15.26		
 17.74   	 -20.35		 14.47   	  10.17		
 17.66   	 -25.43		 14.51   	  15.26		
 17.56   	 -20.35		 14.57   	  10.17		
 17.48   	 -20.35		 14.61   	  15.26		
 17.40   	 -20.35		 14.67   	  10.17		
 17.31   	 -20.35		 14.71   	  20.35		
 17.23   	 -15.26		 14.79   	  15.26		
 17.17   	 -20.35		 14.85   	  15.26		
 17.09   	 -15.26		 14.91   	  15.26		
 17.03   	 -15.26		 14.97   	  15.26		
 16.97   	 -15.26		 15.04   	  20.35		
 16.91   	 -10.17		 15.12   	  15.26		
 16.87   	 -20.35		 15.18   	  15.26		
 16.79   	 -10.17		 15.24   	  20.35		
 16.74   	 -20.35		 15.32   	  15.26		
 16.66   	 -15.26		 15.38   	  15.26		
 16.60   	 -20.35		 15.44   	  15.26		
 16.52   	 -20.35		 15.50   	  15.26		
 16.44   	 -15.26		 15.56   	  20.35		
 16.38   	 -15.26		 15.65   	  20.35		
 16.32   	 -15.26		 15.73   	  20.35		
 16.26   	 -15.26		 15.81(E)	  10.17		
 16.20   	 -15.26		 15.85   	  15.26		
 16.13   	 -20.35		 15.91   	  15.26		
 16.05   	 -20.35		 15.97   	  15.26		
 15.97   	 -20.35		 16.03   	  20.35		
 15.89   	 -20.35		 16.11   	  15.26		
 15.81   	 -20.35		 16.17   	  30.52		
 15.73   	 -20.35		 16.30   	  40.69		
 15.65   	 -20.35		 16.46   	  71.21		
 15.56   	 -15.26		 16.74   	 111.90		
 15.50   	 -10.17		 17.19   	 147.51		
 15.46(D)	   5.09		 17.78   	 188.20		
 15.48   	  15.26		 18.54   	 218.72		
 15.54   	  35.61		 19.41   	 254.32		
 15.69   	  61.04		 20.43   	 305.19		
 15.93   	  86.47		 21.65   	 340.79		
 16.28   	 116.99		 23.01   	 417.09		
 16.74   	 147.51		 24.68   	 534.08		
 17.33   	 178.03		 26.82   	 640.89		
 18.05   	 183.11		 29.38   	 707.02		
 18.78   	 137.33		 32.21   	 762.97		
 19.33   	 132.25		 35.26   	 793.49		
 19.86   	 147.51		 38.43   	 808.75		
 20.45   	 111.90		 41.67   	 803.66		
 20.90   	  50.86		 44.88   	 768.05		
 21.10   	  91.56		 47.96   	 727.36		
 21.46   	  81.38		 50.86   	 676.50		
 21.79   	  81.38		 53.57   	 651.07		
 22.12   	  91.56		 56.17   	 615.46		
 22.48   	 111.90		 58.64   	 584.94		
 22.93   	 116.99		 60.98   	 554.42		
 23.40   	 116.99		 63.19   	 488.30		
 23.87   	 122.07		 65.15   	 437.43		
 24.35   	 111.90		 66.90   	 417.09		
 24.80   	 101.73		 68.57   	 391.66		
 25.21   	  91.56		 70.13   	 340.79		
 25.57   	  86.47		 71.50   	 310.27		
 25.92   	  66.12		 72.74   	 284.84		
 26.19   	  45.78		 73.88   	 259.41		
 26.37   	  30.52		 74.91   	 228.89		
 26.49   	  25.43		 75.83   	 218.72		
 26.59   	  15.26		 76.70   	 208.54		
 26.65   	   0.00		 77.54   	 203.46		
 26.65   	  -5.09		 78.35   	 188.20		
 26.63   	  -5.09		 79.10   	 178.03		
 26.61   	  15.26		 79.82   	 162.77		
 26.67   	  30.52		 80.47   	 147.51		
 26.80   	  20.35		 81.06   	 137.33		
 26.88   	  30.52		 81.61   	 116.99		
 27.00   	  45.78		 82.07   	 101.73		
 27.18   	  55.95		 82.48   	  81.38		
 27.41   	  40.69		 82.81   	  71.21		
 27.57   	  40.69		 83.09   	  45.78		
 27.73   	  35.61		 83.28   	  25.43		
 27.87   	  40.69		 83.38   	  20.35		
 28.04   	  30.52		 83.46   	  20.35		
 28.16   	  25.43		 83.54   	  10.17		
 28.26   	  15.26		 83.58(S)	  -5.09		
 28.32   	  10.17		 83.56   	 -15.26		
 28.36(S)	  -5.09		 83.50   	 -15.26		
 28.34   	   0.00		 83.44   	 -15.26		
 28.34   	 -10.17		 83.38   	 -25.43		
 28.30   	  -5.09		 83.28   	 -30.52		
 28.28   	 -10.17		 83.15   	 -30.52		
 28.24   	 -10.17		 83.03   	 -20.35		
 28.20   	  -5.09		 82.95   	 -35.61		
 28.18   	  -5.09		 82.81   	 -35.61		
 28.16   	 -10.17		 82.66   	 -20.35		
 28.12   	 -15.26		 82.58   	 -15.26		
 28.06   	 -10.17		 82.52   	 -20.35		
 28.02   	  -5.09		 82.44   	 -25.43		
 28.00   	   0.00		 82.34   	 -25.43		
 28.00   	   0.00		 82.24   	 -35.61		
 28.00   	   5.09		 82.10   	 -45.78		
 28.02   	  -5.09		 81.91   	 -45.78		
 28.00   	  -5.09		 81.73   	 -55.95		
 27.98   	  -5.09		 81.51   	 -61.04		
 27.96   	  -5.09		 81.26   	 -66.12		
 27.93   	 -20.35		 81.00   	 -71.21		
 27.85   	 -30.52		 80.71   	 -86.47		
 27.73   	 -35.61		 80.37   	 -81.38		
 27.59   	 -40.69		 80.04   	 -76.30		
 27.43   	 -40.69		 79.74   	 -81.38		
 27.26   	 -35.61		 79.41   	-101.73		
 27.12   	 -30.52		 79.00   	-101.73		
 27.00   	 -15.26		 78.60   	-106.82		
 26.94   	 -20.35		 78.17   	-111.90		
 26.86   	  -5.09		 77.72   	-127.16		
 26.84   	  -5.09		 77.21   	-132.25		
 26.82   	  -5.09		 76.68   	-147.51		
 26.80   	 -15.26		 76.09   	-172.94		
 26.73   	 -15.26		 75.40   	-213.63		
 26.67   	 -20.35		 74.55   	-244.15		
 26.59   	 -30.52		 73.57   	-284.84		
 26.47   	 -35.61		 72.43   	-350.97		
 26.33   	 -45.78		 71.03   	-437.43		
 26.14   	 -55.95		 69.28   	-518.82		
 25.92   	 -71.21		 67.20   	-605.29		
 25.64   	 -91.56		 64.78   	-701.93		
 25.27   	-111.90		 61.97   	-864.70		
 24.82   	-122.07		 58.51   	-986.77		
 24.33   	-142.42		 54.57   	-966.43		
 23.76   	-162.77		 50.70   	-890.13		
 23.11   	-167.85		 47.14   	-915.56		
 22.44   	-157.68		 43.48   	-935.91		
 21.81   	-116.99		 39.74   	-859.61		
 21.34   	 -71.21		 36.30   	-752.79		
 21.06   	 -30.52		 33.29   	-681.58		
 20.94   	   5.09		 30.56   	-620.55		
 20.96   	  45.78		 28.08   	-544.25		
 21.14   	  76.30		 25.90   	-483.21		
 21.44   	 106.82		 23.97   	-427.26		
 21.87   	 116.99		 22.26   	-396.74		
 22.34   	 116.99		 20.67   	-356.05		
 22.81   	 122.07		 19.25   	-330.62		
 23.30   	 122.07		 17.92   	-325.53		
 23.78   	 106.82		 16.62   	-325.53		
 24.21   	  96.64		 15.32   	-310.27		
 24.60   	  86.47		 14.08   	-284.84		
 24.94   	  61.04		 12.94   	-274.67		
 25.19   	  50.86		 11.84   	-254.32		
 25.39   	  35.61		 10.82   	-233.98		
 25.53   	  15.26		  9.89   	-213.63		
 25.60   	 -15.26		  9.03   	-183.11		
 25.53   	 -25.43		  8.30   	-142.42		
 25.43   	 -40.69		  7.73   	 -96.64		
 25.27   	 -66.12		  7.34   	 -61.04		
 25.00   	 -76.30		  7.10   	 -35.61		
 24.70   	 -81.38		  6.96   	 -20.35		
 24.37   	 -86.47		  6.88(D)	   0.00		
 24.03   	-111.90		  6.88   	  20.35		
 23.58   	-132.25		  6.96   	  35.61		
 23.05   	-106.82		  7.10   	  25.43		
 22.62   	 -86.47		  7.20   	  40.69		
 22.28   	 -81.38		  7.37   	  66.12		
 21.95   	 -76.30		  7.63   	  66.12		
 21.65   	 -71.21		  7.89   	  55.95		
 21.36   	 -86.47		  8.12   	  45.78		
 21.02   	 -86.47		  8.30   	  45.78		
 20.67   	 -40.69		  8.48   	  40.69		
 20.51   	 -15.26		  8.65   	  40.69		
 20.45   	 -20.35		  8.81   	  35.61		
 20.37   	 -35.61		  8.95   	  30.52		
 20.22   	 -45.78		  9.07   	  20.35		
 20.04   	 -30.52		  9.16   	  20.35		
 19.92   	 -35.61		  9.24   	  25.43		
 19.78   	 -45.78		  9.34   	  30.52		
 19.59   	 -45.78		  9.46   	  25.43		
 19.41   	 -45.78		  9.56   	  25.43		
 19.23   	 -61.04		  9.66   	  25.43		
 18.98   	 -66.12		  9.77   	  20.35		
 18.72   	 -61.04		  9.85   	  20.35		
 18.47   	 -45.78		  9.93   	  25.43		
 18.29   	 -45.78		 10.03   	  25.43		
 18.11   	 -45.78		 10.13   	  30.52		
 17.92   	 -45.78		 10.25   	  30.52		
 17.74   	 -30.52		 10.38   	  25.43		
 17.62   	 -25.43		 10.48   	  30.52		
 17.52   	 -35.61		 10.60   	  30.52		
 17.38   	 -45.78		 10.72   	  35.61		
 17.19   	 -40.69		 10.86   	  35.61		
 17.03   	 -45.78		 11.01   	  40.69		
 16.85   	 -50.86		 11.17   	  40.69		
 16.64   	 -45.78		 11.33   	  30.52		
 16.46   	 -45.78		 11.45   	  30.52		
 16.28   	 -40.69		 11.58   	  25.43		
 16.11   	 -40.69		 11.68   	  20.35		
 15.95   	 -35.61		 11.76   	  20.35		
 15.81   	 -40.69		 11.84   	  25.43		
 15.65   	 -30.52		 11.94   	  20.35		
 15.52   	 -30.52		 12.02   	  15.26		
 15.40   	 -30.52		 12.09   	  10.17		
 15.28   	 -25.43		 12.13   	  15.26		
 15.18   	 -25.43		 12.19   	  20.35		
 15.08   	 -20.35		 12.27   	  15.26		
 14.99   	 -20.35		 12.33   	  20.35		
 14.91   	 -20.35		 12.41   	  20.35		
 14.83   	 -20.35		 12.49   	  20.35		
 14.75   	 -20.35		 12.57   	  15.26		
 14.67   	 -25.43		 12.63   	  20.35		
 14.57   	 -20.35		 12.72   	  20.35		
 14.49   	 -20.35		 12.80   	  20.35		
 14.40   	 -15.26		 12.88   	  20.35		
 14.34   	 -15.26		 12.96   	  15.26		
 14.28   	 -10.17		 13.02   	  20.35		
 14.24   	  -5.09		 13.10   	  15.26		
 14.22   	  -5.09		 13.16   	  10.17		
 14.20(D)	   0.00		 13.20   	  15.26		
 14.20   	   5.09		 13.27   	  10.17		
 14.22   	   5.09		 13.31   	  15.26		
 14.24   	   5.09		 13.37   	  10.17		
 14.26   	   0.00		 13.41   	   5.09		
 14.26   	   0.00		 13.43   	  10.17		
 14.26   	  10.17		 13.47   	  20.35		
 14.30   	   5.09		 13.55   	  25.43		
 14.32   	   0.00		 13.65   	  25.43		
 14.32   	  10.17		 13.75   	  20.35		
 14.36   	   5.09		 13.84(E)	  15.26		
 14.38   	   5.09		 13.90   	  10.17		
 14.40   	   5.09		 13.94   	  10.17		
 14.43   	   5.09		 13.98   	  10.17		
 14.45   	  10.17		 14.02   	  15.26		
 14.49   	   5.09		 14.08   	  25.43		
 14.51   	   0.00		 14.18   	  30.52		
 14.51   	   5.09		 14.30   	  45.78		
 14.53   	   0.00		 14.49   	  81.38		
 14.53   	   0.00		 14.81   	 106.82		
 14.53   	   5.09		 15.24   	 142.42		
 14.55   	  10.17		 15.81   	 178.03		
 14.59   	  20.35		 16.52   	 208.54		
 14.67   	  35.61		 17.35   	 244.15		
 14.81   	  45.78		 18.33   	 279.75		
 14.99   	  71.21		 19.45   	 310.27		
 15.28   	 111.90		 20.69   	 366.22		
 15.73   	 152.59		 22.16   	 483.21		
 16.34   	 208.54		 24.09   	 605.29		
 17.17   	 254.32		 26.51   	 691.76		
 18.19   	 233.98		 29.28   	 752.79		
 19.13   	 162.77		 32.29   	 798.57		
 19.78   	 101.73		 35.48   	 818.92		
 20.18   	  50.86		 38.76   	 808.75		
 20.39   	  40.69		 41.99   	 839.26		
 20.55   	  45.78		 45.35   	 742.62		
 20.73   	  40.69		 48.32   	 666.32		
 20.90   	  55.95		 50.99   	 640.89		
 21.12   	  76.30		 53.55   	 615.46		
 21.42   	  91.56		 56.01   	 584.94		
 21.79   	  96.64		 58.35   	 559.51		
 22.18   	 111.90		 60.59   	 528.99		
 22.62   	 111.90		 62.71   	 457.78		
 23.07   	 106.82		 64.54   	 412.00		
 23.50   	 101.73		 66.18   	 412.00		
 23.91   	  86.47		 67.83   	 381.48		
 24.25   	  76.30		 69.36   	 325.53		
 24.56   	  71.21		 70.66   	 300.10		
 24.84   	  50.86		 71.86   	 289.93		
 25.05   	  40.69		 73.02   	 264.50		
 25.21   	  30.52		 74.08   	 239.06		
 25.33   	  10.17		 75.04   	 233.98		
 25.37   	  10.17		 75.97   	 223.80		
 25.41   	  10.17		 76.87   	 198.37		
 25.45   	   0.00		 77.66   	 178.03		
 25.45   	  15.26		 78.37   	 162.77		
 25.51   	  25.43		 79.02   	 142.42		
 25.62   	  50.86		 79.59   	 132.25		
 25.82   	  50.86		 80.12   	 111.90		
 26.02   	  45.78		 80.57   	  96.64		
 26.21   	  35.61		 80.96   	  76.30		
 26.35   	  40.69		 81.26   	  55.95		
 26.51   	  50.86		 81.48   	  45.78		
 26.71   	  50.86		 81.67   	  40.69		
 26.92   	  40.69		 81.83   	  30.52		
 27.08   	  25.43		 81.95   	  15.26		
 27.18   	  10.17		 82.01   	   5.09		
 27.22   	   0.00		 82.03(S)	   0.00		
 27.22   	   5.09		 82.03   	 -10.17		
 27.24   	  10.17		 81.99   	 -15.26		
 27.28   	   5.09		 81.93   	 -10.17		
 27.30(S)	  -5.09		 81.89   	 -10.17		
 27.28   	  -5.09		 81.85   	 -15.26		
 27.26   	   0.00		 81.79   	 -30.52		
 27.26   	   0.00		 81.67   	 -35.61		
 27.26   	  -5.09		 81.53   	 -30.52		
 27.24   	 -10.17		 81.40   	 -25.43		
 27.20   	   0.00		 81.30   	 -35.61		
 27.20   	  -5.09		 81.16   	 -40.69		
 27.18   	  -5.09		 81.00   	 -25.43		
 27.16   	 -10.17		 80.89   	 -25.43		
 27.12   	 -10.17		 80.79   	 -50.86		
 27.08   	 -10.17		 80.59   	 -45.78		
 27.04   	 -10.17		 80.41   	 -40.69		
 27.00   	 -15.26		 80.24   	 -40.69		
 26.94   	 -15.26		 80.08   	 -40.69		
 26.88   	 -15.26		 79.92   	 -50.86		
 26.82   	 -20.35		 79.71   	 -55.95		
 26.73   	 -10.17		 79.49   	 -71.21		
 26.69   	  -5.09		 79.21   	 -71.21		
 26.67   	   0.00		 78.92   	 -71.21		
 26.67   	   5.09		 78.64   	 -86.47		
 26.69   	  15.26		 78.29   	 -91.56		
 26.75   	  15.26		 77.92   	-101.73		
 26.82   	  20.35		 77.52   	-106.82		
 26.90   	  10.17		 77.09   	-111.90		
 26.94   	   0.00		 76.64   	-122.07		
 26.94   	   0.00		 76.15   	-127.16		
 26.94   	 -15.26		 75.65   	-142.42		
 26.88   	 -20.35		 75.08   	-157.68		
 26.80   	 -30.52		 74.45   	-188.20		
 26.67   	 -35.61		 73.69   	-233.98		
 26.53   	 -40.69		 72.76   	-284.84		
 26.37   	 -45.78		 71.62   	-340.79		
 26.19   	 -50.86		 70.25   	-412.00		
 25.98   	 -61.04		 68.61   	-493.39		
 25.74   	 -66.12		 66.63   	-584.94		
 25.47   	 -76.30		 64.29   	-681.58		
 25.17   	 -96.64		 61.57   	-829.09		
 24.78   	-106.82		 58.25   	-966.43		
 24.35   	-116.99		 54.38   	-996.94		
 23.89   	-137.33		 50.40   	-956.25		
 23.34   	-152.59		 46.57   	-930.82		
 22.73   	-152.59		 42.85   	-946.08		
 22.12   	-127.16		 39.06   	-905.39		
 21.61   	 -76.30		 35.44   	-808.75		
 21.30   	 -40.69		 32.21   	-701.93		
 21.14   	 -15.26		 29.40   	-610.37		
 21.08   	  15.26		 26.96   	-534.08		
 21.14   	  66.12		 24.82   	-462.87		
 21.40   	  96.64		 22.97   	-412.00		
 21.79   	 116.99		 21.32   	-376.40		
 22.26   	 122.07		 19.82   	-356.05		
 22.75   	 122.07		 18.39   	-330.62		
 23.23   	 122.07		 17.07   	-310.27		
 23.72   	 122.07		 15.83   	-305.19		
 24.21   	 111.90		 14.61   	-295.01		
 24.66   	  91.56		 13.43   	-284.84		
 25.03   	  66.12		 12.29   	-279.75		
 25.29   	  66.12		 11.17   	-259.41		
 25.55   	  45.78		 10.13   	-228.89		
 25.74   	   5.09		  9.22   	-193.29		
 25.76   	 -15.26		  8.44   	-147.51		
 25.70   	 -10.17		  7.85   	-116.99		
 25.66   	 -30.52		  7.39   	 -76.30		
 25.53   	 -66.12		  7.08   	 -50.86		
 25.27   	 -96.64		  6.88   	 -25.43		
 24.88   	 -91.56		  6.78   	 -20.35		
 24.52   	 -91.56		  6.69   	 -10.17		
 24.15   	-116.99		  6.65(D)	  20.35		
 23.68   	-111.90		  6.73   	  35.61		
 23.23   	-106.82		  6.88   	  35.61		
 22.81   	-116.99		  7.02   	  45.78		
 22.34   	-106.82		  7.20   	  61.04		
 21.91   	-101.73		  7.45   	  66.12		
 21.51   	-106.82		  7.71   	  66.12		
 21.08   	 -96.64		  7.98   	  61.04		
 20.69   	 -61.04		  8.22   	  61.04		
 20.45   	 -30.52		  8.46   	  55.95		
 20.33   	 -30.52		  8.69   	  35.61		
 20.20   	 -40.69		  8.83   	  25.43		
 20.04   	 -35.61		  8.93   	  15.26		
 19.90   	 -35.61		  8.99   	  10.17		
 19.76   	 -40.69		  9.03   	   5.09		
 19.59   	 -40.69		  9.05   	  10.17		
 19.43   	 -40.69		  9.09   	  10.17		
 19.27   	 -61.04		  9.14   	  20.35		
 19.02   	 -66.12		  9.22   	  25.43		
 18.76   	 -40.69		  9.32   	  35.61		
 18.60   	 -20.35		  9.46   	  30.52		
 18.51   	 -35.61		  9.58   	  30.52		
 18.37   	 -45.78		  9.70   	  40.69		
 18.19   	 -40.69		  9.87   	  45.78		
 18.03   	 -45.78		 10.05   	  40.69		
 17.84   	 -45.78		 10.21   	  40.69		
 17.66   	 -50.86		 10.38   	  45.78		
 17.46   	 -55.95		 10.56   	  45.78		
 17.23   	 -55.95		 10.74   	  45.78		
 17.01   	 -45.78		 10.93   	  45.78		
 16.83   	 -40.69		 11.11   	  40.69		
 16.66   	 -40.69		 11.27   	  35.61		
 16.50   	 -40.69		 11.41   	  30.52		
 16.34   	 -40.69		 11.54   	  20.35		
 16.17   	 -40.69		 11.62   	  20.35		
 16.01   	 -40.69		 11.70   	  25.43		
 15.85   	 -40.69		 11.80   	  20.35		
 15.69   	 -45.78		 11.88   	  15.26		
 15.50   	 -40.69		 11.94   	  15.26		
 15.34   	 -40.69		 12.00   	  20.35		
 15.18   	 -35.61		 12.09   	  15.26		
 15.04   	 -25.43		 12.15   	  20.35		
 14.93   	 -20.35		 12.23   	  30.52		
 14.85   	 -15.26		 12.35   	  25.43		
 14.79   	 -15.26		 12.45   	  20.35		
 14.73   	 -15.26		 12.53   	  20.35		
 14.67   	 -10.17		 12.61   	  15.26		
 14.63   	  -5.09		 12.68   	  15.26		
 14.61   	  -5.09		 12.74   	  15.26		
 14.59   	 -15.26		 12.80   	  15.26		
 14.53   	 -15.26		 12.86   	  10.17		
 14.47   	 -20.35		 12.90   	  10.17		
 14.38   	 -15.26		 12.94   	   5.09		
 14.32   	 -15.26		 12.96   	  10.17		
 14.26   	 -20.35		 13.00   	  15.26		
 14.18   	 -15.26		 13.06   	  20.35		
 14.12   	 -10.17		 13.14   	  20.35		
 14.08   	  -5.09		 13.22   	  15.26		
 14.06   	 -10.17		 13.29   	  15.26		
 14.02(D)	   0.00		 13.35   	  10.17		
 14.02   	   0.00		 13.39   	   5.09		
 14.02   	   5.09		 13.41   	  10.17		
 14.04   	  10.17		 13.45   	  15.26		
 14.08   	  20.35		 13.51   	  15.26		
 14.16   	  25.43		 13.57   	  15.26		
 14.26   	  25.43		 13.63   	  15.26		
 14.36   	  15.26		 13.69   	  15.26		
 14.43   	  10.17		 13.75   	  20.35		
 14.47   	   5.09		 13.84   	  20.35		
 14.49   	  -5.09		 13.92   	  20.35		
 14.47   	   0.00		 14.00(E)	  10.17		
 14.47   	  -5.09		 14.04   	  15.26		
 14.45   	  -5.09		 14.10   	  10.17		
 14.43   	   0.00		 14.14   	  10.17		
 14.43   	  -5.09		 14.18   	  20.35		
 14.40   	   0.00		 14.26   	  30.52		
 14.40   	   0.00		 14.38   	  45.78		
 14.40   	   0.00		 14.57   	  66.12		
 14.40   	   0.00		 14.83   	  91.56		
 14.40   	   5.09		 15.20   	 127.16		
 14.43   	  15.26		 15.71   	 157.68		
 14.49   	  25.43		 16.34   	 193.29		
 14.59   	  40.69		 17.11   	 228.89		
 14.75   	  55.95		 18.03   	 274.67		
 14.97   	  76.30		 19.13   	 300.10		
 15.28   	 122.07		 20.33   	 340.79		
 15.77   	 162.77		 21.69   	 427.26		
 16.42   	 203.46		 23.40   	 554.42		
 17.23   	 259.41		 25.62   	 661.24		
 18.27   	 244.15		 28.26   	 732.45		
 19.25   	 142.42		 31.19   	 778.23		
 19.82   	  76.30		 34.30   	 813.83		
 20.12   	  66.12		 37.56   	 813.83		
 20.39   	  30.52		 40.81   	 798.57		
 20.51   	  15.26		 44.01   	 783.31		
 20.57   	  40.69		 47.14   	 691.76		
 20.73   	  40.69		 49.91   	 651.07		
 20.90   	  61.04		 52.51   	 625.63		
 21.14   	  91.56		 55.02   	 590.03		
 21.51   	 106.82		 57.38   	 574.77		
 21.93   	 111.90		 59.67   	 539.16		
 22.38   	 116.99		 61.83   	 462.87		
 22.85   	 116.99		 63.68   	 422.18		
 23.32   	 111.90		 65.37   	 417.09		
 23.76   	 101.73		 67.04   	 391.66		
 24.17   	  81.38		 68.61   	 335.71		
 24.50   	  76.30		 69.95   	 310.27		
 24.80   	  55.95		 71.19   	 295.01		
 25.03   	  35.61		 72.37   	 279.75		
 25.17   	  15.26		 73.49   	 254.32		
 25.23   	  15.26		 74.51   	 244.15		
 25.29   	  15.26		 75.48   	 233.98		
 25.35   	  20.35		 76.42   	 213.63		
 25.43   	  30.52		 77.27   	 193.29		
 25.55   	  20.35		 78.05   	 167.85		
 25.64   	  10.17		 78.72   	 157.68		
 25.68   	  15.26		 79.35   	 137.33		
 25.74   	  30.52		 79.90   	 116.99		
 25.86   	  30.52		 80.37   	 101.73		
 25.98   	  25.43		 80.77   	  86.47		
 26.08   	  35.61		 81.12   	  66.12		
 26.23   	  30.52		 81.38   	  50.86		
 26.35   	  25.43		 81.59   	  40.69		
 26.45   	  35.61		 81.75   	  30.52		
 26.59   	  30.52		 81.87   	  20.35		
 26.71   	  20.35		 81.95   	  10.17		
 26.80   	  15.26		 81.99   	   5.09		
 26.86   	   0.00		 82.01(S)	  -5.09		
 26.86   	 -15.26		 81.99   	  -5.09		
 26.80   	 -20.35		 81.97   	 -20.35		
 26.71   	 -20.35		 81.89   	 -10.17		
 26.63   	   0.00		 81.85   	 -20.35		
 26.63   	   5.09		 81.77   	 -30.52		
 26.65   	  10.17		 81.65   	 -30.52		
 26.69   	  20.35		 81.53   	 -25.43		
 26.78   	  25.43		 81.42   	 -30.52		
 26.88   	  20.35		 81.30   	 -35.61		
 26.96   	  30.52		 81.16   	 -35.61		
 27.08   	  30.52		 81.02   	 -25.43		
 27.20   	  20.35		 80.92   	 -30.52		
 27.28   	   5.09		 80.79   	 -40.69		
 27.30   	   5.09		 80.63   	 -40.69		
 27.32(S)	   0.00		 80.47   	 -35.61		
 27.32   	 -10.17		 80.33   	 -45.78		
 27.28   	 -15.26		 80.14   	 -55.95		
 27.22   	 -20.35		 79.92   	 -50.86		
 27.14   	 -20.35		 79.71   	 -55.95		
 27.06   	 -30.52		 79.49   	 -66.12		
 26.94   	 -15.26		 79.23   	 -71.21		
 26.88   	 -15.26		 78.94   	 -71.21		
 26.82   	  -5.09		 78.66   	 -76.30		
 26.80   	  10.17		 78.35   	 -76.30		
 26.84   	   5.09		 78.05   	 -91.56		
 26.86   	  15.26		 77.68   	-106.82		
 26.92   	  10.17		 77.25   	-101.73		
 26.96   	   5.09		 76.85   	-106.82		
 26.98   	  -5.09		 76.42   	-116.99		
 26.96   	 -15.26		 75.95   	-137.33		
 26.90   	 -15.26		 75.40   	-152.59		
 26.84   	 -25.43		 74.79   	-172.94		
 26.73   	 -25.43		 74.10   	-203.46		
 26.63   	 -35.61		 73.29   	-254.32		
 26.49   	 -35.61		 72.27   	-305.19		
 26.35   	 -40.69		 71.05   	-366.22		
 26.19   	 -50.86		 69.58   	-447.61		
 25.98   	 -55.95		 67.79   	-528.99		
 25.76   	 -71.21		 65.68   	-610.37		
 25.47   	 -86.47		 63.23   	-722.28		
 25.13   	-101.73		 60.35   	-869.78		
 24.72   	-111.90		 56.87   	-991.86		
 24.27   	-132.25		 52.90   	-976.60		
 23.74   	-162.77		 48.99   	-935.91		
 23.09   	-167.85		 45.25   	-951.17		
 22.42   	-137.33		 41.44   	-946.08		
 21.87   	 -86.47		 37.66   	-869.78		
 21.53   	 -50.86		 34.18   	-757.88		
 21.32   	 -15.26		 31.15   	-671.41		
 21.26   	  10.17		 28.46   	-590.03		
 21.30   	  50.86		 26.10   	-508.65		
 21.51   	  91.56		 24.07   	-442.52		
 21.87   	 116.99		 22.30   	-396.74		
 22.34   	 132.25		 20.71   	-356.05		
 22.87   	 127.16		 19.29   	-335.71		
 23.38   	 116.99		 17.94   	-320.45		
 23.85   	 111.90		 16.66   	-315.36		
 24.29   	 111.90		 15.40   	-300.10		
 24.74   	  91.56		 14.20   	-295.01		
 25.11   	  76.30		 13.02   	-289.93		
 25.41   	  66.12		 11.86   	-279.75		
 25.68   	  61.04		 10.74   	-249.24		
 25.92   	  25.43		  9.75   	-228.89		
 26.02   	  -5.09		  8.83   	-188.20		
 26.00   	 -15.26		  8.08   	-147.51		
 25.94   	 -30.52		  7.49   	-101.73		
 25.82   	 -61.04		  7.08   	 -66.12		
 25.57   	 -86.47		  6.82   	 -40.69		
 25.23   	 -96.64		  6.65   	 -20.35		
 24.84   	 -91.56		  6.57   	  -5.09		
 24.48   	 -91.56		  6.55   	  -5.09		
 24.11   	-106.82		  6.53(D)	   5.09		
 23.68   	-132.25		  6.55   	  35.61		
 23.15   	-127.16		  6.69   	  45.78		
 22.64   	 -96.64		  6.88   	  61.04		
 22.26   	-101.73		  7.12   	  71.21		
 21.85   	-111.90		  7.41   	  76.30		
 21.40   	 -86.47		  7.71   	  66.12		
 21.06   	 -61.04		  7.98   	  61.04		
 20.81   	 -66.12		  8.22   	  61.04		
 20.55   	 -66.12		  8.46   	  61.04		
 20.28   	 -30.52		  8.71   	  45.78		
 20.16   	 -20.35		  8.89   	  30.52		
 20.08   	 -35.61		  9.01   	  20.35		
 19.94   	 -35.61		  9.09   	  10.17		
 19.80   	 -55.95		  9.14   	  10.17		
 19.57   	 -50.86		  9.18   	  10.17		
 19.37   	 -40.69		  9.22   	  15.26		
 19.21   	 -40.69		  9.28   	  15.26		
 19.04   	 -45.78		  9.34   	  15.26		
 18.86   	 -45.78		  9.40   	  20.35		
 18.68   	 -45.78		  9.48   	  30.52		
 18.49   	 -50.86		  9.60   	  40.69		
 18.29   	 -45.78		  9.77   	  45.78		
 18.11   	 -50.86		  9.95   	  50.86		
 17.90   	 -61.04		 10.15   	  50.86		
 17.66   	 -61.04		 10.36   	  55.95		
 17.42   	 -50.86		 10.58   	  50.86		
 17.21   	 -45.78		 10.78   	  45.78		
 17.03   	 -45.78		 10.97   	  45.78		
 16.85   	 -35.61		 11.15   	  40.69		
 16.70   	 -35.61		 11.31   	  35.61		
 16.56   	 -30.52		 11.45   	  30.52		
 16.44   	 -35.61		 11.58   	  20.35		
 16.30   	 -35.61		 11.66   	  15.26		
 16.15   	 -40.69		 11.72   	  15.26		
 15.99   	 -45.78		 11.78   	  15.26		
 15.81   	 -40.69		 11.84   	  20.35		
 15.65   	 -35.61		 11.92   	  20.35		
 15.50   	 -40.69		 12.00   	  15.26		
 15.34   	 -35.61		 12.07   	  20.35		
 15.20   	 -30.52		 12.15   	  15.26		
 15.08   	 -30.52		 12.21   	  20.35		
 14.95   	 -25.43		 12.29   	  25.43		
 14.85   	 -25.43		 12.39   	  25.43		
 14.75   	 -15.26		 12.49   	  25.43		
 14.69   	 -20.35		 12.59   	  20.35		
 14.61   	 -15.26		 12.68   	  20.35		
 14.55   	 -15.26		 12.76   	  15.26		
 14.49   	 -10.17		 12.82   	  15.26		
 14.45   	 -15.26		 12.88   	  20.35		
 14.38   	 -10.17		 12.96   	  10.17		
 14.34   	  -5.09		 13.00   	  15.26		
 14.32   	  -5.09		 13.06   	  10.17		
 14.30   	   0.00		 13.10   	  10.17		
 14.30   	   5.09		 13.14   	  10.17		
 14.32   	   0.00		 13.18   	  10.17		
 14.32   	  -5.09		 13.22   	  15.26		
 14.30   	  -5.09		 13.29   	  15.26		
 14.28   	 -10.17		 13.35   	  15.26		
 14.24   	 -15.26		 13.41   	  10.17		
 14.18   	  -5.09		 13.45   	  10.17		
 14.16   	  -5.09		 13.49   	  15.26		
 14.14(D)	   5.09		 13.55   	  20.35		
 14.16   	   5.09		 13.63   	  15.26		
 14.18   	  10.17		 13.69   	  15.26		
 14.22   	  10.17		 13.75   	  15.26		
 14.26   	  10.17		 13.81   	  20.35		
 14.30   	   5.09		 13.90   	  20.35		
 14.32   	   0.00		 13.98   	  20.35		
 14.32   	   5.09		 14.06(E)	  20.35		
 14.34   	   5.09		 14.14   	  15.26		
 14.36   	   5.09		 14.20   	   5.09		
 14.38   	   5.09		 14.22   	  10.17		
 14.40   	   5.09		 14.26   	  15.26		
 14.43   	   5.09		 14.32   	  20.35		
 14.45   	   5.09		 14.40   	  30.52		
 14.47   	   5.09		 14.53   	  50.86		
 14.49   	   5.09		 14.73   	  71.21		
 14.51   	   0.00		 15.02   	  96.64		
 14.51   	   5.09		 15.40   	 137.33		
 14.53   	  15.26		 15.95   	 172.94		
 14.59   	  25.43		 16.64   	 208.54		
 14.69   	  40.69		 17.48   	 249.24		
 14.85   	  55.95		 18.47   	 284.84		
 15.08   	  91.56		 19.61   	 310.27		
 15.44   	 137.33		 20.85   	 361.14		
 15.99   	 188.20		 22.30   	 473.04		
 16.74   	 218.72		 24.19   	 595.11		
 17.62   	 254.32		 26.57   	 681.58		
 18.64   	 218.72		 29.30   	 742.62		
 19.51   	 111.90		 32.27   	 793.49		
 19.96   	  40.69		 35.44   	 803.66		
 20.12   	  66.12		 38.66   	 803.66		
 20.39   	  15.26		 41.87   	 844.35		
 20.45   	   0.00		 45.25   	 752.79		
 20.45   	  30.52		 48.26   	 666.32		
 20.57   	  55.95		 50.93   	 635.81		
 20.79   	  76.30		 53.47   	 610.37		
 21.10   	  86.47		 55.91   	 579.86		
 21.44   	 101.73		 58.23   	 564.60		
 21.85   	 116.99		 60.49   	 508.65		
 22.32   	 127.16		 62.52   	 437.43		
 22.83   	 127.16		 64.27   	 417.09		
 23.34   	 116.99		 65.94   	 406.92		
 23.80   	 106.82		 67.57   	 366.22		
 24.23   	  91.56		 69.03   	 330.62		
 24.60   	  71.21		 70.36   	 305.19		
 24.88   	  50.86		 71.58   	 295.01		
 25.09   	  30.52		 72.76   	 269.58		
 25.21   	  25.43		 73.83   	 249.24		
 25.31   	  15.26		 74.83   	 239.06		
 25.37   	   0.00		 75.79   	 223.80		
 25.37   	  -5.09		 76.68   	 203.46		
 25.35   	  15.26		 77.50   	 188.20		
 25.41   	  15.26		 78.25   	 178.03		
 25.47   	  15.26		 78.96   	 152.59		
 25.53   	  30.52		 79.57   	 127.16		
 25.66   	  40.69		 80.08   	 111.90		
 25.82   	  25.43		 80.53   	  91.56		
 25.92   	  35.61		 80.89   	  76.30		
 26.06   	  40.69		 81.20   	  66.12		
 26.23   	  25.43		 81.46   	  50.86		
 26.33   	  25.43		 81.67   	  40.69		
 26.43   	  30.52		 81.83   	  30.52		
 26.55   	  20.35		 81.95   	  15.26		
 26.63   	  20.35		 82.01   	   5.09		
 26.71   	  25.43		 82.03   	   5.09		
 26.82   	  25.43		 82.05(S)	  -5.09		
 26.92   	  30.52		 82.03   	  -5.09		
 27.04   	  25.43		 82.01   	 -10.17		
 27.14   	  25.43		 81.97   	 -15.26		
 27.24   	  20.35		 81.91   	 -30.52		
 27.32   	  15.26		 81.79   	 -30.52		
 27.39   	  10.17		 81.67   	 -25.43		
 27.43   	   0.00		 81.57   	 -30.52		
 27.43   	  -5.09		 81.44   	 -35.61		
 27.41   	 -15.26		 81.30   	 -30.52		
 27.34   	 -20.35		 81.18   	 -25.43		
 27.26   	 -20.35		 81.08   	 -35.61		
 27.18   	 -20.35		 80.94   	 -35.61		
 27.10   	 -20.35		 80.79   	 -35.61		
 27.02   	 -20.35		 80.65   	 -30.52		
 26.94   	 -20.35		 80.53   	 -35.61		
 26.86   	 -20.35		 80.39   	 -45.78		
 26.78   	   0.00		 80.20   	 -50.86		
 26.78   	  15.26		 80.00   	 -50.86		
 26.84   	  25.43		 79.80   	 -66.12		
 26.94   	  30.52		 79.53   	 -66.12		
 27.06   	  35.61		 79.27   	 -55.95		
 27.20   	  30.52		 79.04   	 -66.12		
 27.32   	  20.35		 78.78   	 -81.38		
 27.41   	  10.17		 78.45   	 -81.38		
 27.45(S)	 -10.17		 78.13   	 -91.56		
 27.41   	 -15.26		 77.76   	 -91.56		
 27.34   	 -25.43		 77.40   	-111.90		
 27.24   	 -25.43		 76.95   	-122.07		
 27.14   	 -40.69		 76.46   	-122.07		
 26.98   	 -40.69		 75.97   	-137.33		
 26.82   	 -40.69		 75.42   	-157.68		
 26.65   	 -40.69		 74.79   	-183.11		
 26.49   	 -40.69		 74.06   	-218.72		
 26.33   	 -40.69		 73.18   	-254.32		
 26.16   	 -35.61		 72.17   	-315.36		
 26.02   	 -35.61		 70.91   	-376.40		
 25.88   	 -35.61		 69.40   	-452.69		
 25.74   	 -45.78		 67.59   	-528.99		
 25.55   	 -55.95		 65.47   	-620.55		
 25.33   	 -76.30		 62.99   	-742.62		
 25.03   	 -91.56		 60.02   	-895.22		
 24.66   	-116.99		 56.44   	-996.94		
 24.19   	-132.25		 52.45   	-961.34		
 23.66   	-157.68		 48.61   	-946.08		
 23.03   	-152.59		 44.82   	-961.34		
 22.42   	-116.99		 40.98   	-951.17		
 21.95   	 -71.21		 37.17   	-854.52		
 21.67   	 -35.61		 33.75   	-752.79		
 21.53   	 -10.17		 30.74   	-661.24		
 21.49   	  30.52		 28.10   	-579.86		
 21.61   	  71.21		 25.78   	-498.47		
 21.89   	 101.73		 23.78   	-427.26		
 22.30   	 116.99		 22.08   	-386.57		
 22.77   	 111.90		 20.53   	-361.14		
 23.21   	 116.99		 19.08   	-330.62		
 23.68   	 116.99		 17.76   	-320.45		
 24.15   	 127.16		 16.48   	-305.19		
 24.66   	 101.73		 15.26   	-305.19		
 25.07   	  76.30		 14.04   	-305.19		
 25.37   	  66.12		 12.82   	-295.01		
 25.64   	  61.04		 11.64   	-284.84		
 25.88   	  45.78		 10.50   	-254.32		
 26.06   	  20.35		  9.48   	-218.72		
 26.14   	   0.00		  8.61   	-183.11		
 26.14   	 -20.35		  7.87   	-137.33		
 26.06   	 -45.78		  7.32   	 -91.56		
 25.88   	 -76.30		  6.96   	 -66.12		
 25.57   	 -86.47		  6.69   	 -35.61		
 25.23   	 -86.47		  6.55(D)	   5.09		
 24.88   	 -96.64		  6.57   	  20.35		
 24.50   	-101.73		  6.65   	  15.26		
 24.09   	-111.90		  6.71   	  15.26		
 23.64   	-106.82		  6.78   	  35.61		
 23.21   	-116.99		  6.92   	  50.86		
 22.75   	-132.25		  7.12   	  55.95		
 22.22   	-116.99		  7.34   	  55.95		
 21.75   	 -91.56		  7.57   	  50.86		
 21.38   	 -81.38		  7.77   	  61.04		
 21.06   	 -76.30		  8.02   	  50.86		
 20.75   	 -66.12		  8.22   	  40.69		
 20.49   	 -55.95		  8.38   	  40.69		
 20.26   	 -35.61		  8.55   	  30.52		
 20.12   	 -35.61		  8.67   	  25.43		
 19.98   	 -45.78		  8.77   	  15.26		
 19.80   	 -40.69		  8.83   	  15.26		
 19.63   	 -40.69		  8.89   	  15.26		
 19.47   	 -40.69		  8.95   	  20.35		
 19.31   	 -55.95		  9.03   	  20.35		
 19.08   	 -55.95		  9.11   	  25.43		
 18.86   	 -55.95		  9.22   	  30.52		
 18.64   	 -40.69		  9.34   	  30.52		
 18.47   	 -30.52		  9.46   	  35.61		
 18.35   	 -35.61		  9.60   	  40.69		
 18.21   	 -35.61		  9.77   	  40.69		
 18.07   	 -35.61		  9.93   	  45.78		
 17.92   	 -35.61		 10.11   	  45.78		
 17.78   	 -50.86		 10.29   	  50.86		
 17.58   	 -50.86		 10.50   	  55.95		
 17.38   	 -50.86		 10.72   	  55.95		
 17.17   	 -50.86		 10.95   	  50.86		
 16.97   	 -55.95		 11.15   	  50.86		
 16.74   	 -50.86		 11.35   	  40.69		
 16.54   	 -55.95		 11.52   	  35.61		
 16.32   	 -50.86		 11.66   	  30.52		
 16.11   	 -50.86		 11.78   	  20.35		
 15.91   	 -50.86		 11.86   	  20.35		
 15.71   	 -35.61		 11.94   	  15.26		
 15.56   	 -30.52		 12.00   	  10.17		
 15.44   	 -30.52		 12.04   	  15.26		
 15.32   	 -25.43		 12.11   	  15.26		
 15.22   	 -25.43		 12.17   	  20.35		
 15.12   	 -15.26		 12.25   	  20.35		
 15.06   	 -15.26		 12.33   	  25.43		
 14.99   	 -10.17		 12.43   	  25.43		
 14.95   	  -5.09		 12.53   	  25.43		
 14.93   	 -10.17		 12.63   	  25.43		
 14.89   	 -15.26		 12.74   	  25.43		
 14.83   	 -15.26		 12.84   	  15.26		
 14.77   	 -20.35		 12.90   	  20.35		
 14.69   	 -25.43		 12.98   	  20.35		
 14.59   	 -25.43		 13.06   	  20.35		
 14.49   	 -25.43		 13.14   	  15.26		
 14.38   	 -20.35		 13.20   	   5.09		
 14.30   	 -25.43		 13.22   	   5.09		
 14.20   	 -15.26		 13.25   	   5.09		
 14.14   	 -10.17		 13.27   	   5.09		
 14.10   	 -10.17		 13.29   	  10.17		
 14.06   	  -5.09		 13.33   	   5.09		
 14.04(D)	   0.00		 13.35   	  10.17		
 14.04   	   0.00		 13.39   	  10.17		
 14.04   	   5.09		 13.43   	  10.17		
 14.06   	  20.35		 13.47   	  10.17		
 14.14   	  30.52		 13.51   	  15.26		
 14.26   	  25.43		 13.57   	  20.35		
 14.36   	  25.43		 13.65   	  25.43		
 14.47   	  20.35		 13.75   	  20.35		
 14.55   	  10.17		 13.84   	  25.43		
 14.59   	   0.00		 13.94   	  25.43		
 14.59   	 -15.26		 14.04   	  20.35		
 14.53   	 -10.17		 14.12(E)	  15.26		
 14.49   	  -5.09		 14.18   	  15.26		
 14.47   	 -10.17		 14.24   	   5.09		
 14.43   	 -10.17		 14.26   	   5.09		
 14.38   	  -5.09		 14.28   	  10.17		
 14.36   	  -5.09		 14.32   	  20.35		
 14.34   	   0.00		 14.40   	  35.61		
 14.34   	   5.09		 14.55   	  61.04		
 14.36   	   5.09		 14.79   	  91.56		
 14.38   	  10.17		 15.16   	 122.07		
 14.43   	  10.17		 15.65   	 157.68		
 14.47   	  25.43		 16.28   	 193.29		
 14.57   	  40.69		 17.05   	 233.98		
 14.73   	  61.04		 17.99   	 274.67		
 14.97   	  81.38		 19.08   	 310.27		
 15.30   	 116.99		 20.33   	 335.71		
 15.77   	 178.03		 21.67   	 412.00		
 16.48   	 223.80		 23.32   	 528.99		
 17.38   	 249.24		 25.43   	 640.89		
 18.37   	 239.06		 28.00   	 717.19		
 19.33   	 162.77		 30.86   	 773.14		
 19.98   	  76.30		 33.96   	 808.75		
 20.28   	  66.12		 37.19   	 818.92		
 20.55   	  61.04		 40.47   	 798.57		
 20.79   	  10.17		 43.66   	 798.57		
 20.83   	  20.35		 46.86   	 707.02		
 20.92   	  40.69		 49.68   	 651.07		
 21.08   	  71.21		 52.29   	 630.72		
 21.36   	  86.47		 54.81   	 600.20		
 21.71   	 106.82		 57.21   	 579.86		
 22.14   	 116.99		 59.53   	 554.42		
 22.60   	 122.07		 61.75   	 483.21		
 23.09   	 127.16		 63.68   	 432.35		
 23.60   	 122.07		 65.41   	 422.18		
 24.09   	 106.82		 67.10   	 406.92		
 24.52   	 101.73		 68.73   	 345.88		
 24.92   	  86.47		 70.11   	 300.10		
 25.27   	  81.38		 71.31   	 295.01		
 25.60   	  66.12		 72.49   	 284.84		
 25.86   	  50.86		 73.63   	 259.41		
 26.06   	  45.78		 74.67   	 239.06		
 26.25   	  30.52		 75.63   	 233.98		
 26.37   	  20.35		 76.56   	 218.72		
 26.45   	  20.35		 77.44   	 188.20		
 26.53   	  25.43		 78.19   	 178.03		
 26.63   	  25.43		 78.90   	 172.94		
 26.73   	  35.61		 79.59   	 152.59		
 26.88   	  30.52		 80.20   	 132.25		
 27.00   	  35.61		 80.73   	 111.90		
 27.14   	  30.52		 81.18   	  91.56		
 27.26   	  25.43		 81.55   	  66.12		
 27.37   	  30.52		 81.81   	  61.04		
 27.49   	  30.52		 82.05   	  45.78		
 27.61   	  20.35		 82.24   	  40.69		
 27.69   	  15.26		 82.40   	  25.43		
 27.75   	  20.35		 82.50   	  10.17		
 27.83   	  15.26		 82.54   	   0.00		
 27.89   	  10.17		 82.54   	  -5.09		
 27.93   	  10.17		 82.52   	  -5.09		
 27.98   	  15.26		 82.50   	  -5.09		
 28.04   	  20.35		 82.48   	 -15.26		
 28.12   	  15.26		 82.42   	 -25.43		
 28.18   	  25.43		 82.32   	 -25.43		
 28.28   	  N/A		 82.22   	  N/A		
