WITTCASE NUMBER: HA003253
SAMPLE NUMBER:   16
TIME RESOLUTION: 4 ms/sample
mmHg RESOLUTION: 0.0203458 mmHg/unit
DATA UNITS:      mmHg, mmHg/sec

------------------------- Begin Data -------------------------
  RV     	  RV'		  AO     	  AO'		
 35.26   	  30.52		 73.94   	 305.19		
 35.38   	  25.43		 75.16   	 274.67		
 35.48   	  15.26		 76.26   	 249.24		
 35.54   	  15.26		 77.25   	 249.24		
 35.61   	  15.26		 78.25   	 259.41		
 35.67   	  15.26		 79.29   	 279.75		
 35.73   	  15.26		 80.41   	 300.10		
 35.79   	   5.09		 81.61   	 330.62		
 35.81   	  -5.09		 82.93   	 350.97		
 35.79   	  -5.09		 84.33   	 376.40		
 35.77   	   0.00		 85.84   	 391.66		
 35.77   	  -5.09		 87.41   	 396.74		
 35.75   	   0.00		 88.99   	 391.66		
 35.75   	  -5.09		 90.56   	 381.48		
 35.73   	 -10.17		 92.09   	 356.05		
 35.69   	 -10.17		 93.51   	 330.62		
 35.65   	 -10.17		 94.83   	 289.93		
 35.61   	 -15.26		 95.99   	 244.15		
 35.54   	 -15.26		 96.97   	 203.46		
 35.48   	 -20.35		 97.78   	 152.59		
 35.40   	 -15.26		 98.39   	 106.82		
 35.34   	 -15.26		 98.82   	  61.04		
 35.28   	 -15.26		 99.06   	  25.43		
 35.22   	 -25.43		 99.17   	 -20.35		
 35.12   	 -20.35		 99.08   	 -50.86		
 35.04   	 -25.43		 98.88   	 -66.12		
 34.93   	 -30.52		 98.62   	 -76.30		
 34.81   	 -35.61		 98.31   	 -96.64		
 34.67   	 -45.78		 97.92   	-111.90		
 34.49   	 -55.95		 97.48   	-116.99		
 34.26   	 -61.04		 97.01   	-122.07		
 34.02   	 -71.21		 96.52   	-127.16		
 33.73   	 -86.47		 96.01   	-122.07		
 33.39   	-111.90		 95.52   	-132.25		
 32.94   	-137.33		 94.99   	-127.16		
 32.39   	-157.68		 94.49   	-127.16		
 31.76   	-172.94		 93.98   	-116.99		
 31.07   	-172.94		 93.51   	-122.07		
 30.38   	-183.11		 93.02   	-122.07		
 29.64   	-203.46		 92.53   	-106.82		
 28.83   	-223.80		 92.11   	 -96.64		
 27.93   	-254.32		 91.72   	 -91.56		
 26.92   	-279.75		 91.35   	-101.73		
 25.80   	-300.10		 90.95   	-106.82		
 24.60   	-310.27		 90.52   	-106.82		
 23.36   	-310.27		 90.09   	-101.73		
 22.12   	-315.36		 89.68   	-111.90		
 20.85   	-310.27		 89.24   	-127.16		
 19.61   	-320.45		 88.73   	-132.25		
 18.33   	-305.19		 88.20   	-132.25		
 17.11   	-300.10		 87.67   	-137.33		
 15.91   	-279.75		 87.12   	-152.59		
 14.79   	-264.50		 86.51   	-172.94		
 13.73   	-254.32		 85.82   	-178.03		
 12.72   	-233.98		 85.11   	-178.03		
 11.78   	-213.63		 84.39   	-172.94		
 10.93   	-198.37		 83.70   	-178.03		
 10.13   	-188.20		 82.99   	-188.20		
  9.38   	-167.85		 82.24   	-193.29		
  8.71   	-142.42		 81.46   	-188.20		
  8.14   	-116.99		 80.71   	-178.03		
  7.67   	-101.73		 80.00   	-167.85		
  7.26   	 -91.56		 79.33   	-172.94		
  6.90   	 -81.38		 78.64   	-167.85		
  6.57   	 -61.04		 77.97   	-162.77		
  6.33   	 -35.61		 77.31   	-142.42		
  6.19   	 -10.17		 76.74   	-127.16		
  6.14   	  -5.09		 76.24   	-111.90		
  6.12   	   0.00		 75.79   	-122.07		
  6.12   	   0.00		 75.30   	-122.07		
  6.12   	   5.09		 74.81   	-116.99		
  6.14   	  25.43		 74.34   	-111.90		
  6.25   	  30.52		 73.90   	-106.82		
  6.37   	  40.69		 73.47   	-111.90		
  6.53   	  40.69		 73.02   	-106.82		
  6.69   	  35.61		 72.59   	-101.73		
  6.84   	  50.86		 72.19   	 -96.64		
  7.04   	  50.86		 71.80   	-101.73		
  7.24   	  55.95		 71.39   	-101.73		
  7.47   	  55.95		 70.99   	-101.73		
  7.69   	  61.04		 70.58   	 -86.47		
  7.93   	  61.04		 70.23   	 -86.47		
  8.18   	  50.86		 69.89   	 -76.30		
  8.38   	  45.78		 69.58   	 -76.30		
  8.57   	  40.69		 69.28   	 -66.12		
  8.73   	  25.43		 69.01   	 -66.12		
  8.83   	  25.43		 68.75   	 -71.21		
  8.93   	  20.35		 68.46   	 -71.21		
  9.01   	  20.35		 68.18   	 -61.04		
  9.09   	   0.00		 67.93   	 -45.78		
  9.09   	 -10.17		 67.75   	 -45.78		
  9.05   	 -30.52		 67.57   	 -45.78		
  8.93   	 -40.69		 67.39   	 -55.95		
  8.77   	 -35.61		 67.16   	 -50.86		
  8.63   	 -25.43		 66.96   	 -35.61		
  8.52   	 -15.26		 66.82   	 -40.69		
  8.46   	 -25.43		 66.65   	 -45.78		
  8.36   	 -25.43		 66.47   	 -50.86		
  8.26   	 -20.35		 66.27   	 -55.95		
  8.18   	 -10.17		 66.04   	 -45.78		
  8.14   	   0.00		 65.86   	 -45.78		
  8.14   	   5.09		 65.68   	 -45.78		
  8.16   	  10.17		 65.49   	 -50.86		
  8.20   	  15.26		 65.29   	 -45.78		
  8.26   	  30.52		 65.11   	 -45.78		
  8.38   	  40.69		 64.92   	 -40.69		
  8.55   	  45.78		 64.76   	 -35.61		
  8.73   	  45.78		 64.62   	 -40.69		
  8.91   	  45.78		 64.46   	 -35.61		
  9.09   	  45.78		 64.31   	 -40.69		
  9.28   	  55.95		 64.15   	 -25.43		
  9.50   	  61.04		 64.05   	 -20.35		
  9.75   	  61.04		 63.97   	 -15.26		
  9.99   	  55.95		 63.91   	 -20.35		
 10.21   	  45.78		 63.82   	 -25.43		
 10.40   	  50.86		 63.72   	 -30.52		
 10.60   	  45.78		 63.60   	 -20.35		
 10.78   	  50.86		 63.52   	 -15.26		
 10.99   	  35.61		 63.46   	 -25.43		
 11.13   	  20.35		 63.36   	 -40.69		
 11.21   	  15.26		 63.19   	 -50.86		
 11.27   	  20.35		 62.99   	 -35.61		
 11.35   	  25.43		 62.85   	 -25.43		
 11.45   	  20.35		 62.75   	 -35.61		
 11.54   	   5.09		 62.60   	 -50.86		
 11.56   	  -5.09		 62.40   	 -61.04		
 11.54   	  -5.09		 62.16   	 -45.78		
 11.52   	   0.00		 61.97   	 -35.61		
 11.52   	   0.00		 61.83   	 -35.61		
 11.52   	  -5.09		 61.69   	 -50.86		
 11.50   	 -15.26		 61.49   	 -55.95		
 11.43   	 -20.35		 61.26   	 -50.86		
 11.35   	  -5.09		 61.06   	 -35.61		
 11.33   	  -5.09		 60.92   	 -35.61		
 11.31   	  -5.09		 60.77   	 -40.69		
 11.29   	 -15.26		 60.61   	 -50.86		
 11.23   	 -15.26		 60.41   	 -45.78		
 11.17   	 -10.17		 60.22   	 -40.69		
 11.13   	 -10.17		 60.06   	 -35.61		
 11.09   	 -10.17		 59.92   	 -40.69		
 11.05   	  -5.09		 59.76   	 -50.86		
 11.03   	 -10.17		 59.55   	 -50.86		
 10.99   	  -5.09		 59.35   	 -35.61		
 10.97   	   0.00		 59.21   	 -25.43		
 10.97   	 -10.17		 59.10   	 -25.43		
 10.93   	 -10.17		 59.00   	 -45.78		
 10.89   	 -15.26		 58.82   	 -45.78		
 10.82   	  -5.09		 58.64   	 -35.61		
 10.80   	   5.09		 58.49   	 -30.52		
 10.82   	   5.09		 58.37   	 -25.43		
 10.84   	   0.00		 58.27   	 -40.69		
 10.84   	  -5.09		 58.11   	 -45.78		
 10.82   	  -5.09		 57.92   	 -30.52		
 10.80   	   5.09		 57.80   	 -25.43		
 10.82   	  10.17		 57.70   	 -25.43		
 10.86   	  10.17		 57.60   	 -35.61		
 10.91   	  -5.09		 57.46   	 -40.69		
 10.89   	   0.00		 57.29   	 -35.61		
 10.89   	   5.09		 57.15   	 -25.43		
 10.91   	  10.17		 57.05   	 -25.43		
 10.95   	  15.26		 56.95   	 -25.43		
 11.01   	   0.00		 56.85   	 -30.52		
 11.01   	   5.09		 56.72   	 -25.43		
 11.03   	   0.00		 56.62   	 -35.61		
 11.03   	  10.17		 56.48   	 -30.52		
 11.07   	  10.17		 56.36   	 -30.52		
 11.11   	  10.17		 56.24   	 -35.61		
 11.15   	   5.09		 56.09   	 -35.61		
 11.17   	   0.00		 55.95   	 -25.43		
 11.17   	   0.00		 55.85   	 -20.35		
 11.17   	   0.00		 55.77   	 -25.43		
 11.17   	   5.09		 55.67   	 -30.52		
 11.19   	   5.09		 55.54   	 -30.52		
 11.21   	  10.17		 55.42   	 -30.52		
 11.25   	  10.17		 55.30   	 -25.43		
 11.29   	   5.09		 55.20   	 -20.35		
 11.31   	  -5.09		 55.12   	 -20.35		
 11.29   	  -5.09		 55.04   	 -25.43		
 11.27   	  -5.09		 54.93   	 -25.43		
 11.25   	   0.00		 54.83   	 -25.43		
 11.25   	   5.09		 54.73   	 -25.43		
 11.27   	   5.09		 54.63   	 -30.52		
 11.29   	   5.09		 54.51   	 -30.52		
 11.31   	   0.00		 54.38   	 -25.43		
 11.31   	  -5.09		 54.28   	 -25.43		
 11.29   	   0.00		 54.18   	 -25.43		
 11.29   	   0.00		 54.08   	 -30.52		
 11.29   	   0.00		 53.96   	 -30.52		
 11.29   	   0.00		 53.83   	 -35.61		
 11.29   	   0.00		 53.69   	 -30.52		
 11.29   	   0.00		 53.57   	 -25.43		
 11.29   	   0.00		 53.47   	 -30.52		
 11.29   	   0.00		 53.35   	 -25.43		
 11.29   	  -5.09		 53.24   	 -20.35		
 11.27   	  -5.09		 53.16   	 -20.35		
 11.25   	  -5.09		 53.08   	 -30.52		
 11.23   	   5.09		 52.96   	 -25.43		
 11.25(E)	   5.09		 52.86   	 -20.35		
 11.27   	  10.17		 52.78   	 -20.35		
 11.31   	  10.17		 52.70   	 -15.26		
 11.35   	  15.26		 52.63   	 -15.26		
 11.41   	  15.26		 52.57   	 -20.35		
 11.48   	  25.43		 52.49   	 -15.26		
 11.58   	  25.43		 52.43   	 -15.26		
 11.68   	  30.52		 52.37   	 -15.26		
 11.80   	  25.43		 52.31   	 -15.26		
 11.90   	  30.52		 52.25   	 -10.17		
 12.02   	  30.52		 52.21   	 -15.26		
 12.15   	  30.52		 52.15   	 -15.26		
 12.27   	  45.78		 52.09   	  -5.09		
 12.45   	  55.95		 52.06   	 -10.17		
 12.68   	  61.04		 52.02   	 -15.26		
 12.92   	  66.12		 51.96   	 -20.35		
 13.18   	  76.30		 51.88   	 -25.43		
 13.49   	  81.38		 51.78   	 -20.35		
 13.81   	  86.47		 51.70   	 -20.35		
 14.16   	  86.47		 51.62   	 -30.52		
 14.51   	  86.47		 51.50   	 -20.35		
 14.85   	  91.56		 51.41   	 -20.35		
 15.22   	 111.90		 51.33   	 -10.17		
 15.67   	 147.51		 51.29   	 -15.26		
 16.26   	 208.54		 51.23   	 -20.35		
 17.09   	 274.67		 51.15   	 -20.35		
 18.19   	 259.41		 51.07   	 -20.35		
 19.23   	 233.98		 50.99   	 -15.26		
 20.16   	 228.89		 50.93   	 -15.26		
 21.08   	 244.15		 50.86   	 -20.35		
 22.05   	 274.67		 50.78   	 -20.35		
 23.15   	 284.84		 50.70   	 -20.35		
 24.29   	 284.84		 50.62   	 -25.43		
 25.43   	 274.67		 50.52   	 -25.43		
 26.53   	 249.24		 50.42   	 -20.35		
 27.53   	 233.98		 50.34   	 -25.43		
 28.46   	 218.72		 50.23   	 -20.35		
 29.34   	 203.46		 50.15   	 -25.43		
 30.15   	 198.37		 50.05   	 -25.43		
 30.95   	 183.11		 49.95   	 -25.43		
 31.68   	 157.68		 49.85   	 -35.61		
 32.31   	 137.33		 49.70   	 -30.52		
 32.86   	 122.07		 49.58   	 -35.61		
 33.35   	  96.64		 49.44   	 -30.52		
 33.73   	  76.30		 49.32   	 -30.52		
 34.04   	  66.12		 49.20   	 -30.52		
 34.30   	  50.86		 49.07   	 -25.43		
 34.51   	  45.78		 48.97   	 -20.35		
 34.69   	  35.61		 48.89   	 -25.43		
 34.83   	  25.43		 48.79   	 -25.43		
 34.93   	  10.17		 48.69   	  -5.09		
 34.97   	   5.09		 48.67   	   5.09		
 34.99   	   0.00		 48.69   	  25.43		
 34.99   	 -10.17		 48.79   	  50.86		
 34.95   	 -10.17		 48.99   	 116.99		
 34.91   	   0.00		 49.46   	 203.46		
 34.91   	   0.00		 50.27   	 315.36		
 34.91   	   5.09		 51.54   	 412.00		
 34.93   	   0.00		 53.18   	 493.39		
 34.93   	  10.17		 55.16   	 574.77		
 34.97   	   5.09		 57.46   	 620.55		
 34.99   	  15.26		 59.94   	 635.81		
 35.06   	  15.26		 62.48   	 625.63		
 35.12   	  25.43		 64.98   	 595.11		
 35.22   	  25.43		 67.36   	 544.25		
 35.32   	  25.43		 69.54   	 498.47		
 35.42   	  25.43		 71.54   	 432.35		
 35.52   	  25.43		 73.27   	 371.31		
 35.63   	  25.43		 74.75   	 325.53		
 35.73   	  30.52		 76.05   	 289.93		
 35.85   	  30.52		 77.21   	 269.58		
 35.97   	  25.43		 78.29   	 254.32		
 36.07   	  20.35		 79.31   	 259.41		
 36.15   	  20.35		 80.35   	 274.67		
 36.24   	  10.17		 81.44   	 300.10		
 36.28   	  10.17		 82.64   	 330.62		
 36.32(S)	   0.00		 83.97   	 356.05		
 36.32   	   0.00		 85.39   	 376.40		
 36.32   	   0.00		 86.90   	 396.74		
 36.32   	   0.00		 88.48   	 417.09		
 36.32   	  -5.09		 90.15   	 422.18		
 36.30   	 -15.26		 91.84   	 401.83		
 36.24   	 -15.26		 93.45   	 381.48		
 36.17   	 -20.35		 94.97   	 366.22		
 36.09   	 -20.35		 96.44   	 335.71		
 36.01   	 -15.26		 97.78   	 295.01		
 35.95   	 -10.17		 98.96   	 244.15		
 35.91   	 -15.26		 99.94   	 198.37		
 35.85   	 -15.26		100.73   	 142.42		
 35.79   	 -20.35		101.30   	 101.73		
 35.71   	 -30.52		101.71   	  45.78		
 35.58   	 -30.52		101.89   	   5.09		
 35.46   	 -35.61		101.91(S)	 -45.78		
 35.32   	 -35.61		101.73   	 -71.21		
 35.18   	 -35.61		101.44   	 -86.47		
 35.04   	 -35.61		101.10   	-101.73		
 34.89   	 -45.78		100.69   	-111.90		
 34.71   	 -55.95		100.24   	-127.16		
 34.49   	 -66.12		 99.74   	-127.16		
 34.22   	 -76.30		 99.23   	-132.25		
 33.92   	 -76.30		 98.70   	-127.16		
 33.61   	-101.73		 98.19   	-127.16		
 33.20   	-116.99		 97.68   	-122.07		
 32.74   	-137.33		 97.19   	-111.90		
 32.19   	-167.85		 96.74   	-106.82		
 31.52   	-193.29		 96.32   	 -96.64		
 30.74   	-198.37		 95.93   	 -91.56		
 29.95   	-208.54		 95.56   	 -86.47		
 29.11   	-223.80		 95.22   	 -86.47		
 28.22   	-239.06		 94.87   	 -86.47		
 27.26   	-259.41		 94.53   	 -91.56		
 26.23   	-274.67		 94.16   	 -86.47		
 25.13   	-284.84		 93.81   	 -96.64		
 23.99   	-300.10		 93.43   	 -91.56		
 22.79   	-310.27		 93.06   	 -96.64		
 21.55   	-320.45		 92.68   	-101.73		
 20.26   	-320.45		 92.27   	-106.82		
 18.98   	-310.27		 91.84   	-106.82		
 17.74   	-300.10		 91.41   	-116.99		
 16.54   	-284.84		 90.95   	-132.25		
 15.40   	-274.67		 90.42   	-147.51		
 14.30   	-259.41		 89.83   	-152.59		
 13.27   	-239.06		 89.22   	-157.68		
 12.31   	-223.80		 88.59   	-172.94		
 11.41   	-198.37		 87.89   	-183.11		
 10.62   	-183.11		 87.16   	-193.29		
  9.89   	-162.77		 86.39   	-198.37		
  9.24   	-142.42		 85.59   	-208.54		
  8.67   	-122.07		 84.76   	-203.46		
  8.18   	 -96.64		 83.95   	-203.46		
  7.79   	 -76.30		 83.13   	-203.46		
  7.49   	 -55.95		 82.32   	-198.37		
  7.26   	 -45.78		 81.53   	-188.20		
  7.08   	 -25.43		 80.77   	-172.94		
  6.98   	 -20.35		 80.08   	-162.77		
  6.90   	  -5.09		 79.43   	-152.59		
  6.88   	  -5.09		 78.82   	-142.42		
  6.86(D)	   0.00		 78.25   	-127.16		
  6.86   	   5.09		 77.74   	-122.07		
  6.88   	   5.09		 77.25   	-116.99		
  6.90   	  10.17		 76.79   	-111.90		
  6.94   	  10.17		 76.34   	-106.82		
  6.98   	  10.17		 75.91   	-111.90		
  7.02   	  15.26		 75.46   	-111.90		
  7.08   	  15.26		 75.01   	-111.90		
  7.14   	  20.35		 74.57   	-111.90		
  7.22   	  25.43		 74.12   	-116.99		
  7.32   	  25.43		 73.65   	-111.90		
  7.43   	  20.35		 73.20   	-116.99		
  7.51   	  25.43		 72.74   	-111.90		
  7.61   	  20.35		 72.29   	-116.99		
  7.69   	  20.35		 71.82   	-106.82		
  7.77   	  25.43		 71.39   	 -96.64		
  7.87   	  25.43		 71.01   	 -91.56		
  7.98   	  20.35		 70.64   	 -81.38		
  8.06   	  15.26		 70.32   	 -76.30		
  8.12   	  15.26		 70.01   	 -66.12		
  8.18   	   5.09		 69.75   	 -61.04		
  8.20   	   5.09		 69.50   	 -55.95		
  8.22   	   0.00		 69.28   	 -50.86		
  8.22   	   0.00		 69.07   	 -45.78		
  8.22   	 -10.17		 68.89   	 -45.78		
  8.18   	 -10.17		 68.71   	 -40.69		
  8.14   	 -20.35		 68.55   	 -45.78		
  8.06   	 -15.26		 68.36   	 -40.69		
  8.00   	 -10.17		 68.20   	 -45.78		
  7.96   	   5.09		 68.02   	 -50.86		
  7.98   	  20.35		 67.81   	 -55.95		
  8.06   	  15.26		 67.59   	 -66.12		
  8.12   	  15.26		 67.32   	 -61.04		
  8.18   	  15.26		 67.08   	 -66.12		
  8.24   	  15.26		 66.82   	 -66.12		
  8.30   	  20.35		 66.55   	 -66.12		
  8.38   	  25.43		 66.29   	 -55.95		
  8.48   	  25.43		 66.06   	 -55.95		
  8.59   	  35.61		 65.84   	 -45.78		
  8.73   	  35.61		 65.66   	 -35.61		
  8.87   	  35.61		 65.51   	 -35.61		
  9.01   	  40.69		 65.37   	 -25.43		
  9.18   	  40.69		 65.27   	 -25.43		
  9.34   	  35.61		 65.17   	 -20.35		
  9.48   	  40.69		 65.09   	 -20.35		
  9.64   	  35.61		 65.00   	 -25.43		
  9.79   	  35.61		 64.90   	 -30.52		
  9.93   	  30.52		 64.78   	 -30.52		
 10.05   	  30.52		 64.66   	 -40.69		
 10.17   	  30.52		 64.50   	 -40.69		
 10.29   	  25.43		 64.33   	 -45.78		
 10.40   	  20.35		 64.15   	 -50.86		
 10.48   	  20.35		 63.95   	 -55.95		
 10.56   	  15.26		 63.72   	 -55.95		
 10.62   	   5.09		 63.50   	 -50.86		
 10.64   	   5.09		 63.30   	 -55.95		
 10.66   	  -5.09		 63.07   	 -50.86		
 10.64   	  -5.09		 62.87   	 -45.78		
 10.62   	 -15.26		 62.69   	 -45.78		
 10.56   	 -10.17		 62.50   	 -45.78		
 10.52   	 -10.17		 62.32   	 -40.69		
 10.48   	  -5.09		 62.16   	 -40.69		
 10.46   	   0.00		 61.99   	 -45.78		
 10.46   	 -10.17		 61.81   	 -35.61		
 10.42   	 -10.17		 61.67   	 -35.61		
 10.38   	  -5.09		 61.53   	 -25.43		
 10.36   	   5.09		 61.42   	 -15.26		
 10.38   	  10.17		 61.36   	   0.00		
 10.42   	  20.35		 61.36   	  10.17		
 10.50   	  30.52		 61.40   	  20.35		
 10.62   	  35.61		 61.49   	  35.61		
 10.76   	  35.61		 61.63   	  35.61		
 10.91   	  45.78		 61.77   	  45.78		
 11.09   	  45.78		 61.95   	  45.78		
 11.27   	  40.69		 62.14   	  25.43		
 11.43   	  40.69		 62.24   	  10.17		
 11.60   	  30.52		 62.28   	 -30.52		
 11.72   	  30.52		 62.16   	 -50.86		
 11.84   	  20.35		 61.95   	 -76.30		
 11.92   	  20.35		 61.65   	-101.73		
 12.00   	  25.43		 61.24   	-116.99		
 12.11   	  20.35		 60.77   	-122.07		
 12.19   	  20.35		 60.28   	-122.07		
 12.27   	  10.17		 59.80   	-127.16		
 12.31   	  -5.09		 59.29   	-127.16		
 12.29   	 -25.43		 58.78   	-122.07		
 12.19   	 -30.52		 58.29   	-111.90		
 12.07   	 -30.52		 57.84   	-101.73		
 11.94   	 -40.69		 57.44   	 -91.56		
 11.78   	 -50.86		 57.07   	 -76.30		
 11.58   	 -61.04		 56.76   	 -55.95		
 11.33   	 -71.21		 56.54   	 -40.69		
 11.05   	 -61.04		 56.38   	 -25.43		
 10.80   	 -55.95		 56.28   	 -10.17		
 10.58   	 -61.04		 56.24   	   0.00		
 10.34   	 -66.12		 56.24   	   5.09		
 10.07   	 -66.12		 56.26   	  10.17		
  9.81   	 -55.95		 56.30   	  15.26		
  9.58   	 -55.95		 56.36   	  10.17		
  9.36   	 -45.78		 56.40   	  -5.09		
  9.18   	 -30.52		 56.38   	 -15.26		
  9.05   	 -15.26		 56.32   	 -25.43		
  8.99   	 -15.26		 56.22   	 -30.52		
  8.93   	 -15.26		 56.09   	 -45.78		
  8.87   	 -10.17		 55.91   	 -50.86		
  8.83   	 -10.17		 55.71   	 -61.04		
  8.79   	  -5.09		 55.46   	 -61.04		
  8.77   	   0.00		 55.22   	 -61.04		
  8.77   	   5.09		 54.97   	 -55.95		
  8.79   	   5.09		 54.75   	 -55.95		
  8.81   	   0.00		 54.53   	 -55.95		
  8.81   	   5.09		 54.30   	 -50.86		
  8.83   	  15.26		 54.10   	 -40.69		
  8.89   	  20.35		 53.94   	 -35.61		
  8.97   	  25.43		 53.79   	 -35.61		
  9.07   	  25.43		 53.65   	 -25.43		
  9.18   	  20.35		 53.55   	 -25.43		
  9.26   	  15.26		 53.45   	 -15.26		
  9.32   	  15.26		 53.39   	 -15.26		
  9.38   	  10.17		 53.33   	 -15.26		
  9.42   	  10.17		 53.27   	 -15.26		
  9.46   	  15.26		 53.20   	 -20.35		
  9.52   	  15.26		 53.12   	 -10.17		
  9.58   	  15.26		 53.08   	 -15.26		
  9.64   	  10.17		 53.02   	 -15.26		
  9.68   	   0.00		 52.96   	 -20.35		
  9.68   	  -5.09		 52.88   	 -25.43		
  9.66   	 -10.17		 52.78   	 -20.35		
  9.62   	 -10.17		 52.70   	 -30.52		
  9.58   	 -10.17		 52.57   	 -30.52		
  9.54   	   0.00		 52.45   	 -35.61		
  9.54   	  -5.09		 52.31   	 -35.61		
  9.52   	  -5.09		 52.17   	 -35.61		
  9.50   	  -5.09		 52.02   	 -30.52		
  9.48   	  -5.09		 51.90   	 -30.52		
  9.46   	  -5.09		 51.78   	 -25.43		
  9.44   	   5.09		 51.68   	 -25.43		
  9.46(E)	  15.26		 51.58   	 -25.43		
  9.52   	  20.35		 51.47   	 -20.35		
  9.60   	  25.43		 51.39   	 -15.26		
  9.70   	  30.52		 51.33   	 -15.26		
  9.83   	  30.52		 51.27   	 -10.17		
  9.95   	  35.61		 51.23   	 -10.17		
 10.09   	  35.61		 51.19   	 -10.17		
 10.23   	  35.61		 51.15   	 -10.17		
 10.38   	  40.69		 51.11   	 -10.17		
 10.54   	  40.69		 51.07   	 -10.17		
 10.70   	  45.78		 51.03   	 -15.26		
 10.89   	  50.86		 50.97   	 -10.17		
 11.09   	  66.12		 50.93   	 -20.35		
 11.35   	  71.21		 50.84   	 -20.35		
 11.64   	  86.47		 50.76   	 -25.43		
 11.98   	 101.73		 50.66   	 -30.52		
 12.39   	 101.73		 50.54   	 -35.61		
 12.80   	 101.73		 50.40   	 -30.52		
 13.20   	 101.73		 50.27   	 -30.52		
 13.61   	 116.99		 50.15   	 -30.52		
 14.08   	 132.25		 50.03   	 -30.52		
 14.61   	 167.85		 49.91   	 -25.43		
 15.28   	 193.29		 49.81   	 -25.43		
 16.05   	 203.46		 49.70   	 -20.35		
 16.87   	 213.63		 49.62   	 -25.43		
 17.72   	 208.54		 49.52   	 -25.43		
 18.56   	 203.46		 49.42   	 -20.35		
 19.37   	 218.72		 49.34   	 -20.35		
 20.24   	 228.89		 49.26   	 -25.43		
 21.16   	 233.98		 49.16   	 -20.35		
 22.10   	 233.98		 49.07   	 -20.35		
 23.03   	 223.80		 48.99   	 -25.43		
 23.93   	 208.54		 48.89   	 -20.35		
 24.76   	 198.37		 48.81   	 -25.43		
 25.55   	 188.20		 48.71   	 -25.43		
 26.31   	 178.03		 48.61   	 -20.35		
 27.02   	 167.85		 48.52   	 -25.43		
 27.69   	 152.59		 48.42   	 -25.43		
 28.30   	 137.33		 48.32   	 -25.43		
 28.85   	 122.07		 48.22   	 -30.52		
 29.34   	 116.99		 48.10   	 -25.43		
 29.81   	 106.82		 48.00   	 -25.43		
 30.23   	  91.56		 47.89   	 -25.43		
 30.60   	  91.56		 47.79   	 -30.52		
 30.97   	  76.30		 47.67   	 -20.35		
 31.27   	  71.21		 47.59   	 -20.35		
 31.56   	  66.12		 47.51   	 -15.26		
 31.82   	  55.95		 47.45   	 -10.17		
 32.04   	  45.78		 47.41   	  -5.09		
 32.23   	  35.61		 47.39(D)	   0.00		
 32.37   	  25.43		 47.39   	  10.17		
 32.47   	  25.43		 47.43   	  15.26		
 32.57   	  20.35		 47.49   	  40.69		
 32.66   	  20.35		 47.65   	  81.38		
 32.74   	  20.35		 47.98   	 142.42		
 32.82   	  15.26		 48.55   	 228.89		
 32.88   	  10.17		 49.46   	 330.62		
 32.92   	  15.26		 50.78   	 422.18		
 32.98   	  20.35		 52.47   	 493.39		
 33.06   	  20.35		 54.45   	 554.42		
 33.14   	  20.35		 56.66   	 590.03		
 33.22   	  25.43		 59.02   	 600.20		
 33.33   	  25.43		 61.42   	 590.03		
 33.43   	  20.35		 63.78   	 554.42		
 33.51   	  25.43		 66.00   	 503.56		
 33.61   	  30.52		 68.02   	 457.78		
 33.73   	  25.43		 69.85   	 396.74		
 33.84   	  25.43		 71.43   	 345.88		
 33.94   	  20.35		 72.82   	 300.10		
 34.02   	  10.17		 74.02   	 264.50		
 34.06   	  10.17		 75.08   	 244.15		
 34.10   	   5.09		 76.05   	 239.06		
 34.12(S)	  -5.09		 77.01   	 233.98		
 34.10   	  -5.09		 77.94   	 244.15		
 34.08   	 -15.26		 78.92   	 274.67		
 34.02   	 -10.17		 80.02   	 295.01		
 33.98   	 -20.35		 81.20   	 330.62		
 33.90   	 -15.26		 82.52   	 350.97		
 33.84   	 -20.35		 83.93   	 366.22		
 33.75   	 -20.35		 85.39   	 381.48		
 33.67   	 -20.35		 86.92   	 386.57		
 33.59   	 -20.35		 88.46   	 376.40		
 33.51   	 -15.26		 89.97   	 361.14		
 33.45   	 -25.43		 91.41   	 325.53		
 33.35   	 -25.43		 92.72   	 295.01		
 33.25   	 -30.52		 93.90   	 254.32		
 33.12   	 -30.52		 94.91   	 208.54		
 33.00   	 -35.61		 95.75   	 157.68		
 32.86   	 -35.61		 96.38   	 111.90		
 32.72   	 -40.69		 96.83   	  71.21		
 32.55   	 -45.78		 97.11   	  35.61		
 32.37   	 -40.69		 97.25(S)	 -10.17		
 32.21   	 -45.78		 97.21   	 -40.69		
 32.02   	 -45.78		 97.05   	 -66.12		
 31.84   	 -45.78		 96.78   	 -91.56		
 31.66   	 -50.86		 96.42   	-111.90		
 31.45   	 -61.04		 95.97   	-111.90		
 31.21   	 -66.12		 95.52   	-127.16		
 30.95   	 -76.30		 95.01   	-142.42		
 30.64   	 -91.56		 94.45   	-142.42		
 30.27   	 -96.64		 93.88   	-142.42		
 29.89   	-111.90		 93.31   	-132.25		
 29.44   	-132.25		 92.78   	-127.16		
 28.91   	-147.51		 92.27   	-127.16		
 28.32   	-157.68		 91.76   	-116.99		
 27.69   	-172.94		 91.29   	 -96.64		
 27.00   	-183.11		 90.91   	 -86.47		
 26.27   	-193.29		 90.56   	 -81.38		
 25.49   	-203.46		 90.23   	 -86.47		
 24.68   	-218.72		 89.89   	 -81.38		
 23.80   	-228.89		 89.56   	 -86.47		
 22.89   	-239.06		 89.22   	 -86.47		
 21.93   	-259.41		 88.87   	 -96.64		
 20.90   	-264.50		 88.48   	-101.73		
 19.84   	-269.58		 88.08   	-106.82		
 18.76   	-264.50		 87.65   	-111.90		
 17.70   	-274.67		 87.20   	-116.99		
 16.60   	-279.75		 86.73   	-122.07		
 15.48   	-264.50		 86.25   	-132.25		
 14.43   	-254.32		 85.72   	-137.33		
 13.41   	-239.06		 85.17   	-147.51		
 12.45   	-233.98		 84.58   	-157.68		
 11.52   	-218.72		 83.95   	-162.77		
 10.64   	-203.46		 83.30   	-172.94		
  9.83   	-198.37		 82.60   	-172.94		
  9.03   	-178.03		 81.91   	-183.11		
  8.32   	-162.77		 81.18   	-188.20		
  7.67   	-142.42		 80.43   	-183.11		
  7.10   	-116.99		 79.69   	-188.20		
  6.63   	 -91.56		 78.94   	-188.20		
  6.27   	 -61.04		 78.19   	-183.11		
  6.02   	 -40.69		 77.46   	-167.85		
  5.86   	 -30.52		 76.79   	-157.68		
  5.74   	 -25.43		 76.15   	-147.51		
  5.64   	 -10.17		 75.56   	-142.42		
  5.60   	  -5.09		 74.99   	-127.16		
  5.57   	  -5.09		 74.49   	-116.99		
  5.55   	   0.00		 74.02   	-111.90		
  5.55   	 -10.17		 73.57   	-106.82		
  5.51   	 -10.17		 73.14   	-101.73		
  5.47   	 -10.17		 72.74   	-101.73		
  5.43   	 -20.35		 72.33   	-101.73		
  5.35   	 -15.26		 71.92   	-101.73		
  5.29   	 -10.17		 71.52   	-101.73		
  5.25   	 -15.26		 71.11   	-106.82		
  5.19   	 -10.17		 70.68   	-106.82		
  5.15   	 -10.17		 70.25   	-106.82		
  5.11(D)	   0.00		 69.83   	-106.82		
  5.11   	   0.00		 69.40   	 -96.64		
  5.11   	   0.00		 69.01   	 -96.64		
  5.11   	   0.00		 68.63   	 -91.56		
  5.11   	  10.17		 68.26   	 -81.38		
  5.15   	  10.17		 67.93   	 -76.30		
  5.19   	  20.35		 67.63   	 -66.12		
  5.27   	  25.43		 67.36   	 -66.12		
  5.37   	  35.61		 67.10   	 -61.04		
  5.51   	  35.61		 66.86   	 -50.86		
  5.66   	  30.52		 66.65   	 -55.95		
  5.78   	  35.61		 66.43   	 -55.95		
  5.92   	  45.78		 66.21   	 -50.86		
  6.10   	  50.86		 66.00   	 -45.78		
  6.31   	  55.95		 65.82   	 -50.86		
  6.53   	  55.95		 65.62   	 -45.78		
  6.75   	  61.04		 65.43   	 -50.86		
  7.00   	  55.95		 65.23   	 -45.78		
  7.22   	  55.95		 65.05   	 -45.78		
  7.45   	  61.04		 64.86   	 -45.78		
  7.69   	  55.95		 64.68   	 -45.78		
  7.91   	  61.04		 64.50   	 -45.78		
  8.16   	  55.95		 64.31   	 -45.78		
  8.38   	  55.95		 64.13   	 -40.69		
  8.61   	  45.78		 63.97   	 -45.78		
  8.79   	  40.69		 63.78   	 -45.78		
  8.95   	  35.61		 63.60   	 -45.78		
  9.09   	  35.61		 63.42   	 -40.69		
  9.24   	  35.61		 63.26   	 -40.69		
  9.38   	  25.43		 63.09   	 -40.69		
  9.48   	  30.52		 62.93   	 -40.69		
  9.60   	  25.43		 62.77   	 -40.69		
  9.70   	  20.35		 62.60   	 -35.61		
  9.79   	  20.35		 62.46   	 -35.61		
  9.87   	  15.26		 62.32   	 -40.69		
  9.93   	  10.17		 62.16   	 -35.61		
  9.97   	  10.17		 62.01   	 -30.52		
 10.01   	  10.17		 61.89   	 -35.61		
 10.05   	   5.09		 61.75   	 -35.61		
 10.07   	   0.00		 61.61   	 -35.61		
 10.07   	   0.00		 61.46   	 -35.61		
 10.07   	   0.00		 61.32   	 -35.61		
 10.07   	  -5.09		 61.18   	 -40.69		
 10.05   	  -5.09		 61.02   	 -35.61		
 10.03   	  -5.09		 60.87   	 -35.61		
 10.01   	  -5.09		 60.73   	 -35.61		
  9.99   	  -5.09		 60.59   	 -35.61		
  9.97   	 -10.17		 60.45   	 -40.69		
  9.93   	  -5.09		 60.28   	 -35.61		
  9.91   	  -5.09		 60.14   	 -40.69		
  9.89   	  -5.09		 59.98   	 -35.61		
  9.87   	  -5.09		 59.84   	 -40.69		
  9.85   	   0.00		 59.67   	 -35.61		
  9.85   	   0.00		 59.53   	 -40.69		
  9.85   	   0.00		 59.37   	 -40.69		
  9.85   	   0.00		 59.21   	 -35.61		
  9.85   	   0.00		 59.06   	 -40.69		
  9.85   	   0.00		 58.90   	 -35.61		
  9.85   	   5.09		 58.76   	 -35.61		
  9.87   	  -5.09		 58.62   	 -40.69		
  9.85   	   0.00		 58.45   	 -30.52		
  9.85   	  -5.09		 58.33   	 -35.61		
  9.83   	   5.09		 58.19   	 -35.61		
  9.85   	   0.00		 58.05   	 -35.61		
  9.85   	   0.00		 57.90   	 -40.69		
  9.85   	   0.00		 57.74   	 -35.61		
  9.85   	   5.09		 57.60   	 -35.61		
  9.87   	   0.00		 57.46   	 -35.61		
  9.87   	  -5.09		 57.31   	 -35.61		
  9.85   	  -5.09		 57.17   	 -35.61		
  9.83   	  -5.09		 57.03   	 -35.61		
  9.81   	   0.00		 56.89   	 -30.52		
  9.81   	   5.09		 56.76   	 -35.61		
  9.83   	   0.00		 56.62   	 -30.52		
  9.83   	  -5.09		 56.50   	 -35.61		
  9.81   	  -5.09		 56.36   	 -35.61		
  9.79   	   0.00		 56.22   	 -35.61		
  9.79   	  -5.09		 56.07   	 -35.61		
  9.77   	   0.00		 55.93   	 -35.61		
  9.77   	   0.00		 55.79   	 -30.52		
  9.77   	  -5.09		 55.67   	 -35.61		
  9.75   	   0.00		 55.52   	 -30.52		
  9.75   	  -5.09		 55.40   	 -30.52		
  9.73   	   0.00		 55.28   	 -30.52		
  9.73   	  -5.09		 55.16   	 -30.52		
  9.70   	  -5.09		 55.04   	 -30.52		
  9.68   	   0.00		 54.91   	 -25.43		
  9.68   	   0.00		 54.81   	 -25.43		
  9.68   	   0.00		 54.71   	 -25.43		
  9.68   	   0.00		 54.61   	 -25.43		
  9.68   	   0.00		 54.51   	 -25.43		
  9.68   	   0.00		 54.40   	 -30.52		
  9.68   	   0.00		 54.28   	 -25.43		
  9.68   	  -5.09		 54.18   	 -30.52		
  9.66   	   0.00		 54.06   	 -30.52		
  9.66   	   5.09		 53.94   	 -30.52		
  9.68   	   0.00		 53.81   	 -25.43		
  9.68   	   0.00		 53.71   	 -30.52		
  9.68   	   0.00		 53.59   	 -30.52		
  9.68   	   0.00		 53.47   	 -30.52		
  9.68   	   0.00		 53.35   	 -25.43		
  9.68   	   0.00		 53.24   	 -30.52		
  9.68   	   5.09		 53.12   	 -25.43		
  9.70   	   5.09		 53.02   	 -25.43		
  9.73   	   0.00		 52.92   	 -30.52		
  9.73   	   0.00		 52.80   	 -25.43		
  9.73   	   5.09		 52.70   	 -25.43		
  9.75   	   0.00		 52.59   	 -20.35		
  9.75   	   0.00		 52.51   	 -25.43		
  9.75   	   0.00		 52.41   	 -25.43		
  9.75   	   0.00		 52.31   	 -25.43		
  9.75   	   5.09		 52.21   	 -20.35		
  9.77   	   0.00		 52.13   	 -25.43		
  9.77   	  -5.09		 52.02   	 -20.35		
  9.75   	   0.00		 51.94   	 -20.35		
  9.75   	   0.00		 51.86   	 -20.35		
  9.75   	   0.00		 51.78   	 -20.35		
  9.75(E)	  10.17		 51.70   	 -25.43		
  9.79   	  15.26		 51.60   	 -25.43		
  9.85   	  15.26		 51.50   	 -30.52		
  9.91   	  15.26		 51.37   	 -25.43		
  9.97   	  20.35		 51.27   	 -25.43		
 10.05   	  20.35		 51.17   	 -25.43		
 10.13   	  25.43		 51.07   	 -25.43		
 10.23   	  20.35		 50.97   	 -30.52		
 10.32   	  25.43		 50.84   	 -25.43		
 10.42   	  25.43		 50.74   	 -25.43		
 10.52   	  25.43		 50.64   	 -25.43		
 10.62   	  35.61		 50.54   	 -20.35		
 10.76   	  40.69		 50.46   	 -20.35		
 10.93   	  45.78		 50.38   	 -25.43		
 11.11   	  61.04		 50.27   	 -20.35		
 11.35   	  71.21		 50.19   	 -20.35		
 11.64   	  81.38		 50.11   	 -20.35		
 11.96   	  96.64		 50.03   	 -20.35		
 12.35   	  96.64		 49.95   	 -20.35		
 12.74   	 101.73		 49.87   	 -20.35		
 13.14   	 101.73		 49.79   	 -25.43		
 13.55   	 122.07		 49.68   	 -15.26		
 14.04   	 157.68		 49.62   	 -20.35		
 14.67   	 178.03		 49.54   	 -20.35		
 15.38   	 193.29		 49.46   	 -20.35		
 16.15   	 223.80		 49.38   	 -20.35		
 17.05   	 213.63		 49.30   	 -20.35		
 17.90   	 208.54		 49.22   	 -15.26		
 18.74   	 218.72		 49.16   	 -20.35		
 19.61   	 228.89		 49.07   	 -20.35		
 20.53   	 233.98		 48.99   	 -20.35		
 21.46   	 233.98		 48.91   	 -20.35		
 22.40   	 228.89		 48.83   	 -15.26		
 23.32   	 223.80		 48.77   	 -15.26		
 24.21   	 203.46		 48.71   	 -20.35		
 25.03   	 198.37		 48.63   	 -15.26		
 25.82   	 183.11		 48.57   	 -15.26		
 26.55   	 172.94		 48.50   	 -15.26		
 27.24   	 162.77		 48.44   	 -20.35		
 27.89   	 152.59		 48.36   	 -15.26		
 28.50   	 137.33		 48.30   	 -20.35		
 29.05   	 127.16		 48.22   	 -20.35		
 29.56   	 116.99		 48.14   	 -15.26		
 30.03   	  96.64		 48.08   	 -20.35		
 30.42   	  96.64		 48.00   	 -20.35		
 30.80   	  86.47		 47.91   	 -20.35		
 31.15   	  81.38		 47.83   	 -20.35		
 31.47   	  81.38		 47.75   	 -15.26		
 31.80   	  66.12		 47.69   	 -15.26		
 32.06   	  61.04		 47.63   	 -15.26		
 32.31   	  45.78		 47.57   	 -10.17		
 32.49   	  40.69		 47.53   	  -5.09		
 32.66   	  30.52		 47.51(D)	   5.09		
 32.78   	  25.43		 47.53   	  15.26		
 32.88   	  25.43		 47.59   	  45.78		
 32.98   	  20.35		 47.77   	  91.56		
 33.06   	  15.26		 48.14   	 162.77		
 33.12   	  15.26		 48.79   	 249.24		
 33.18   	  10.17		 49.79   	 345.88		
 33.22   	  10.17		 51.17   	 432.35		
 33.27   	  10.17		 52.90   	 503.56		
 33.31   	  10.17		 54.91   	 559.51		
 33.35   	  15.26		 57.15   	 590.03		
 33.41   	  10.17		 59.51   	 590.03		
 33.45   	  15.26		 61.87   	 574.77		
 33.51   	  15.26		 64.17   	 534.08		
 33.57   	  15.26		 66.31   	 483.21		
 33.63   	  15.26		 68.24   	 432.35		
 33.69   	  15.26		 69.97   	 376.40		
 33.75   	  10.17		 71.47   	 330.62		
 33.79   	   5.09		 72.80   	 279.75		
 33.81(S)	   0.00		 73.92   	 249.24		
 33.81   	   0.00		 74.91   	 233.98		
 33.81   	 -10.17		 75.85   	 223.80		
 33.77   	 -10.17		 76.74   	 228.89		
 33.73   	 -20.35		 77.66   	 239.06		
 33.65   	 -20.35		 78.62   	 269.58		
 33.57   	 -20.35		 79.69   	 295.01		
 33.49   	 -20.35		 80.87   	 320.45		
 33.41   	 -20.35		 82.16   	 350.97		
 33.33   	 -15.26		 83.56   	 366.22		
 33.27   	 -20.35		 85.03   	 376.40		
 33.18   	 -20.35		 86.53   	 381.48		
 33.10   	 -20.35		 88.06   	 361.14		
 33.02   	 -20.35		 89.50   	 345.88		
 32.94   	 -25.43		 90.88   	 310.27		
 32.84   	 -20.35		 92.13   	 279.75		
 32.76   	 -25.43		 93.24   	 233.98		
 32.66   	 -25.43		 94.18   	 193.29		
 32.55   	 -30.52		 94.95   	 147.51		
 32.43   	 -30.52		 95.54   	 101.73		
 32.31   	 -30.52		 95.95   	  66.12		
 32.19   	 -35.61		 96.22   	  30.52		
 32.04   	 -35.61		 96.34(S)	 -10.17		
 31.90   	 -35.61		 96.30   	 -40.69		
 31.76   	 -40.69		 96.13   	 -61.04		
 31.60   	 -40.69		 95.89   	 -81.38		
 31.43   	 -45.78		 95.56   	 -91.56		
 31.25   	 -55.95		 95.20   	 -91.56		
 31.03   	 -55.95		 94.83   	-106.82		
 30.80   	 -71.21		 94.40   	-111.90		
 30.52   	 -76.30		 93.96   	-122.07		
 30.21   	 -96.64		 93.47   	-127.16		
 29.83   	-111.90		 92.96   	-122.07		
 29.38   	-132.25		 92.47   	-122.07		
 28.85   	-147.51		 91.98   	-132.25		
 28.26   	-157.68		 91.45   	-122.07		
 27.63   	-172.94		 90.97   	-116.99		
 26.94   	-183.11		 90.50   	-106.82		
 26.21   	-198.37		 90.07   	-116.99		
 25.41   	-213.63		 89.60   	-106.82		
 24.56   	-228.89		 89.18   	-101.73		
 23.64   	-239.06		 88.77   	 -96.64		
 22.69   	-254.32		 88.38   	 -91.56		
 21.67   	-259.41		 88.02   	 -96.64		
 20.63   	-269.58		 87.63   	 -96.64		
 19.55   	-274.67		 87.24   	-101.73		
 18.45   	-274.67		 86.84   	-101.73		
 17.35   	-274.67		 86.43   	-116.99		
 16.26   	-269.58		 85.96   	-116.99		
 15.18   	-264.50		 85.49   	-127.16		
 14.12   	-254.32		 84.98   	-137.33		
 13.10   	-244.15		 84.44   	-147.51		
 12.13   	-233.98		 83.85   	-162.77		
 11.19   	-218.72		 83.19   	-172.94		
 10.32   	-203.46		 82.50   	-188.20		
  9.50   	-183.11		 81.75   	-198.37		
  8.77   	-172.94		 80.96   	-203.46		
  8.08   	-152.59		 80.14   	-203.46		
  7.47   	-137.33		 79.33   	-208.54		
  6.92   	-106.82		 78.49   	-198.37		
  6.49   	 -86.47		 77.70   	-193.29		
  6.14   	 -55.95		 76.93   	-178.03		
  5.92   	 -35.61		 76.22   	-167.85		
  5.78   	 -20.35		 75.54   	-152.59		
  5.70   	 -20.35		 74.93   	-137.33		
  5.62   	 -10.17		 74.38   	-127.16		
  5.57   	 -10.17		 73.88   	-122.07		
  5.53   	  -5.09		 73.39   	-111.90		
  5.51   	 -10.17		 72.94   	-101.73		
  5.47   	  -5.09		 72.53   	 -96.64		
  5.45   	  -5.09		 72.15   	 -96.64		
  5.43   	  -5.09		 71.76   	 -96.64		
  5.41   	   0.00		 71.37   	 -96.64		
  5.41   	  -5.09		 70.99   	 -91.56		
  5.39   	 -10.17		 70.62   	 -91.56		
  5.35   	  -5.09		 70.25   	 -91.56		
  5.33(D)	   5.09		 69.89   	 -96.64		
  5.35   	   5.09		 69.50   	 -91.56		
  5.37   	  15.26		 69.14   	 -91.56		
  5.43   	  10.17		 68.77   	 -86.47		
  5.47   	  15.26		 68.42   	 -86.47		
  5.53   	  10.17		 68.08   	 -86.47		
  5.57   	  20.35		 67.73   	 -71.21		
  5.66   	  20.35		 67.45   	 -71.21		
  5.74   	  25.43		 67.16   	 -71.21		
  5.84   	  30.52		 66.88   	 -61.04		
  5.96   	  35.61		 66.63   	 -55.95		
  6.10   	  40.69		 66.41   	 -50.86		
  6.27   	  45.78		 66.21   	 -50.86		
  6.45   	  45.78		 66.00   	 -45.78		
  6.63   	  45.78		 65.82   	 -45.78		
  6.82   	  50.86		 65.64   	 -45.78		
  7.02   	  50.86		 65.45   	 -40.69		
  7.22   	  55.95		 65.29   	 -40.69		
  7.45   	  55.95		 65.13   	 -40.69		
  7.67   	  61.04		 64.96   	 -35.61		
  7.91   	  55.95		 64.82   	 -40.69		
  8.14   	  61.04		 64.66   	 -40.69		
  8.38   	  55.95		 64.50   	 -40.69		
  8.61   	  50.86		 64.33   	 -45.78		
  8.81   	  55.95		 64.15   	 -40.69		
  9.03   	  45.78		 63.99   	 -40.69		
  9.22   	  45.78		 63.82   	 -45.78		
  9.40   	  45.78		 63.64   	 -40.69		
  9.58   	  40.69		 63.48   	 -45.78		
  9.75   	  40.69		 63.30   	 -40.69		
  9.91   	  35.61		 63.13   	 -35.61		
 10.05   	  30.52		 62.99   	 -40.69		
 10.17   	  30.52		 62.83   	 -40.69		
 10.29   	  20.35		 62.67   	 -40.69		
 10.38   	  20.35		 62.50   	 -35.61		
 10.46   	  15.26		 62.36   	 -35.61		
 10.52   	  15.26		 62.22   	 -35.61		
 10.58   	   5.09		 62.08   	 -40.69		
 10.60   	   5.09		 61.91   	 -35.61		
 10.62   	   0.00		 61.77   	 -30.52		
 10.62   	   0.00		 61.65   	 -35.61		
 10.62   	   0.00		 61.51   	 -35.61		
 10.62   	  -5.09		 61.36   	 -35.61		
 10.60   	  -5.09		 61.22   	 -35.61		
 10.58   	 -10.17		 61.08   	 -40.69		
 10.54   	 -10.17		 60.92   	 -30.52		
 10.50   	 -10.17		 60.79   	 -35.61		
 10.46   	 -10.17		 60.65   	 -40.69		
 10.42   	 -10.17		 60.49   	 -35.61		
 10.38   	  -5.09		 60.35   	 -40.69		
 10.36   	 -10.17		 60.18   	 -40.69		
 10.32   	  -5.09		 60.02   	 -40.69		
 10.29   	  -5.09		 59.86   	 -35.61		
 10.27   	  -5.09		 59.71   	 -40.69		
 10.25   	  -5.09		 59.55   	 -40.69		
 10.23   	   0.00		 59.39   	 -40.69		
 10.23   	   5.09		 59.23   	 -40.69		
 10.25   	   0.00		 59.06   	 -40.69		
 10.25   	   0.00		 58.90   	 -35.61		
 10.25   	   5.09		 58.76   	 -35.61		
 10.27   	   5.09		 58.62   	 -30.52		
 10.29   	   0.00		 58.49   	 -35.61		
 10.29   	  10.17		 58.35   	 -30.52		
 10.34   	   5.09		 58.23   	 -35.61		
 10.36   	   5.09		 58.09   	 -30.52		
 10.38   	   5.09		 57.97   	 -25.43		
 10.40   	   5.09		 57.86   	 -35.61		
 10.42   	   5.09		 57.72   	 -30.52		
 10.44   	   5.09		 57.60   	 -30.52		
 10.46   	   0.00		 57.48   	 -30.52		
 10.46   	   5.09		 57.35   	 -35.61		
 10.48   	   5.09		 57.21   	 -30.52		
 10.50   	   0.00		 57.09   	 -35.61		
 10.50   	   0.00		 56.95   	 -30.52		
 10.50   	   5.09		 56.83   	 -35.61		
 10.52   	   0.00		 56.68   	 -35.61		
 10.52   	   0.00		 56.54   	 -35.61		
 10.52   	   0.00		 56.40   	 -40.69		
 10.52   	   0.00		 56.24   	 -35.61		
 10.52   	   0.00		 56.09   	 -35.61		
 10.52   	   0.00		 55.95   	 -30.52		
 10.52   	  -5.09		 55.83   	 -35.61		
 10.50   	   0.00		 55.69   	 -30.52		
 10.50   	   5.09		 55.56   	 -30.52		
 10.52   	   0.00		 55.44   	 -30.52		
 10.52   	   0.00		 55.32   	 -30.52		
 10.52   	   0.00		 55.20   	 -25.43		
 10.52   	   0.00		 55.10   	 -30.52		
 10.52   	   0.00		 54.97   	 -30.52		
 10.52   	   0.00		 54.85   	 -25.43		
 10.52   	   5.09		 54.75   	 -25.43		
 10.54   	   0.00		 54.65   	 -25.43		
 10.54   	   0.00		 54.55   	 -25.43		
 10.54   	   5.09		 54.45   	 -25.43		
 10.56   	   5.09		 54.34   	 -30.52		
 10.58   	   0.00		 54.22   	 -25.43		
 10.58   	   5.09		 54.12   	 -25.43		
 10.60   	   0.00		 54.02   	 -25.43		
 10.60   	   5.09		 53.92   	 -25.43		
 10.62   	   0.00		 53.81   	 -30.52		
 10.62   	   5.09		 53.69   	 -30.52		
 10.64   	   0.00		 53.57   	 -25.43		
 10.64   	   5.09		 53.47   	 -25.43		
 10.66   	   5.09		 53.37   	 -25.43		
 10.68   	   5.09		 53.27   	 -25.43		
 10.70   	   0.00		 53.16   	 -25.43		
 10.70   	   5.09		 53.06   	 -25.43		
 10.72   	   5.09		 52.96   	 -25.43		
 10.74   	   0.00		 52.86   	 -30.52		
 10.74   	   5.09		 52.74   	 -25.43		
 10.76   	   0.00		 52.63   	 -25.43		
 10.76   	  -5.09		 52.53   	 -25.43		
 10.74   	   0.00		 52.43   	 -25.43		
 10.74   	   0.00		 52.33   	 -25.43		
 10.74   	   0.00		 52.23   	 -25.43		
 10.74   	   0.00		 52.13   	 -25.43		
 10.74(E)	   5.09		 52.02   	 -25.43		
 10.76   	   5.09		 51.92   	 -25.43		
 10.78   	  10.17		 51.82   	 -25.43		
 10.82   	  15.26		 51.72   	 -20.35		
 10.89   	  20.35		 51.64   	 -25.43		
 10.97   	  20.35		 51.54   	 -25.43		
 11.05   	  25.43		 51.43   	 -20.35		
 11.15   	  20.35		 51.35   	 -20.35		
 11.23   	  25.43		 51.27   	 -25.43		
 11.33   	  20.35		 51.17   	 -25.43		
 11.41   	  25.43		 51.07   	 -20.35		
 11.52   	  25.43		 50.99   	 -25.43		
 11.62   	  35.61		 50.88   	 -20.35		
 11.76   	  45.78		 50.80   	 -20.35		
 11.94   	  50.86		 50.72   	 -25.43		
 12.15   	  66.12		 50.62   	 -20.35		
 12.41   	  76.30		 50.54   	 -25.43		
 12.72   	  81.38		 50.44   	 -20.35		
 13.04   	  81.38		 50.36   	 -25.43		
 13.37   	  86.47		 50.25   	 -20.35		
 13.71   	  76.30		 50.17   	 -20.35		
 14.02   	  86.47		 50.09   	 -15.26		
 14.36   	 101.73		 50.03   	 -20.35		
 14.77   	 142.42		 49.95   	 -20.35		
 15.34   	 193.29		 49.87   	 -10.17		
 16.11   	 259.41		 49.83   	 -20.35		
 17.15   	 244.15		 49.75   	 -15.26		
 18.13   	 228.89		 49.68   	 -15.26		
 19.04   	 218.72		 49.62   	 -15.26		
 19.92   	 228.89		 49.56   	 -15.26		
 20.83   	 254.32		 49.50   	 -20.35		
 21.85   	 264.50		 49.42   	 -20.35		
 22.91   	 269.58		 49.34   	 -20.35		
 23.99   	 259.41		 49.26   	 -20.35		
 25.03   	 249.24		 49.18   	 -20.35		
 26.02   	 233.98		 49.09   	 -20.35		
 26.96   	 223.80		 49.01   	 -20.35		
 27.85   	 218.72		 48.93   	 -15.26		
 28.73   	 203.46		 48.87   	 -20.35		
 29.54   	 188.20		 48.79   	 -15.26		
 30.29   	 167.85		 48.73   	 -20.35		
 30.97   	 152.59		 48.65   	 -15.26		
 31.58   	 137.33		 48.59   	 -20.35		
 32.13   	 122.07		 48.50   	 -20.35		
 32.61   	 111.90		 48.42   	 -20.35		
 33.06   	  91.56		 48.34   	 -15.26		
 33.43   	  86.47		 48.28   	 -20.35		
 33.77   	  66.12		 48.20   	 -15.26		
 34.04   	  55.95		 48.14   	 -15.26		
 34.26   	  45.78		 48.08   	 -10.17		
 34.45   	  30.52		 48.04   	 -10.17		
 34.57   	  25.43		 48.00(D)	   0.00		
 34.67   	  25.43		 48.00   	   5.09		
 34.77   	  15.26		 48.02   	  30.52		
 34.83   	  10.17		 48.14   	  61.04		
 34.87   	  10.17		 48.38   	 116.99		
 34.91   	   0.00		 48.85   	 208.54		
 34.91   	   5.09		 49.68   	 300.10		
 34.93   	   5.09		 50.88   	 401.83		
 34.95   	  10.17		 52.49   	 483.21		
 34.99   	  10.17		 54.43   	 544.25		
 35.04   	  15.26		 56.60   	 595.11		
 35.10   	  20.35		 58.98   	 610.37		
 35.18   	  20.35		 61.42   	 605.29		
 35.26   	  20.35		 63.85   	 574.77		
 35.34   	  25.43		 66.14   	 534.08		
 35.44   	  20.35		 68.28   	 483.21		
 35.52   	  25.43		 70.21   	 427.26		
 35.63   	  30.52		 71.92   	 371.31		
 35.75   	  25.43		 73.41   	 325.53		
 35.85   	  30.52		 74.71   	 289.93		
 35.97   	  30.52		 75.87   	 259.41		
 36.09   	  25.43		 76.91   	 249.24		
 36.20   	  20.35		 77.90   	 254.32		
 36.28   	  15.26		 78.92   	 259.41		
 36.34   	  15.26		 79.96   	 284.84		
 36.40   	  15.26		 81.10   	 315.36		
 36.46   	  10.17		 82.36   	 345.88		
 36.50   	  10.17		 83.74   	 371.31		
 36.54(S)	   0.00		 85.23   	 386.57		
 36.54   	   0.00		 86.77   	 406.92		
 36.54   	   0.00		 88.40   	 406.92		
 36.54   	 -10.17		 90.03   	 401.83		
 36.50   	  -5.09		 91.64   	 386.57		
 36.48   	 -15.26		 93.18   	 356.05		
 36.42   	 -15.26		 94.61   	 325.53		
 36.36   	 -20.35		 95.91   	 274.67		
 36.28   	 -20.35		 97.01   	 228.89		
 36.20   	 -20.35		 97.92   	 172.94		
 36.11   	 -20.35		 98.62   	 122.07		
 36.03   	 -20.35		 99.10   	  76.30		
 35.95   	 -25.43		 99.41   	  30.52		
 35.85   	 -30.52		 99.53(S)	  -5.09		
 35.73   	 -25.43		 99.51   	 -45.78		
 35.63   	 -30.52		 99.33   	 -66.12		
 35.50   	 -35.61		 99.06   	 -86.47		
 35.36   	 -30.52		 98.72   	 -96.64		
 35.24   	 -40.69		 98.33   	-106.82		
 35.08   	 -45.78		 97.90   	-122.07		
 34.89   	 -50.86		 97.42   	-122.07		
 34.69   	 -66.12		 96.93   	-116.99		
 34.43   	 -71.21		 96.46   	-122.07		
 34.14   	 -86.47		 95.97   	-122.07		
 33.79   	-106.82		 95.48   	-116.99		
 33.37   	-122.07		 95.01   	-106.82		
 32.88   	-152.59		 94.59   	 -86.47		
 32.27   	-172.94		 94.24   	 -86.47		
 31.58   	-183.11		 93.90   	 -96.64		
 30.84   	-193.29		 93.51   	 -91.56		
 30.07   	-203.46		 93.14   	 -86.47		
 29.26   	-228.89		 92.80   	 -71.21		
 28.34   	-244.15		 92.51   	 -76.30		
 27.37   	-264.50		 92.21   	 -81.38		
 26.31   	-284.84		 91.88   	-101.73		
 25.17   	-300.10		 91.47   	-101.73		
 23.97   	-310.27		 91.07   	-111.90		
 22.73   	-320.45		 90.62   	-116.99		
 21.44   	-315.36		 90.15   	-116.99		
 20.18   	-315.36		 89.68   	-127.16		
 18.92   	-310.27		 89.18   	-132.25		
 17.68   	-295.01		 88.65   	-132.25		
 16.50   	-284.84		 88.12   	-142.42		
 15.36   	-264.50		 87.55   	-147.51		
 14.30   	-254.32		 86.96   	-162.77		
 13.29   	-233.98		 86.31   	-167.85		
 12.35   	-213.63		 85.64   	-172.94		
 11.50   	-198.37		 84.94   	-183.11		
 10.70   	-178.03		 84.21   	-188.20		
  9.99   	-162.77		 83.46   	-188.20		
  9.34   	-142.42		 82.71   	-198.37		
  8.77   	-122.07		 81.91   	-193.29		
  8.28   	-101.73		 81.14   	-193.29		
  7.87   	 -86.47		 80.37   	-188.20		
  7.53   	 -76.30		 79.61   	-178.03		
  7.22   	 -55.95		 78.90   	-167.85		
  7.00   	 -35.61		 78.23   	-157.68		
  6.86   	 -25.43		 77.60   	-142.42		
  6.75   	 -10.17		 77.03   	-137.33		
  6.71(D)	   0.00		 76.48   	-122.07		
  6.71   	   5.09		 75.99   	-116.99		
  6.73   	  10.17		 75.52   	-111.90		
  6.78   	  10.17		 75.08   	-111.90		
  6.82   	  20.35		 74.63   	-106.82		
  6.90   	  30.52		 74.20   	-101.73		
  7.02   	  30.52		 73.79   	-101.73		
  7.14   	  40.69		 73.39   	-101.73		
  7.30   	  40.69		 72.98   	-106.82		
  7.47   	  40.69		 72.55   	-101.73		
  7.63   	  40.69		 72.15   	-101.73		
  7.79   	  45.78		 71.74   	-101.73		
  7.98   	  40.69		 71.33   	-101.73		
  8.14   	  40.69		 70.93   	 -91.56		
  8.30   	  40.69		 70.56   	 -91.56		
  8.46   	  35.61		 70.19   	 -86.47		
  8.61   	  30.52		 69.85   	 -86.47		
  8.73   	  30.52		 69.50   	 -76.30		
  8.85   	  20.35		 69.20   	 -71.21		
  8.93   	  15.26		 68.91   	 -66.12		
  8.99   	  10.17		 68.65   	 -61.04		
  9.03   	   0.00		 68.40   	 -61.04		
  9.03   	  -5.09		 68.16   	 -50.86		
  9.01   	 -15.26		 67.95   	 -50.86		
  8.95   	 -20.35		 67.75   	 -45.78		
  8.87   	 -25.43		 67.57   	 -50.86		
  8.77   	 -25.43		 67.36   	 -45.78		
  8.67   	 -30.52		 67.18   	 -45.78		
  8.55   	 -30.52		 67.00   	 -45.78		
  8.42   	 -25.43		 66.82   	 -50.86		
  8.32   	 -15.26		 66.61   	 -50.86		
  8.26   	 -15.26		 66.41   	 -45.78		
  8.20   	  -5.09		 66.23   	 -55.95		
  8.18   	   0.00		 66.00   	 -50.86		
  8.18   	  10.17		 65.80   	 -50.86		
  8.22   	  10.17		 65.59   	 -50.86		
  8.26   	  20.35		 65.39   	 -50.86		
  8.34   	  25.43		 65.19   	 -45.78		
  8.44   	  35.61		 65.00   	 -50.86		
  8.59   	  35.61		 64.80   	 -45.78		
  8.73   	  35.61		 64.62   	 -40.69		
  8.87   	  45.78		 64.46   	 -40.69		
  9.05   	  40.69		 64.29   	 -40.69		
  9.22   	  45.78		 64.13   	 -35.61		
  9.40   	  40.69		 63.99   	 -40.69		
  9.56   	  45.78		 63.82   	 -35.61		
  9.75   	  40.69		 63.68   	 -40.69		
  9.91   	  40.69		 63.52   	 -35.61		
 10.07   	  35.61		 63.38   	 -40.69		
 10.21   	  30.52		 63.21   	 -40.69		
 10.34   	  25.43		 63.05   	 -40.69		
 10.44   	  25.43		 62.89   	 -40.69		
 10.54   	  20.35		 62.73   	 -40.69		
 10.62   	  10.17		 62.56   	 -45.78		
 10.66   	  10.17		 62.38   	 -40.69		
 10.70   	   5.09		 62.22   	 -35.61		
 10.72   	  -5.09		 62.08   	 -40.69		
 10.70   	   0.00		 61.91   	 -40.69		
 10.70   	  -5.09		 61.75   	 -40.69		
 10.68   	 -10.17		 61.59   	 -45.78		
 10.64   	 -10.17		 61.40   	 -40.69		
 10.60   	 -10.17		 61.24   	 -35.61		
 10.56   	 -15.26		 61.10   	 -40.69		
 10.50   	 -10.17		 60.94   	 -40.69		
 10.46   	 -15.26		 60.77   	 -40.69		
 10.40   	 -10.17		 60.61   	 -35.61		
 10.36   	  -5.09		 60.47   	 -40.69		
 10.34   	 -10.17		 60.30   	 -40.69		
 10.29   	  -5.09		 60.14   	 -40.69		
 10.27   	 -10.17		 59.98   	 -40.69		
 10.23   	  -5.09		 59.82   	 -40.69		
 10.21   	   0.00		 59.65   	 -35.61		
 10.21   	  -5.09		 59.51   	 -40.69		
 10.19   	   0.00		 59.35   	 -35.61		
 10.19   	   0.00		 59.21   	 -40.69		
 10.19   	   0.00		 59.04   	 -40.69		
 10.19   	   0.00		 58.88   	 -40.69		
 10.19   	   0.00		 58.72   	 -35.61		
 10.19   	   0.00		 58.58   	 -40.69		
 10.19   	   0.00		 58.41   	 -40.69		
 10.19   	   0.00		 58.25   	 -35.61		
 10.19   	   5.09		 58.11   	 -35.61		
 10.21   	   0.00		 57.97   	 -35.61		
 10.21   	   5.09		 57.82   	 -35.61		
 10.23   	   0.00		 57.68   	 -35.61		
 10.23   	   5.09		 57.54   	 -30.52		
 10.25   	   0.00		 57.42   	 -30.52		
 10.25   	   5.09		 57.29   	 -35.61		
 10.27   	   0.00		 57.15   	 -30.52		
 10.27   	   0.00		 57.03   	 -35.61		
 10.27   	   0.00		 56.89   	 -30.52		
 10.27   	   5.09		 56.76   	 -35.61		
 10.29   	   0.00		 56.62   	 -35.61		
 10.29   	   0.00		 56.48   	 -35.61		
 10.29   	  -5.09		 56.34   	 -30.52		
 10.27   	   0.00		 56.22   	 -35.61		
 10.27   	   0.00		 56.07   	 -35.61		
 10.27   	  -5.09		 55.93   	 -40.69		
 10.25   	   0.00		 55.77   	 -35.61		
 10.25   	  -5.09		 55.63   	 -30.52		
 10.23   	  -5.09		 55.50   	 -35.61		
 10.21   	   0.00		 55.36   	 -35.61		
 10.21   	  -5.09		 55.22   	 -30.52		
 10.19   	  -5.09		 55.10   	 -35.61		
 10.17   	  -5.09		 54.95   	 -25.43		
 10.15   	   0.00		 54.85   	 -30.52		
 10.15   	  -5.09		 54.73   	 -30.52		
 10.13   	   0.00		 54.61   	 -30.52		
 10.13   	  -5.09		 54.49   	 -25.43		
 10.11   	   0.00		 54.38   	 -30.52		
 10.11   	  -5.09		 54.26   	 -25.43		
 10.09   	   0.00		 54.16   	 -30.52		
 10.09   	   0.00		 54.04   	 -30.52		
 10.09   	   0.00		 53.92   	 -25.43		
 10.09   	  -5.09		 53.81   	 -30.52		
 10.07   	   5.09		 53.69   	 -25.43		
 10.09   	   0.00		 53.59   	 -30.52		
 10.09   	  -5.09		 53.47   	 -25.43		
 10.07   	   0.00		 53.37   	 -25.43		
 10.07   	   0.00		 53.27   	 -25.43		
 10.07   	  -5.09		 53.16   	 -25.43		
 10.05   	  -5.09		 53.06   	 -30.52		
 10.03   	 -10.17		 52.94   	 -25.43		
  9.99   	  -5.09		 52.84   	 -25.43		
  9.97   	  -5.09		 52.74   	 -30.52		
  9.95   	  -5.09		 52.61   	 -25.43		
  9.93   	   0.00		 52.51   	 -25.43		
  9.93(E)	   5.09		 52.41   	 -25.43		
  9.95   	   5.09		 52.31   	 -25.43		
  9.97   	  10.17		 52.21   	 -30.52		
 10.01   	  15.26		 52.09   	 -25.43		
 10.07   	  20.35		 51.98   	 -20.35		
 10.15   	  25.43		 51.90   	 -25.43		
 10.25   	  25.43		 51.80   	 -20.35		
 10.36   	  25.43		 51.72   	 -25.43		
 10.46   	  25.43		 51.62   	 -25.43		
 10.56   	  25.43		 51.52   	 -20.35		
 10.66   	  30.52		 51.43   	 -25.43		
 10.78   	  30.52		 51.33   	 -20.35		
 10.91   	  40.69		 51.25   	 -25.43		
 11.07   	  40.69		 51.15   	 -20.35		
 11.23   	  55.95		 51.07   	 -25.43		
 11.45   	  66.12		 50.97   	 -25.43		
 11.72   	  76.30		 50.86   	 -25.43		
 12.02   	  86.47		 50.76   	 -25.43		
 12.37   	  86.47		 50.66   	 -25.43		
 12.72   	  91.56		 50.56   	 -20.35		
 13.08   	  91.56		 50.48   	 -25.43		
 13.45   	 101.73		 50.38   	 -20.35		
 13.86   	 127.16		 50.29   	 -15.26		
 14.36   	 157.68		 50.23   	 -20.35		
 14.99   	 193.29		 50.15   	 -15.26		
 15.77   	 239.06		 50.09   	 -20.35		
 16.72   	 223.80		 50.01   	 -20.35		
 17.62   	 203.46		 49.93   	 -15.26		
 18.43   	 203.46		 49.87   	 -20.35		
 19.25   	 218.72		 49.79   	 -20.35		
 20.12   	 239.06		 49.70   	 -20.35		
 21.08   	 264.50		 49.62   	 -20.35		
 22.14   	 259.41		 49.54   	 -20.35		
 23.17   	 254.32		 49.46   	 -20.35		
 24.19   	 233.98		 49.38   	 -25.43		
 25.13   	 213.63		 49.28   	 -20.35		
 25.98   	 203.46		 49.20   	 -20.35		
 26.80   	 188.20		 49.11   	 -25.43		
 27.55   	 183.11		 49.01   	 -20.35		
 28.28   	 167.85		 48.93   	 -20.35		
 28.95   	 157.68		 48.85   	 -20.35		
 29.58   	 147.51		 48.77   	 -25.43		
 30.17   	 122.07		 48.67   	 -20.35		
 30.66   	 111.90		 48.59   	 -25.43		
 31.11   	  91.56		 48.48   	 -20.35		
 31.47   	  86.47		 48.40   	 -20.35		
 31.82   	  71.21		 48.32   	 -20.35		
 32.11   	  71.21		 48.24   	 -15.26		
 32.39   	  55.95		 48.18   	 -20.35		
 32.61   	  50.86		 48.10   	 -10.17		
 32.82   	  35.61		 48.06   	 -10.17		
 32.96   	  30.52		 48.02   	  -5.09		
 33.08   	  25.43		 48.00(D)	  10.17		
 33.18   	  20.35		 48.04   	  20.35		
 33.27   	  15.26		 48.12   	  50.86		
 33.33   	  15.26		 48.32   	 111.90		
 33.39   	  10.17		 48.77   	 188.20		
 33.43   	  10.17		 49.52   	 284.84		
 33.47   	  15.26		 50.66   	 386.57		
 33.53   	  10.17		 52.21   	 467.95		
 33.57   	  15.26		 54.08   	 534.08		
 33.63   	  10.17		 56.22   	 579.86		
 33.67   	  15.26		 58.53   	 600.20		
 33.73   	  10.17		 60.94   	 600.20		
 33.77   	  15.26		 63.34   	 569.68		
 33.84   	  15.26		 65.62   	 534.08		
 33.90   	  15.26		 67.75   	 478.13		
 33.96   	  10.17		 69.66   	 422.18		
 34.00   	  15.26		 71.35   	 366.22		
 34.06   	  10.17		 72.82   	 325.53		
 34.10   	  15.26		 74.12   	 279.75		
 34.16   	   5.09		 75.24   	 259.41		
 34.18   	   5.09		 76.28   	 233.98		
 34.20(S)	   0.00		 77.21   	 244.15		
 34.20   	  -5.09		 78.19   	 259.41		
 34.18   	  -5.09		 79.23   	 274.67		
 34.16   	 -10.17		 80.33   	 300.10		
 34.12   	 -15.26		 81.53   	 335.71		
 34.06   	 -10.17		 82.87   	 361.14		
 34.02   	 -15.26		 84.31   	 386.57		
 33.96   	 -15.26		 85.86   	 396.74		
 33.90   	 -15.26		 87.45   	 406.92		
 33.84   	 -15.26		 89.07   	 396.74		
 33.77   	 -20.35		 90.66   	 381.48		
 33.69   	 -15.26		 92.19   	 356.05		
 33.63   	 -15.26		 93.61   	 320.45		
 33.57   	 -15.26		 94.89   	 279.75		
 33.51   	 -20.35		 96.01   	 228.89		
 33.43   	 -25.43		 96.93   	 178.03		
 33.33   	 -25.43		 97.64   	 127.16		
 33.22   	 -25.43		 98.15   	  81.38		
 33.12   	 -30.52		 98.47   	  35.61		
 33.00   	 -35.61		 98.62   	   5.09		
 32.86   	 -30.52		 98.64(S)	 -35.61		
 32.74   	 -35.61		 98.49   	 -61.04		
 32.59   	 -40.69		 98.25   	 -76.30		
 32.43   	 -40.69		 97.94   	 -81.38		
 32.27   	 -45.78		 97.62   	 -91.56		
 32.09   	 -45.78		 97.25   	-106.82		
 31.90   	 -55.95		 96.83   	-116.99		
 31.68   	 -66.12		 96.36   	-116.99		
 31.41   	 -81.38		 95.89   	-106.82		
 31.09   	 -91.56		 95.46   	-106.82		
 30.72   	-106.82		 95.04   	-116.99		
 30.29   	-122.07		 94.57   	-116.99		
 29.81   	-152.59		 94.10   	-106.82		
 29.20   	-167.85		 93.67   	 -96.64		
 28.52   	-183.11		 93.29   	 -96.64		
 27.79   	-198.37		 92.90   	-106.82		
 27.00   	-213.63		 92.47   	-101.73		
 26.14   	-218.72		 92.06   	-106.82		
 25.27   	-239.06		 91.64   	 -96.64		
 24.31   	-249.24		 91.25   	 -96.64		
 23.32   	-264.50		 90.86   	 -96.64		
 22.26   	-279.75		 90.48   	 -91.56		
 21.14   	-289.93		 90.11   	 -96.64		
 19.98   	-289.93		 89.72   	 -96.64		
 18.82   	-295.01		 89.34   	-106.82		
 17.64   	-289.93		 88.91   	-106.82		
 16.48   	-284.84		 88.48   	-106.82		
 15.34   	-274.67		 88.06   	-122.07		
 14.24   	-264.50		 87.57   	-132.25		
 13.18   	-254.32		 87.04   	-142.42		
 12.17   	-233.98		 86.47   	-162.77		
 11.23   	-223.80		 85.82   	-172.94		
 10.34   	-203.46		 85.13   	-183.11		
  9.52   	-188.20		 84.39   	-193.29		
  8.77   	-172.94		 83.62   	-208.54		
  8.08   	-152.59		 82.79   	-203.46		
  7.47   	-142.42		 81.97   	-208.54		
  6.90   	-111.90		 81.14   	-203.46		
  6.45   	 -91.56		 80.33   	-193.29		
  6.08   	 -66.12		 79.55   	-193.29		
  5.82   	 -50.86		 78.78   	-178.03		
  5.62   	 -40.69		 78.07   	-162.77		
  5.45   	 -30.52		 77.42   	-152.59		
  5.33   	 -25.43		 76.81   	-142.42		
  5.23   	 -15.26		 76.24   	-132.25		
  5.17   	 -15.26		 75.71   	-127.16		
  5.11   	  -5.09		 75.20   	-116.99		
  5.09(D)	   0.00		 74.73   	-111.90		
  5.09   	   5.09		 74.28   	-111.90		
  5.11   	  10.17		 73.83   	-106.82		
  5.15   	  15.26		 73.41   	-106.82		
  5.21   	  15.26		 72.98   	-101.73		
  5.27   	  20.35		 72.57   	-101.73		
  5.35   	  15.26		 72.17   	 -96.64		
  5.41   	  10.17		 71.78   	-101.73		
  5.45   	   5.09		 71.37   	-101.73		
  5.47   	  15.26		 70.97   	 -96.64		
  5.53   	  15.26		 70.58   	 -96.64		
  5.60   	  30.52		 70.19   	 -96.64		
  5.72   	  30.52		 69.81   	 -86.47		
  5.84   	  30.52		 69.46   	 -91.56		
  5.96   	  35.61		 69.09   	 -81.38		
  6.10   	  35.61		 68.77   	 -76.30		
  6.25   	  35.61		 68.46   	 -76.30		
  6.39   	  30.52		 68.16   	 -66.12		
  6.51   	  30.52		 67.89   	 -61.04		
  6.63   	  30.52		 67.65   	 -61.04		
  6.75   	  25.43		 67.41   	 -55.95		
  6.86   	  25.43		 67.18   	 -50.86		
  6.96   	  20.35		 66.98   	 -50.86		
  7.04   	  20.35		 66.77   	 -45.78		
  7.12   	  25.43		 66.59   	 -45.78		
  7.22   	  25.43		 66.41   	 -45.78		
  7.32   	  25.43		 66.23   	 -45.78		
  7.43   	  30.52		 66.04   	 -45.78		
  7.55   	  30.52		 65.86   	 -50.86		
  7.67   	  35.61		 65.66   	 -50.86		
  7.81   	  35.61		 65.45   	 -50.86		
  7.96   	  35.61		 65.25   	 -50.86		
  8.10   	  30.52		 65.05   	 -45.78		
  8.22   	  30.52		 64.86   	 -50.86		
  8.34   	  30.52		 64.66   	 -50.86		
  8.46   	  30.52		 64.46   	 -45.78		
  8.59   	  30.52		 64.27   	 -40.69		
  8.71   	  25.43		 64.11   	 -45.78		
  8.81   	  30.52		 63.93   	 -45.78		
  8.93   	  25.43		 63.74   	 -40.69		
  9.03   	  25.43		 63.58   	 -35.61		
  9.14   	  25.43		 63.44   	 -35.61		
  9.24   	  25.43		 63.30   	 -40.69		
  9.34   	  30.52		 63.13   	 -35.61		
  9.46   	  20.35		 62.99   	 -35.61		
  9.54   	  25.43		 62.85   	 -40.69		
  9.64   	  20.35		 62.69   	 -35.61		
  9.73   	  20.35		 62.54   	 -35.61		
  9.81   	  15.26		 62.40   	 -35.61		
  9.87   	  15.26		 62.26   	 -35.61		
  9.93   	  10.17		 62.12   	 -35.61		
  9.97   	   5.09		 61.97   	 -40.69		
  9.99   	   5.09		 61.81   	 -35.61		
 10.01   	  -5.09		 61.67   	 -40.69		
  9.99   	   0.00		 61.51   	 -40.69		
  9.99   	 -10.17		 61.34   	 -45.78		
  9.95   	  -5.09		 61.16   	 -40.69		
  9.93   	 -10.17		 61.00   	 -40.69		
  9.89   	 -10.17		 60.83   	 -40.69		
  9.85   	  -5.09		 60.67   	 -45.78		
  9.83   	 -10.17		 60.49   	 -40.69		
  9.79   	  -5.09		 60.33   	 -45.78		
  9.77   	 -10.17		 60.14   	 -40.69		
  9.73   	  -5.09		 59.98   	 -35.61		
  9.70   	  -5.09		 59.84   	 -40.69		
  9.68   	   0.00		 59.67   	 -35.61		
  9.68   	  -5.09		 59.53   	 -35.61		
  9.66   	   0.00		 59.39   	 -35.61		
  9.66   	   0.00		 59.25   	 -35.61		
  9.66   	   5.09		 59.10   	 -35.61		
  9.68   	   0.00		 58.96   	 -40.69		
  9.68   	   0.00		 58.80   	 -35.61		
  9.68   	   5.09		 58.66   	 -35.61		
  9.70   	   0.00		 58.51   	 -35.61		
  9.70   	   5.09		 58.37   	 -35.61		
  9.73   	   5.09		 58.23   	 -35.61		
  9.75   	   0.00		 58.09   	 -35.61		
  9.75   	   5.09		 57.94   	 -35.61		
  9.77   	   0.00		 57.80   	 -35.61		
  9.77   	   0.00		 57.66   	 -40.69		
  9.77   	   5.09		 57.50   	 -35.61		
  9.79   	   0.00		 57.35   	 -40.69		
  9.79   	   0.00		 57.19   	 -35.61		
  9.79   	   0.00		 57.05   	 -30.52		
  9.79   	   0.00		 56.93   	 -35.61		
  9.79   	   5.09		 56.79   	 -35.61		
  9.81   	   0.00		 56.64   	 -35.61		
  9.81   	   0.00		 56.50   	 -30.52		
  9.81   	   0.00		 56.38   	 -35.61		
  9.81   	  -5.09		 56.24   	 -35.61		
  9.79   	   0.00		 56.09   	 -30.52		
  9.79   	   0.00		 55.97   	 -35.61		
  9.79   	   0.00		 55.83   	 -30.52		
  9.79   	  -5.09		 55.71   	 -30.52		
  9.77   	   0.00		 55.58   	 -35.61		
  9.77   	  -5.09		 55.44   	 -30.52		
  9.75   	   5.09		 55.32   	 -30.52		
  9.77   	   0.00		 55.20   	 -30.52		
  9.77   	  -5.09		 55.08   	 -35.61		
  9.75   	  -5.09		 54.93   	 -30.52		
  9.73   	  -5.09		 54.81   	 -35.61		
  9.70   	  -5.09		 54.67   	 -35.61		
  9.68   	   0.00		 54.53   	 -30.52		
  9.68   	  -5.09		 54.40   	 -30.52		
  9.66   	   0.00		 54.28   	 -30.52		
  9.66   	   0.00		 54.16   	 -35.61		
  9.66   	  -5.09		 54.02   	 -30.52		
  9.64   	   0.00		 53.90   	 -30.52		
  9.64   	   0.00		 53.77   	 -30.52		
  9.64   	   0.00		 53.65   	 -25.43		
  9.64   	   0.00		 53.55   	 -30.52		
  9.64   	  -5.09		 53.43   	 -25.43		
  9.62   	   0.00		 53.33   	 -25.43		
  9.62   	   5.09		 53.22   	 -25.43		
  9.64   	   0.00		 53.12   	 -25.43		
  9.64   	   5.09		 53.02   	 -25.43		
  9.66   	   0.00		 52.92   	 -25.43		
  9.66   	   0.00		 52.82   	 -20.35		
  9.66   	   0.00		 52.74   	 -25.43		
  9.66   	   0.00		 52.63   	 -25.43		
  9.66   	   0.00		 52.53   	 -25.43		
  9.66   	   0.00		 52.43   	 -25.43		
  9.66   	  -5.09		 52.33   	 -30.52		
  9.64   	   0.00		 52.21   	 -25.43		
  9.64   	  -5.09		 52.11   	 -30.52		
  9.62   	   0.00		 51.98   	 -25.43		
  9.62(E)	   5.09		 51.88   	 -25.43		
  9.64   	   5.09		 51.78   	 -30.52		
  9.66   	  15.26		 51.66   	 -25.43		
  9.73   	  15.26		 51.56   	 -30.52		
  9.79   	  20.35		 51.43   	 -25.43		
  9.87   	  25.43		 51.33   	 -20.35		
  9.97   	  25.43		 51.25   	 -25.43		
 10.07   	  25.43		 51.15   	 -20.35		
 10.17   	  30.52		 51.07   	 -25.43		
 10.29   	  25.43		 50.97   	 -20.35		
 10.40   	  30.52		 50.88   	 -20.35		
 10.52   	  30.52		 50.80   	 -25.43		
 10.64   	  30.52		 50.70   	 -20.35		
 10.76   	  45.78		 50.62   	 -25.43		
 10.95   	  50.86		 50.52   	 -20.35		
 11.15   	  61.04		 50.44   	 -25.43		
 11.39   	  76.30		 50.34   	 -25.43		
 11.70   	  81.38		 50.23   	 -20.35		
 12.02   	  91.56		 50.15   	 -25.43		
 12.39   	 101.73		 50.05   	 -25.43		
 12.80   	 101.73		 49.95   	 -20.35		
 13.20   	 106.82		 49.87   	 -25.43		
 13.63   	 122.07		 49.77   	 -20.35		
 14.12   	 152.59		 49.68   	 -20.35		
 14.73   	 178.03		 49.60   	 -20.35		
 15.44   	 193.29		 49.52   	 -20.35		
 16.22   	 198.37		 49.44   	 -15.26		
 17.01   	 213.63		 49.38   	 -20.35		
 17.86   	 208.54		 49.30   	 -20.35		
 18.70   	 218.72		 49.22   	 -20.35		
 19.57   	 228.89		 49.14   	 -20.35		
 20.49   	 244.15		 49.05   	 -15.26		
 21.46   	 239.06		 48.99   	 -20.35		
 22.42   	 228.89		 48.91   	 -20.35		
 23.34   	 223.80		 48.83   	 -15.26		
 24.23   	 203.46		 48.77   	 -20.35		
 25.05   	 193.29		 48.69   	 -15.26		
 25.82   	 183.11		 48.63   	 -20.35		
 26.55   	 178.03		 48.55   	 -25.43		
 27.26   	 162.77		 48.44   	 -20.35		
 27.91   	 152.59		 48.36   	 -20.35		
 28.52   	 137.33		 48.28   	 -20.35		
 29.07   	 122.07		 48.20   	 -20.35		
 29.56   	 111.90		 48.12   	 -20.35		
 30.01   	 101.73		 48.04   	 -25.43		
 30.42   	  91.56		 47.93   	 -20.35		
 30.78   	  86.47		 47.85   	 -20.35		
 31.13   	  76.30		 47.77   	 -15.26		
 31.43   	  71.21		 47.71   	 -20.35		
 31.72   	  66.12		 47.63   	 -15.26		
 31.98   	  55.95		 47.57   	 -10.17		
 32.21   	  45.78		 47.53   	 -10.17		
 32.39   	  45.78		 47.49   	  -5.09		
 32.57   	  30.52		 47.47(D)	   0.00		
 32.70   	  25.43		 47.47   	  20.35		
 32.80   	  20.35		 47.55   	  40.69		
 32.88   	  15.26		 47.71   	  81.38		
 32.94   	  15.26		 48.04   	 152.59		
 33.00   	  15.26		 48.65   	 244.15		
 33.06   	  10.17		 49.62   	 335.71		
 33.10   	  15.26		 50.97   	 422.18		
 33.16   	  10.17		 52.65   	 503.56		
 33.20   	  15.26		 54.67   	 549.34		
 33.27   	  10.17		 56.87   	 584.94		
 33.31   	  10.17		 59.21   	 590.03		
 33.35   	  15.26		 61.57   	 574.77		
 33.41   	  15.26		 63.87   	 534.08		
 33.47   	  15.26		 66.00   	 488.30		
 33.53   	  15.26		 67.95   	 432.35		
 33.59   	  15.26		 69.68   	 376.40		
 33.65   	  15.26		 71.19   	 325.53		
 33.71   	  10.17		 72.49   	 284.84		
 33.75   	  10.17		 73.63   	 249.24		
 33.79(S)	   0.00		 74.63   	 228.89		
 33.79   	   0.00		 75.54   	 218.72		
 33.79   	 -10.17		 76.42   	 228.89		
 33.75   	 -15.26		 77.33   	 244.15		
 33.69   	 -20.35		 78.31   	 264.50		
 33.61   	 -15.26		 79.37   	 300.10		
 33.55   	 -15.26		 80.57   	 330.62		
 33.49   	 -15.26		 81.89   	 356.05		
 33.43   	 -15.26		 83.32   	 376.40		
 33.37   	 -15.26		 84.82   	 386.57		
 33.31   	 -15.26		 86.37   	 391.66		
 33.25   	 -15.26		 87.93   	 376.40		
 33.18   	 -15.26		 89.44   	 356.05		
 33.12   	 -15.26		 90.86   	 320.45		
 33.06   	 -20.35		 92.15   	 284.84		
 32.98   	 -25.43		 93.29   	 233.98		
 32.88   	 -25.43		 94.22   	 188.20		
 32.78   	 -30.52		 94.97   	 137.33		
 32.66   	 -30.52		 95.52   	  86.47		
 32.53   	 -35.61		 95.87   	  40.69		
 32.39   	 -35.61		 96.03   	   5.09		
 32.25   	 -35.61		 96.05(S)	 -30.52		
 32.11   	 -40.69		 95.93   	 -61.04		
 31.94   	 -40.69		 95.69   	 -86.47		
 31.78   	 -40.69		 95.34   	 -96.64		
 31.62   	 -45.78		 94.95   	 -96.64		
 31.43   	 -55.95		 94.57   	 -96.64		
 31.21   	 -61.04		 94.18   	-101.73		
 30.97   	 -71.21		 93.77   	-106.82		
 30.68   	 -76.30		 93.35   	-106.82		
 30.38   	 -96.64		 92.92   	-101.73		
 29.99   	-106.82		 92.51   	-101.73		
 29.56   	-127.16		 92.11   	-106.82		
 29.05   	-142.42		 91.68   	-101.73		
 28.48   	-152.59		 91.27   	-101.73		
 27.87   	-172.94		 90.86   	-101.73		
 27.18   	-188.20		 90.46   	 -96.64		
 26.43   	-193.29		 90.07   	-101.73		
 25.66   	-213.63		 89.66   	-101.73		
 24.80   	-223.80		 89.26   	-101.73		
 23.91   	-233.98		 88.85   	-101.73		
 22.97   	-244.15		 88.44   	-106.82		
 21.99   	-254.32		 88.02   	-106.82		
 20.98   	-264.50		 87.59   	-111.90		
 19.92   	-269.58		 87.14   	-116.99		
 18.84   	-269.58		 86.67   	-116.99		
 17.76   	-269.58		 86.21   	-122.07		
 16.68   	-264.50		 85.72   	-122.07		
 15.63   	-264.50		 85.23   	-132.25		
 14.57   	-254.32		 84.70   	-137.33		
 13.55   	-244.15		 84.15   	-142.42		
 12.57   	-233.98		 83.58   	-147.51		
 11.64   	-223.80		 82.99   	-152.59		
 10.74   	-208.54		 82.38   	-162.77		
  9.91   	-188.20		 81.73   	-162.77		
  9.16   	-178.03		 81.08   	-178.03		
  8.44   	-162.77		 80.37   	-178.03		
  7.79   	-142.42		 79.65   	-183.11		
  7.22   	-127.16		 78.92   	-183.11		
  6.71   	 -96.64		 78.19   	-178.03		
  6.33   	 -66.12		 77.48   	-178.03		
  6.06   	 -50.86		 76.76   	-167.85		
  5.86   	 -35.61		 76.09   	-162.77		
  5.72   	 -25.43		 75.44   	-152.59		
  5.62   	 -20.35		 74.83   	-137.33		
  5.53   	 -15.26		 74.28   	-137.33		
  5.47   	 -15.26		 73.73   	-127.16		
  5.41   	 -15.26		 73.22   	-122.07		
  5.35   	 -15.26		 72.74   	-111.90		
  5.29   	 -15.26		 72.29   	-111.90		
  5.23   	  -5.09		 71.84   	-106.82		
  5.21   	 -10.17		 71.41   	-101.73		
  5.17   	  -5.09		 71.01   	 -96.64		
  5.15   	 -10.17		 70.62   	-101.73		
  5.11   	 -10.17		 70.21   	 -96.64		
  5.07   	  -5.09		 69.83   	 -96.64		
  5.05(D)	   0.00		 69.44   	 -96.64		
  5.05   	  10.17		 69.05   	 -96.64		
  5.09   	  15.26		 68.67   	 -91.56		
  5.15   	  20.35		 68.30   	 -86.47		
  5.23   	  15.26		 67.95   	 -81.38		
  5.29   	  20.35		 67.63   	 -81.38		
  5.37   	  20.35		 67.30   	 -76.30		
  5.45   	  20.35		 67.00   	 -66.12		
  5.53   	  30.52		 66.73   	 -71.21		
  5.66   	  30.52		 66.45   	 -61.04		
  5.78   	  40.69		 66.21   	 -55.95		
  5.94   	  45.78		 65.98   	 -50.86		
  6.12   	  45.78		 65.78   	 -50.86		
  6.31   	  50.86		 65.57   	 -45.78		
  6.51   	  50.86		 65.39   	 -45.78		
  6.71   	  55.95		 65.21   	 -50.86		
  6.94   	  61.04		 65.00   	 -45.78		
  7.18   	  55.95		 64.82   	 -45.78		
  7.41   	  61.04		 64.64   	 -45.78		
  7.65   	  61.04		 64.46   	 -45.78		
  7.89   	  61.04		 64.27   	 -45.78		
  8.14   	  55.95		 64.09   	 -50.86		
  8.36   	  55.95		 63.89   	 -50.86		
  8.59   	  50.86		 63.68   	 -50.86		
  8.79   	  45.78		 63.48   	 -50.86		
  8.97   	  40.69		 63.28   	 -45.78		
  9.14   	  40.69		 63.09   	 -45.78		
  9.30   	  35.61		 62.91   	 -45.78		
  9.44   	  30.52		 62.73   	 -40.69		
  9.56   	  25.43		 62.56   	 -45.78		
  9.66   	  25.43		 62.38   	 -35.61		
  9.77   	  25.43		 62.24   	 -40.69		
  9.87   	  20.35		 62.08   	 -35.61		
  9.95   	  20.35		 61.93   	 -35.61		
 10.03   	  15.26		 61.79   	 -30.52		
 10.09   	  15.26		 61.67   	 -35.61		
 10.15   	  10.17		 61.53   	 -35.61		
 10.19   	  10.17		 61.38   	 -35.61		
 10.23   	  10.17		 61.24   	 -35.61		
 10.27   	   5.09		 61.10   	 -40.69		
 10.29   	   0.00		 60.94   	 -35.61		
 10.29   	   0.00		 60.79   	 -40.69		
 10.29   	  -5.09		 60.63   	 -35.61		
 10.27   	   0.00		 60.49   	 -40.69		
 10.27   	  -5.09		 60.33   	 -40.69		
 10.25   	  -5.09		 60.16   	 -40.69		
 10.23   	 -10.17		 60.00   	 -40.69		
 10.19   	  -5.09		 59.84   	 -40.69		
 10.17   	 -10.17		 59.67   	 -40.69		
 10.13   	  -5.09		 59.51   	 -40.69		
 10.11   	 -10.17		 59.35   	 -40.69		
 10.07   	  -5.09		 59.19   	 -35.61		
 10.05   	   0.00		 59.04   	 -40.69		
 10.05   	  -5.09		 58.88   	 -35.61		
 10.03   	  -5.09		 58.74   	 -35.61		
 10.01   	   5.09		 58.60   	 -35.61		
 10.03   	   0.00		 58.45   	 -35.61		
 10.03   	   0.00		 58.31   	 -35.61		
 10.03   	   5.09		 58.17   	 -30.52		
 10.05   	   0.00		 58.05   	 -35.61		
 10.05   	   5.09		 57.90   	 -35.61		
 10.07   	   0.00		 57.76   	 -30.52		
 10.07   	   5.09		 57.64   	 -35.61		
 10.09   	   0.00		 57.50   	 -35.61		
 10.09   	   5.09		 57.35   	 -35.61		
 10.11   	   5.09		 57.21   	 -35.61		
 10.13   	   5.09		 57.07   	 -35.61		
 10.15   	   0.00		 56.93   	 -35.61		
 10.15   	   0.00		 56.79   	 -40.69		
 10.15   	   0.00		 56.62   	 -35.61		
 10.15   	  -5.09		 56.48   	 -35.61		
 10.13   	  N/A		 56.34   	  N/A		
