SAMPLE NUMBER:   5
TIME RESOLUTION: 4 ms/sample
mmHg RESOLUTION: 0.0203458 mmHg/unit
DATA UNITS:      mmHg, mmHg/sec

------------------------- Begin Data -------------------------
  DAO     	  DAO'		  RV     	  RV'		
 63.56   	 -55.95		 32.70   	-208.54		
 63.34   	 -66.12		 31.86   	-213.63		
 63.07   	 -71.21		 31.01   	-213.63		
 62.79   	 -81.38		 30.15   	-223.80		
 62.46   	 -86.47		 29.26   	-223.80		
 62.12   	 -91.56		 28.36   	-233.98		
 61.75   	-106.82		 27.43   	-228.89		
 61.32   	-127.16		 26.51   	-233.98		
 60.81   	-142.42		 25.57   	-233.98		
 60.24   	-152.59		 24.64   	-233.98		
 59.63   	-157.68		 23.70   	-244.15		
 59.00   	-147.51		 22.73   	-254.32		
 58.41   	-137.33		 21.71   	-254.32		
 57.86   	-132.25		 20.69   	-259.41		
 57.33   	-111.90		 19.65   	-259.41		
 56.89   	-101.73		 18.62   	-249.24		
 56.48   	 -96.64		 17.62   	-239.06		
 56.09   	 -86.47		 16.66   	-244.15		
 55.75   	 -76.30		 15.69   	-244.15		
 55.44   	 -66.12		 14.71   	-239.06		
 55.18   	 -61.04		 13.75   	-244.15		
 54.93   	 -61.04		 12.78   	-233.98		
 54.69   	 -66.12		 11.84   	-233.98		
 54.43   	 -66.12		 10.91   	-218.72		
 54.16   	 -61.04		 10.03   	-208.54		
 53.92   	 -50.86		  9.20   	-188.20		
 53.71   	 -55.95		  8.44   	-172.94		
 53.49   	 -66.12		  7.75   	-162.77		
 53.22   	 -61.04		  7.10   	-147.51		
 52.98   	 -61.04		  6.51   	-142.42		
 52.74   	 -55.95		  5.94   	-132.25		
 52.51   	 -50.86		  5.41   	-122.07		
 52.31   	 -40.69		  4.92   	-106.82		
 52.15   	 -45.78		  4.50   	 -91.56		
 51.96   	 -55.95		  4.13   	 -76.30		
 51.74   	 -61.04		  3.83   	 -61.04		
 51.50   	 -55.95		  3.58   	 -50.86		
 51.27   	 -66.12		  3.38   	 -40.69		
 51.01   	 -55.95		  3.21   	 -35.61		
 50.78   	 -50.86		  3.07   	 -35.61		
 50.58   	 -45.78		  2.93   	 -35.61		
 50.40   	 -50.86		  2.79   	 -25.43		
 50.19   	 -55.95		  2.69   	 -25.43		
 49.97   	 -61.04		  2.58   	 -15.26		
 49.73   	 -61.04		  2.52   	  -5.09		
 49.48   	 -50.86		  2.50   	  10.17		
 49.28   	 -40.69		  2.54   	  10.17		
 49.11   	 -40.69		  2.58   	  20.35		
 48.95   	 -45.78		  2.67   	  25.43		
 48.77   	 -55.95		  2.77   	  15.26		
 48.55   	 -50.86		  2.83   	  15.26		
 48.34   	 -50.86		  2.89   	   5.09		
 48.14   	 -40.69		  2.91   	   5.09		
 47.98   	 -35.61		  2.93   	  -5.09		
 47.83   	 -35.61		  2.91   	  -5.09		
 47.69   	 -50.86		  2.89   	  -5.09		
 47.49   	 -50.86		  2.87   	   0.00		
 47.28   	 -40.69		  2.87(E)	  15.26		
 47.12   	 -45.78		  2.93   	  20.35		
 46.94   	 -30.52		  3.01   	  50.86		
 46.82   	 -35.61		  3.21   	  66.12		
 46.67   	 -30.52		  3.48   	  61.04		
 46.55   	 -30.52		  3.72   	  55.95		
 46.43   	 -50.86		  3.95   	  61.04		
 46.23   	 -71.21		  4.19   	  55.95		
 45.94   	 -61.04		  4.42   	  66.12		
 45.70   	 -50.86		  4.68   	  76.30		
 45.49   	 -45.78		  4.98   	  71.21		
 45.31   	 -35.61		  5.27   	  76.30		
 45.17   	 -40.69		  5.57   	  71.21		
 45.00   	 -40.69		  5.86   	  71.21		
 44.84   	 -45.78		  6.14   	  76.30		
 44.66   	 -45.78		  6.45   	  86.47		
 44.48   	 -50.86		  6.80   	 101.73		
 44.27   	 -50.86		  7.20   	 122.07		
 44.07   	 -45.78		  7.69   	 142.42		
 43.89   	 -50.86		  8.26   	 167.85		
 43.68   	 -45.78		  8.93   	 193.29		
 43.50   	 -35.61		  9.70   	 218.72		
 43.36   	 -30.52		 10.58   	 244.15		
 43.23   	 -35.61		 11.56   	 264.50		
 43.09   	 -30.52		 12.61   	 289.93		
 42.97   	 -40.69		 13.77   	 315.36		
 42.81   	 -50.86		 15.04   	 340.79		
 42.60   	 -50.86		 16.40   	 437.43		
 42.40   	 -40.69		 18.15   	 442.52		
 42.24   	 -10.17		 19.92   	 447.61		
 42.20   	  25.43		 21.71   	 442.52		
 42.30   	  76.30		 23.48   	 427.26		
 42.60   	 132.25		 25.19   	 412.00		
 43.13   	 188.20		 26.84   	 396.74		
 43.89   	 233.98		 28.42   	 381.48		
 44.82   	 274.67		 29.95   	 366.22		
 45.92   	 305.19		 31.41   	 345.88		
 47.14   	 315.36		 32.80   	 330.62		
 48.40   	 310.27		 34.12   	 310.27		
 49.64   	 295.01		 35.36   	 295.01		
 50.82   	 264.50		 36.54   	 269.58		
 51.88   	 228.89		 37.62   	 244.15		
 52.80   	 193.29		 38.60   	 228.89		
 53.57   	 157.68		 39.51   	 203.46		
 54.20   	 127.16		 40.33   	 188.20		
 54.71   	 101.73		 41.08   	 167.85		
 55.12   	  76.30		 41.75   	 152.59		
 55.42   	  61.04		 42.36   	 132.25		
 55.67   	  55.95		 42.89   	 122.07		
 55.89   	  55.95		 43.38   	 106.82		
 56.11   	  61.04		 43.80   	 101.73		
 56.36   	  71.21		 44.21   	  86.47		
 56.64   	 116.99		 44.56   	  81.38		
 57.11   	 116.99		 44.88   	  71.21		
 57.58   	 127.16		 45.17   	  55.95		
 58.09   	 132.25		 45.39   	  45.78		
 58.62   	 142.42		 45.57   	  45.78		
 59.19   	 152.59		 45.76   	  40.69		
 59.80   	 147.51		 45.92   	  30.52		
 60.39   	 142.42		 46.04   	  25.43		
 60.96   	 137.33		 46.14   	  20.35		
 61.51   	 116.99		 46.23   	   5.09		
 61.97   	 106.82		 46.25(S)	 -10.17		
 62.40   	  96.64		 46.21   	 -10.17		
 62.79   	  86.47		 46.16   	 -25.43		
 63.13   	  71.21		 46.06   	 -35.61		
 63.42   	  55.95		 45.92   	 -40.69		
 63.64   	  40.69		 45.76   	 -45.78		
 63.80   	  30.52		 45.57   	 -61.04		
 63.93   	  10.17		 45.33   	 -71.21		
 63.97(S)	   0.00		 45.05   	 -86.47		
 63.97   	  -5.09		 44.70   	-101.73		
 63.95   	 -10.17		 44.29   	-111.90		
 63.91   	 -20.35		 43.85   	-122.07		
 63.82   	 -30.52		 43.36   	-132.25		
 63.70   	 -35.61		 42.83   	-137.33		
 63.56   	 -35.61		 42.28   	-142.42		
 63.42   	 -30.52		 41.71   	-142.42		
 63.30   	 -25.43		 41.14   	-137.33		
 63.19   	 -30.52		 40.59   	-132.25		
 63.07   	 -40.69		 40.06   	-147.51		
 62.91   	 -50.86		 39.47   	-157.68		
 62.71   	 -50.86		 38.84   	-162.77		
 62.50   	 -45.78		 38.19   	-167.85		
 62.32   	 -45.78		 37.52   	-172.94		
 62.14   	 -50.86		 36.83   	-167.85		
 61.93   	 -50.86		 36.15   	-172.94		
 61.73   	 -45.78		 35.46   	-167.85		
 61.55   	 -50.86		 34.79   	-172.94		
 61.34   	 -50.86		 34.10   	-172.94		
 61.14   	 -61.04		 33.41   	-183.11		
 60.89   	 -76.30		 32.68   	-198.37		
 60.59   	 -86.47		 31.88   	-203.46		
 60.24   	 -96.64		 31.07   	-213.63		
 59.86   	-106.82		 30.21   	-218.72		
 59.43   	-122.07		 29.34   	-213.63		
 58.94   	-137.33		 28.48   	-218.72		
 58.39   	-147.51		 27.61   	-218.72		
 57.80   	-142.42		 26.73   	-218.72		
 57.23   	-137.33		 25.86   	-233.98		
 56.68   	-127.16		 24.92   	-244.15		
 56.17   	-111.90		 23.95   	-249.24		
 55.73   	 -91.56		 22.95   	-259.41		
 55.36   	 -91.56		 21.91   	-259.41		
 54.99   	 -91.56		 20.87   	-259.41		
 54.63   	 -91.56		 19.84   	-259.41		
 54.26   	 -81.38		 18.80   	-259.41		
 53.94   	 -71.21		 17.76   	-259.41		
 53.65   	 -55.95		 16.72   	-264.50		
 53.43   	 -55.95		 15.67   	-264.50		
 53.20   	 -55.95		 14.61   	-264.50		
 52.98   	 -61.04		 13.55   	-264.50		
 52.74   	 -66.12		 12.49   	-254.32		
 52.47   	 -66.12		 11.48   	-249.24		
 52.21   	 -66.12		 10.48   	-239.06		
 51.94   	 -66.12		  9.52   	-218.72		
 51.68   	 -61.04		  8.65   	-198.37		
 51.43   	 -50.86		  7.85   	-183.11		
 51.23   	 -50.86		  7.12   	-157.68		
 51.03   	 -45.78		  6.49   	-147.51		
 50.84   	 -55.95		  5.90   	-132.25		
 50.62   	 -55.95		  5.37   	-122.07		
 50.40   	 -50.86		  4.88   	-116.99		
 50.19   	 -40.69		  4.42   	 -96.64		
 50.03   	 -45.78		  4.03   	 -71.21		
 49.85   	 -40.69		  3.74   	 -61.04		
 49.68   	 -40.69		  3.50   	 -45.78		
 49.52   	 -50.86		  3.32   	 -40.69		
 49.32   	 -50.86		  3.15   	 -35.61		
 49.11   	 -50.86		  3.01   	 -35.61		
 48.91   	 -50.86		  2.87   	 -35.61		
 48.71   	 -45.78		  2.73   	 -30.52		
 48.52   	 -45.78		  2.60   	 -20.35		
 48.34   	 -50.86		  2.52   	  -5.09		
 48.14   	 -61.04		  2.50   	   5.09		
 47.89   	 -55.95		  2.52   	  10.17		
 47.67   	 -50.86		  2.56   	  15.26		
 47.47   	 -50.86		  2.62   	  10.17		
 47.26   	 -50.86		  2.67   	  -5.09		
 47.06   	 -35.61		  2.64   	 -15.26		
 46.92   	 -40.69		  2.58   	 -20.35		
 46.75   	 -40.69		  2.50   	 -20.35		
 46.59   	 -40.69		  2.42   	 -10.17		
 46.43   	 -45.78		  2.38(D)	   5.09		
 46.25   	 -40.69		  2.40   	  20.35		
 46.08   	 -25.43		  2.48   	  35.61		
 45.98   	 -35.61		  2.62   	  50.86		
 45.84   	 -40.69		  2.83   	  55.95		
 45.68   	 -40.69		  3.05   	  50.86		
 45.51   	 -45.78		  3.26   	  50.86		
 45.33   	 -35.61		  3.46   	  61.04		
 45.19   	 -35.61		  3.70   	  66.12		
 45.05   	 -40.69		  3.97   	  71.21		
 44.88   	 -40.69		  4.25   	  81.38		
 44.72   	 -50.86		  4.58   	  76.30		
 44.52   	 -50.86		  4.88   	  81.38		
 44.31   	 -50.86		  5.21   	  76.30		
 44.11   	 -40.69		  5.51   	  81.38		
 43.95   	 -45.78		  5.84   	  86.47		
 43.76   	 -45.78		  6.19   	  96.64		
 43.58   	 -40.69		  6.57   	 111.90		
 43.42   	 -40.69		  7.02   	 122.07		
 43.26   	 -45.78		  7.51   	 147.51		
 43.07   	 -40.69		  8.10   	 162.77		
 42.91   	 -35.61		  8.75   	 193.29		
 42.77   	 -40.69		  9.52   	 208.54		
 42.60   	 -40.69		 10.36   	 233.98		
 42.44   	 -40.69		 11.29   	 259.41		
 42.28   	 -30.52		 12.33   	 284.84		
 42.16   	 -30.52		 13.47   	 310.27		
 42.03   	 -25.43		 14.71   	 335.71		
 41.93   	 -45.78		 16.05   	 417.09		
 41.75   	 -30.52		 17.72   	 432.35		
 41.63   	 -10.17		 19.45   	 432.35		
 41.59(D)	  25.43		 21.18   	 427.26		
 41.69   	  76.30		 22.89   	 422.18		
 41.99   	 137.33		 24.58   	 412.00		
 42.54   	 198.37		 26.23   	 396.74		
 43.34   	 239.06		 27.81   	 381.48		
 44.29   	 284.84		 29.34   	 361.14		
 45.43   	 295.01		 30.78   	 345.88		
 46.61   	 300.10		 32.17   	 320.45		
 47.81   	 300.10		 33.45   	 305.19		
 49.01   	 289.93		 34.67   	 289.93		
 50.17   	 269.58		 35.83   	 274.67		
 51.25   	 239.06		 36.93   	 254.32		
 52.21   	 203.46		 37.94   	 233.98		
 53.02   	 157.68		 38.88   	 208.54		
 53.65   	 122.07		 39.72   	 188.20		
 54.14   	  96.64		 40.47   	 172.94		
 54.53   	  81.38		 41.16   	 157.68		
 54.85   	  71.21		 41.79   	 142.42		
 55.14   	  71.21		 42.36   	 132.25		
 55.42   	  66.12		 42.89   	 111.90		
 55.69   	  61.04		 43.34   	 101.73		
 55.93   	  76.30		 43.74   	  91.56		
 56.24   	 122.07		 44.11   	  86.47		
 56.72   	 137.33		 44.46   	  71.21		
 57.27   	 142.42		 44.74   	  66.12		
 57.84   	 147.51		 45.00   	  55.95		
 58.43   	 147.51		 45.23   	  40.69		
 59.02   	 152.59		 45.39   	  30.52		
 59.63   	 152.59		 45.51   	  25.43		
 60.24   	 152.59		 45.62   	  15.26		
 60.85   	 157.68		 45.68   	  10.17		
 61.49   	 147.51		 45.72   	   5.09		
 62.08   	 127.16		 45.74(S)	 -10.17		
 62.58   	 106.82		 45.70   	 -15.26		
 63.01   	  86.47		 45.64   	 -30.52		
 63.36   	  71.21		 45.51   	 -45.78		
 63.64   	  66.12		 45.33   	 -55.95		
 63.91   	  55.95		 45.11   	 -61.04		
 64.13   	  45.78		 44.86   	 -71.21		
 64.31   	  30.52		 44.58   	 -71.21		
 64.44   	  15.26		 44.29   	 -86.47		
 64.50(S)	   0.00		 43.95   	 -96.64		
 64.50   	  -5.09		 43.56   	-116.99		
 64.48   	 -15.26		 43.09   	-122.07		
 64.41   	 -25.43		 42.60   	-127.16		
 64.31   	 -20.35		 42.10   	-122.07		
 64.23   	 -25.43		 41.61   	-122.07		
 64.13   	 -30.52		 41.12   	-116.99		
 64.01   	 -35.61		 40.65   	-127.16		
 63.87   	 -35.61		 40.14   	-137.33		
 63.72   	 -40.69		 39.59   	-152.59		
 63.56   	 -40.69		 38.98   	-157.68		
 63.40   	 -40.69		 38.35   	-157.68		
 63.23   	 -40.69		 37.72   	-157.68		
 63.07   	 -45.78		 37.09   	-157.68		
 62.89   	 -50.86		 36.46   	-147.51		
 62.69   	 -50.86		 35.87   	-147.51		
 62.48   	 -45.78		 35.28   	-147.51		
 62.30   	 -45.78		 34.69   	-142.42		
 62.12   	 -45.78		 34.12   	-157.68		
 61.93   	 -50.86		 33.49   	-162.77		
 61.73   	 -55.95		 32.84   	-172.94		
 61.51   	 -66.12		 32.15   	-183.11		
 61.24   	 -76.30		 31.41   	-193.29		
 60.94   	 -86.47		 30.64   	-198.37		
 60.59   	-101.73		 29.85   	-203.46		
 60.18   	-116.99		 29.03   	-203.46		
 59.71   	-132.25		 28.22   	-208.54		
 59.19   	-137.33		 27.39   	-213.63		
 58.64   	-137.33		 26.53   	-228.89		
 58.09   	-137.33		 25.62   	-239.06		
 57.54   	-132.25		 24.66   	-249.24		
 57.01   	-122.07		 23.66   	-264.50		
 56.52   	-122.07		 22.60   	-259.41		
 56.03   	-101.73		 21.57   	-264.50		
 55.63   	 -96.64		 20.51   	-264.50		
 55.24   	 -91.56		 19.45   	-259.41		
 54.87   	 -86.47		 18.41   	-274.67		
 54.53   	 -71.21		 17.31   	-274.67		
 54.24   	 -66.12		 16.22   	-279.75		
 53.98   	 -55.95		 15.10   	-274.67		
 53.75   	 -61.04		 14.00   	-274.67		
 53.51   	 -66.12		 12.90   	-269.58		
 53.24   	 -66.12		 11.82   	-254.32		
 52.98   	 -66.12		 10.80   	-239.06		
 52.72   	 -66.12		  9.85   	-228.89		
 52.45   	 -55.95		  8.93   	-208.54		
 52.23   	 -50.86		  8.10   	-193.29		
 52.02   	 -50.86		  7.32   	-178.03		
 51.82   	 -61.04		  6.61   	-167.85		
 51.58   	 -55.95		  5.94   	-152.59		
 51.35   	 -61.04		  5.33   	-142.42		
 51.11   	 -50.86		  4.76   	-116.99		
 50.91   	 -45.78		  4.29   	-101.73		
 50.72   	 -35.61		  3.89   	 -71.21		
 50.58   	 -40.69		  3.60   	 -61.04		
 50.42   	 -45.78		  3.36   	 -45.78		
 50.23   	 -55.95		  3.17   	 -50.86		
 50.01   	 -61.04		  2.97   	 -45.78		
 49.77   	 -55.95		  2.79   	 -45.78		
 49.54   	 -45.78		  2.60   	 -40.69		
 49.36   	 -45.78		  2.44   	 -25.43		
 49.18   	 -50.86		  2.34   	 -10.17		
 48.97   	 -61.04		  2.30   	  -5.09		
 48.73   	 -61.04		  2.28(D)	  10.17		
 48.48   	 -61.04		  2.32   	  15.26		
 48.24   	 -55.95		  2.38   	  20.35		
 48.02   	 -50.86		  2.46   	  15.26		
 47.81   	 -45.78		  2.52   	  15.26		
 47.63   	 -35.61		  2.58   	  10.17		
 47.49   	 -35.61		  2.62   	  -5.09		
 47.34   	 -50.86		  2.60   	 -10.17		
 47.14   	 -40.69		  2.56   	 -10.17		
 46.98   	 -35.61		  2.52   	   0.00		
 46.84   	 -45.78		  2.52   	  10.17		
 46.65   	 -35.61		  2.56   	  25.43		
 46.51   	 -35.61		  2.67   	  50.86		
 46.37   	 -40.69		  2.87   	  55.95		
 46.21   	 -35.61		  3.09   	  50.86		
 46.06   	 -35.61		  3.30   	  61.04		
 45.92   	 -35.61		  3.54   	  71.21		
 45.78   	 -45.78		  3.83   	  66.12		
 45.59   	 -45.78		  4.09   	  71.21		
 45.41   	 -50.86		  4.37   	  71.21		
 45.21   	 -50.86		  4.66   	  76.30		
 45.00   	 -45.78		  4.96   	  71.21		
 44.82   	 -40.69		  5.25   	  76.30		
 44.66   	 -45.78		  5.55   	  86.47		
 44.48   	 -45.78		  5.90   	  86.47		
 44.29   	 -50.86		  6.25   	 101.73		
 44.09   	 -55.95		  6.65   	 116.99		
 43.87   	 -45.78		  7.12   	 127.16		
 43.68   	 -40.69		  7.63   	 147.51		
 43.52   	 -35.61		  8.22   	 172.94		
 43.38   	 -30.52		  8.91   	 203.46		
 43.26   	 -25.43		  9.73   	 223.80		
 43.15   	 -30.52		 10.62   	 249.24		
 43.03   	 -45.78		 11.62   	 269.58		
 42.85   	 -45.78		 12.70   	 295.01		
 42.67   	 -40.69		 13.88   	 315.36		
 42.50   	 -35.61		 15.14   	 345.88		
 42.36   	 -25.43		 16.52   	 427.26		
 42.26   	 -25.43		 18.23   	 432.35		
 42.16(D)	   0.00		 19.96   	 432.35		
 42.16   	  40.69		 21.69   	 422.18		
 42.32   	  86.47		 23.38   	 417.09		
 42.67   	 147.51		 25.05   	 396.74		
 43.26   	 208.54		 26.63   	 391.66		
 44.09   	 259.41		 28.20   	 381.48		
 45.13   	 289.93		 29.73   	 361.14		
 46.29   	 300.10		 31.17   	 340.79		
 47.49   	 305.19		 32.53   	 320.45		
 48.71   	 300.10		 33.81   	 300.10		
 49.91   	 284.84		 35.02   	 284.84		
 51.05   	 259.41		 36.15   	 259.41		
 52.09   	 228.89		 37.19   	 244.15		
 53.00   	 188.20		 38.17   	 223.80		
 53.75   	 147.51		 39.06   	 208.54		
 54.34   	 111.90		 39.90   	 183.11		
 54.79   	  91.56		 40.63   	 162.77		
 55.16   	  81.38		 41.28   	 152.59		
 55.48   	  81.38		 41.89   	 137.33		
 55.81   	  81.38		 42.44   	 127.16		
 56.13   	  71.21		 42.95   	 116.99		
 56.42   	  71.21		 43.42   	 101.73		
 56.70   	  86.47		 43.82   	  91.56		
 57.05   	 127.16		 44.19   	  71.21		
 57.56   	 142.42		 44.48   	  66.12		
 58.13   	 147.51		 44.74   	  55.95		
 58.72   	 152.59		 44.96   	  50.86		
 59.33   	 152.59		 45.17   	  45.78		
 59.94   	 152.59		 45.35   	  25.43		
 60.55   	 142.42		 45.45   	  20.35		
 61.12   	 147.51		 45.53   	  15.26		
 61.71   	 142.42		 45.59(S)	  -5.09		
 62.28   	 132.25		 45.57   	 -10.17		
 62.81   	 116.99		 45.53   	 -15.26		
 63.28   	 111.90		 45.47   	 -25.43		
 63.72   	  86.47		 45.37   	 -40.69		
 64.07   	  71.21		 45.21   	 -50.86		
 64.35   	  66.12		 45.00   	 -55.95		
 64.62   	  55.95		 44.78   	 -66.12		
 64.84   	  40.69		 44.52   	 -76.30		
 65.00   	  30.52		 44.21   	 -81.38		
 65.13   	  15.26		 43.89   	 -96.64		
 65.19(S)	   0.00		 43.50   	-111.90		
 65.19   	  -5.09		 43.05   	-111.90		
 65.17   	 -20.35		 42.60   	-122.07		
 65.09   	 -20.35		 42.12   	-116.99		
 65.00   	 -30.52		 41.65   	-122.07		
 64.88   	 -25.43		 41.16   	-122.07		
 64.78   	 -25.43		 40.67   	-137.33		
 64.68   	 -25.43		 40.12   	-142.42		
 64.58   	 -35.61		 39.55   	-157.68		
 64.44   	 -30.52		 38.92   	-157.68		
 64.31   	 -40.69		 38.29   	-152.59		
 64.15   	 -50.86		 37.68   	-147.51		
 63.95   	 -45.78		 37.09   	-147.51		
 63.76   	 -45.78		 36.50   	-147.51		
 63.58   	 -35.61		 35.91   	-147.51		
 63.44   	 -35.61		 35.32   	-147.51		
 63.30   	 -35.61		 34.73   	-147.51		
 63.15   	 -40.69		 34.14   	-152.59		
 62.99   	 -55.95		 33.53   	-157.68		
 62.77   	 -61.04		 32.90   	-162.77		
 62.52   	 -66.12		 32.25   	-167.85		
 62.26   	 -71.21		 31.58   	-178.03		
 61.97   	 -76.30		 30.86   	-188.20		
 61.67   	 -86.47		 30.11   	-188.20		
 61.32   	 -96.64		 29.36   	-198.37		
 60.94   	-116.99		 28.57   	-208.54		
 60.47   	-142.42		 27.73   	-213.63		
 59.90   	-152.59		 26.88   	-218.72		
 59.29   	-162.77		 26.00   	-228.89		
 58.64   	-147.51		 25.09   	-233.98		
 58.05   	-132.25		 24.15   	-244.15		
 57.52   	-127.16		 23.17   	-249.24		
 57.01   	-111.90		 22.18   	-259.41		
 56.56   	-106.82		 21.14   	-264.50		
 56.13   	-101.73		 20.08   	-274.67		
 55.73   	 -91.56		 18.98   	-269.58		
 55.36   	 -81.38		 17.90   	-269.58		
 55.04   	 -76.30		 16.83   	-269.58		
 54.73   	 -71.21		 15.75   	-274.67		
 54.45   	 -66.12		 14.65   	-274.67		
 54.18   	 -66.12		 13.55   	-274.67		
 53.92   	 -55.95		 12.45   	-259.41		
 53.69   	 -50.86		 11.41   	-254.32		
 53.49   	 -55.95		 10.40   	-233.98		
 53.27   	 -61.04		  9.46   	-218.72		
 53.02   	 -66.12		  8.59   	-208.54		
 52.76   	 -61.04		  7.75   	-188.20		
 52.51   	 -66.12		  7.00   	-183.11		
 52.25   	 -55.95		  6.27   	-162.77		
 52.02   	 -45.78		  5.62   	-147.51		
 51.84   	 -35.61		  5.03   	-127.16		
 51.70   	 -40.69		  4.52   	-101.73		
 51.54   	 -50.86		  4.11   	 -81.38		
 51.33   	 -50.86		  3.78   	 -71.21		
 51.13   	 -55.95		  3.50   	 -55.95		
 50.91   	 -55.95		  3.28   	 -55.95		
 50.68   	 -50.86		  3.05   	 -45.78		
 50.48   	 -45.78		  2.87   	 -40.69		
 50.29   	 -50.86		  2.71   	 -40.69		
 50.09   	 -50.86		  2.54   	 -30.52		
 49.89   	 -55.95		  2.42   	 -15.26		
 49.66   	 -55.95		  2.36   	  -5.09		
 49.44   	 -50.86		  2.34(D)	   5.09		
 49.24   	 -55.95		  2.36   	  20.35		
 49.01   	 -50.86		  2.44   	  20.35		
 48.81   	 -50.86		  2.52   	  25.43		
 48.61   	 -45.78		  2.62   	  20.35		
 48.42   	 -45.78		  2.71   	   5.09		
 48.24   	 -45.78		  2.73   	  -5.09		
 48.06   	 -45.78		  2.71   	 -10.17		
 47.87   	 -45.78		  2.67   	 -10.17		
 47.69   	 -40.69		  2.62   	   0.00		
 47.53   	 -40.69		  2.62   	  20.35		
 47.37   	 -35.61		  2.71   	  30.52		
 47.22   	 -40.69		  2.83   	  45.78		
 47.06   	 -40.69		  3.01   	  55.95		
 46.90   	 -40.69		  3.23   	  61.04		
 46.73   	 -35.61		  3.48   	  66.12		
 46.59   	 -40.69		  3.74   	  81.38		
 46.43   	 -40.69		  4.07   	  76.30		
 46.27   	 -45.78		  4.37   	  76.30		
 46.08   	 -45.78		  4.68   	  76.30		
 45.90   	 -40.69		  4.98   	  76.30		
 45.74   	 -40.69		  5.29   	  76.30		
 45.57   	 -35.61		  5.60   	  76.30		
 45.43   	 -40.69		  5.90   	  76.30		
 45.27   	 -45.78		  6.21   	  81.38		
 45.09   	 -45.78		  6.53   	  91.56		
 44.90   	 -55.95		  6.90   	  91.56		
 44.68   	 -50.86		  7.26   	 106.82		
 44.48   	 -50.86		  7.69   	 127.16		
 44.27   	 -45.78		  8.20   	 157.68		
 44.09   	 -35.61		  8.83   	 193.29		
 43.95   	 -35.61		  9.60   	 213.63		
 43.80   	 -35.61		 10.46   	 244.15		
 43.66   	 -40.69		 11.43   	 259.41		
 43.50   	 -45.78		 12.47   	 279.75		
 43.32   	 -45.78		 13.59   	 305.19		
 43.13   	 -40.69		 14.81   	 340.79		
 42.97   	 -35.61		 16.17   	 437.43		
 42.83   	 -20.35		 17.92   	 452.69		
 42.75(D)	   0.00		 19.74   	 452.69		
 42.75   	  25.43		 21.55   	 442.52		
 42.85   	  66.12		 23.32   	 432.35		
 43.11   	 122.07		 25.05   	 417.09		
 43.60   	 193.29		 26.71   	 401.83		
 44.37   	 249.24		 28.32   	 391.66		
 45.37   	 289.93		 29.89   	 381.48		
 46.53   	 315.36		 31.41   	 366.22		
 47.79   	 310.27		 32.88   	 350.97		
 49.03   	 310.27		 34.28   	 325.53		
 50.27   	 289.93		 35.58   	 300.10		
 51.43   	 259.41		 36.79   	 284.84		
 52.47   	 239.06		 37.92   	 259.41		
 53.43   	 198.37		 38.96   	 244.15		
 54.22   	 162.77		 39.94   	 223.80		
 54.87   	 127.16		 40.83   	 203.46		
 55.38   	 106.82		 41.65   	 193.29		
 55.81   	  86.47		 42.42   	 178.03		
 56.15   	  76.30		 43.13   	 157.68		
 56.46   	  71.21		 43.76   	 137.33		
 56.74   	  66.12		 44.31   	 132.25		
 57.01   	  76.30		 44.84   	 116.99		
 57.31   	  81.38		 45.31   	 101.73		
 57.64   	 122.07		 45.72   	 106.82		
 58.13   	 142.42		 46.14   	  91.56		
 58.70   	 157.68		 46.51   	  86.47		
 59.33   	 167.85		 46.86   	  76.30		
 60.00   	 167.85		 47.16   	  71.21		
 60.67   	 162.77		 47.45   	  61.04		
 61.32   	 157.68		 47.69   	  55.95		
 61.95   	 142.42		 47.91   	  55.95		
 62.52   	 137.33		 48.14   	  45.78		
 63.07   	 132.25		 48.32   	  45.78		
 63.60   	 127.16		 48.50   	  40.69		
 64.11   	 127.16		 48.67   	  30.52		
 64.62   	 111.90		 48.79   	  25.43		
 65.07   	  86.47		 48.89   	  10.17		
 65.41   	  71.21		 48.93   	   5.09		
 65.70   	  55.95		 48.95(S)	   0.00		
 65.92   	  35.61		 48.95   	  -5.09		
 66.06   	  25.43		 48.93   	 -15.26		
 66.16   	  20.35		 48.87   	 -30.52		
 66.25   	  10.17		 48.75   	 -40.69		
 66.29(S)	   0.00		 48.59   	 -55.95		
 66.29   	   0.00		 48.36   	 -71.21		
 66.29   	 -10.17		 48.08   	 -91.56		
 66.25   	 -20.35		 47.71   	-106.82		
 66.16   	 -25.43		 47.28   	-122.07		
 66.06   	 -25.43		 46.80   	-137.33		
 65.96   	 -35.61		 46.25   	-147.51		
 65.82   	 -35.61		 45.66   	-162.77		
 65.68   	 -30.52		 45.00   	-178.03		
 65.55   	 -35.61		 44.29   	-178.03		
 65.41   	 -40.69		 43.58   	-188.20		
 65.25   	 -30.52		 42.83   	-178.03		
 65.13   	 -35.61		 42.12   	-183.11		
 64.98   	 -45.78		 41.38   	-183.11		
 64.80   	 -45.78		 40.65   	-193.29		
 64.62   	 -50.86		 39.88   	-203.46		
 64.41   	 -55.95		 39.06   	-218.72		
 64.19   	 -50.86		 38.19   	-233.98		
 63.99   	 -50.86		 37.25   	-233.98		
 63.78   	 -61.04		 36.32   	-223.80		
 63.54   	 -61.04		 35.42   	-218.72		
 63.30   	 -76.30		 34.55   	-228.89		
 62.99   	 -96.64		 33.63   	-233.98		
 62.60   	-106.82		 32.70   	-239.06		
 62.18   	-122.07		 31.74   	-254.32		
 61.69   	-132.25		 30.72   	-259.41		
 61.16   	-137.33		 29.68   	-264.50		
 60.61   	-147.51		 28.63   	-269.58		
 60.02   	-152.59		 27.55   	-264.50		
 59.41   	-147.51		 26.49   	-274.67		
 58.82   	-137.33		 25.39   	-269.58		
 58.27   	-122.07		 24.31   	-274.67		
 57.78   	-111.90		 23.21   	-274.67		
 57.33   	 -96.64		 22.12   	-279.75		
 56.95   	 -91.56		 21.00   	-279.75		
 56.58   	 -81.38		 19.88   	-284.84		
 56.26   	 -81.38		 18.74   	-279.75		
 55.93   	 -71.21		 17.62   	-274.67		
 55.65   	 -66.12		 16.52   	-274.67		
 55.38   	 -66.12		 15.42   	-264.50		
 55.12   	 -61.04		 14.36   	-254.32		
 54.87   	 -61.04		 13.35   	-244.15		
 54.63   	 -55.95		 12.37   	-228.89		
 54.40   	 -61.04		 11.45   	-213.63		
 54.16   	 -61.04		 10.60   	-193.29		
 53.92   	 -61.04		  9.83   	-172.94		
 53.67   	 -61.04		  9.14   	-152.59		
 53.43   	 -61.04		  8.52   	-147.51		
 53.18   	 -55.95		  7.93   	-132.25		
 52.96   	 -45.78		  7.41   	-127.16		
 52.78   	 -40.69		  6.90   	-116.99		
 52.61   	 -50.86		  6.43   	-101.73		
 52.41   	 -50.86		  6.02   	 -86.47		
 52.21   	 -50.86		  5.68   	 -71.21		
 52.00   	 -45.78		  5.39   	 -55.95		
 51.82   	 -50.86		  5.17   	 -40.69		
 51.62   	 -50.86		  5.01   	 -25.43		
 51.41   	 -55.95		  4.90   	 -25.43		
 51.19   	 -55.95		  4.80   	 -25.43		
 50.97   	 -55.95		  4.70   	 -20.35		
 50.74   	 -61.04		  4.62   	 -20.35		
 50.50   	 -55.95		  4.54   	 -20.35		
 50.27   	 -50.86		  4.46   	 -15.26		
 50.07   	 -45.78		  4.39   	 -10.17		
 49.89   	 -50.86		  4.35   	  -5.09		
 49.68   	 -50.86		  4.33   	   5.09		
 49.48   	 -50.86		  4.35   	   0.00		
 49.28   	 -61.04		  4.35   	  -5.09		
 49.03   	 -61.04		  4.33   	 -15.26		
 48.79   	 -55.95		  4.27   	 -25.43		
 48.57   	 -45.78		  4.17   	 -25.43		
 48.38   	 -35.61		  4.07   	 -25.43		
 48.24   	 -40.69		  3.97   	 -20.35		
 48.08   	 -40.69		  3.89   	 -15.26		
 47.91   	 -40.69		  3.83   	  -5.09		
 47.75   	 -45.78		  3.80(E)	  20.35		
 47.57   	 -40.69		  3.89   	  20.35		
 47.41   	 -35.61		  3.97   	  35.61		
 47.26   	 -45.78		  4.11   	  30.52		
 47.08   	 -40.69		  4.23   	  40.69		
 46.92   	 -40.69		  4.39   	  45.78		
 46.75   	 -40.69		  4.58   	  50.86		
 46.59   	 -40.69		  4.78   	  55.95		
 46.43   	 -45.78		  5.01   	  61.04		
 46.25   	 -45.78		  5.25   	  61.04		
 46.06   	 -45.78		  5.49   	  76.30		
 45.88   	 -50.86		  5.80   	  71.21		
 45.68   	 -50.86		  6.08   	  86.47		
 45.47   	 -50.86		  6.43   	  91.56		
 45.27   	 -45.78		  6.80   	  96.64		
 45.09   	 -50.86		  7.18   	 101.73		
 44.88   	 -45.78		  7.59   	 116.99		
 44.70   	 -45.78		  8.06   	 132.25		
 44.52   	 -40.69		  8.59   	 167.85		
 44.35   	 -40.69		  9.26   	 198.37		
 44.19   	 -35.61		 10.05   	 223.80		
 44.05   	 -40.69		 10.95   	 254.32		
 43.89   	 -50.86		 11.96   	 289.93		
 43.68   	 -45.78		 13.12   	 320.45		
 43.50   	 -45.78		 14.40   	 356.05		
 43.32   	 -25.43		 15.83   	 442.52		
 43.21   	 -10.17		 17.60   	 452.69		
 43.17(D)	  20.35		 19.41   	 447.61		
 43.26   	  66.12		 21.20   	 437.43		
 43.52   	 127.16		 22.95   	 432.35		
 44.03   	 178.03		 24.68   	 427.26		
 44.74   	 239.06		 26.39   	 412.00		
 45.70   	 279.75		 28.04   	 406.92		
 46.82   	 305.19		 29.66   	 386.57		
 48.04   	 330.62		 31.21   	 376.40		
 49.36   	 325.53		 32.72   	 356.05		
 50.66   	 315.36		 34.14   	 340.79		
 51.92   	 284.84		 35.50   	 320.45		
 53.06   	 244.15		 36.79   	 295.01		
 54.04   	 208.54		 37.97   	 274.67		
 54.87   	 172.94		 39.06   	 259.41		
 55.56   	 137.33		 40.10   	 239.06		
 56.11   	 111.90		 41.06   	 228.89		
 56.56   	  86.47		 41.97   	 203.46		
 56.91   	  66.12		 42.79   	 193.29		
 57.17   	  61.04		 43.56   	 172.94		
 57.42   	  61.04		 44.25   	 157.68		
 57.66   	  71.21		 44.88   	 142.42		
 57.94   	  81.38		 45.45   	 137.33		
 58.27   	  91.56		 46.00   	 127.16		
 58.64   	 137.33		 46.51   	 127.16		
 59.19   	 157.68		 47.02   	 111.90		
 59.82   	 162.77		 47.47   	 111.90		
 60.47   	 172.94		 47.91   	 101.73		
 61.16   	 172.94		 48.32   	  91.56		
 61.85   	 172.94		 48.69   	  86.47		
 62.54   	 162.77		 49.03   	  81.38		
 63.19   	 152.59		 49.36   	  76.30		
 63.80   	 152.59		 49.66   	  71.21		
 64.41   	 137.33		 49.95   	  66.12		
 64.96   	 122.07		 50.21   	  66.12		
 65.45   	  96.64		 50.48   	  55.95		
 65.84   	  86.47		 50.70   	  45.78		
 66.18   	  66.12		 50.88   	  35.61		
 66.45   	  55.95		 51.03   	  25.43		
 66.67   	  50.86		 51.13   	   5.09		
 66.88   	  45.78		 51.15(S)	  -5.09		
 67.06   	  35.61		 51.13   	 -25.43		
 67.20   	  25.43		 51.03   	 -30.52		
 67.30   	  10.17		 50.91   	 -45.78		
 67.34(S)	  -5.09		 50.72   	 -76.30		
 67.32   	 -10.17		 50.42   	-101.73		
 67.28   	 -15.26		 50.01   	-127.16		
 67.22   	 -15.26		 49.50   	-157.68		
 67.16   	 -15.26		 48.87   	-178.03		
 67.10   	 -25.43		 48.16   	-193.29		
 67.00   	 -30.52		 47.39   	-208.54		
 66.88   	 -35.61		 46.55   	-213.63		
 66.73   	 -40.69		 45.70   	-223.80		
 66.57   	 -45.78		 44.80   	-228.89		
 66.39   	 -45.78		 43.89   	-239.06		
 66.21   	 -45.78		 42.93   	-259.41		
 66.02   	 -45.78		 41.89   	-269.58		
 65.84   	 -50.86		 40.81   	-279.75		
 65.64   	 -61.04		 39.69   	-279.75		
 65.39   	 -55.95		 38.58   	-274.67		
 65.17   	 -61.04		 37.48   	-264.50		
 64.92   	 -66.12		 36.42   	-259.41		
 64.66   	 -66.12		 35.38   	-244.15		
 64.39   	 -66.12		 34.40   	-228.89		
 64.13   	 -86.47		 33.49   	-213.63		
 63.78   	 -91.56		 32.63   	-208.54		
 63.42   	-111.90		 31.80   	-213.63		
 62.97   	-122.07		 30.95   	-218.72		
 62.48   	-127.16		 30.07   	-228.89		
 61.97   	-137.33		 29.16   	-239.06		
 61.42   	-152.59		 28.20   	-259.41		
 60.81   	-157.68		 27.16   	-269.58		
 60.18   	-147.51		 26.08   	-279.75		
 59.59   	-142.42		 24.96   	-284.84		
 59.02   	-122.07		 23.82   	-289.93		
 58.53   	-111.90		 22.67   	-284.84		
 58.09   	 -96.64		 21.53   	-289.93		
 57.70   	 -91.56		 20.37   	-284.84		
 57.33   	 -81.38		 19.23   	-289.93		
 57.01   	 -86.47		 18.07   	-295.01		
 56.66   	 -86.47		 16.89   	-295.01		
 56.32   	 -76.30		 15.71   	-284.84		
 56.01   	 -66.12		 14.57   	-274.67		
 55.75   	 -61.04		 13.47   	-259.41		
 55.50   	 -55.95		 12.43   	-244.15		
 55.28   	 -66.12		 11.45   	-223.80		
 55.02   	 -66.12		 10.56   	-208.54		
 54.75   	 -76.30		  9.73   	-188.20		
 54.45   	 -61.04		  8.97   	-172.94		
 54.20   	 -55.95		  8.28   	-147.51		
 53.98   	 -50.86		  7.69   	-142.42		
 53.77   	 -50.86		  7.12   	-127.16		
 53.57   	 -61.04		  6.61   	-122.07		
 53.33   	 -66.12		  6.12   	-111.90		
 53.06   	 -61.04		  5.68   	-101.73		
 52.82   	 -50.86		  5.27   	 -91.56		
 52.61   	 -45.78		  4.90   	 -71.21		
 52.43   	 -45.78		  4.62   	 -55.95		
 52.25   	 -45.78		  4.39   	 -45.78		
 52.06   	 -55.95		  4.21   	 -30.52		
 51.84   	 -61.04		  4.09   	 -30.52		
 51.60   	 -61.04		  3.97   	 -20.35		
 51.35   	 -55.95		  3.89   	 -25.43		
 51.13   	 -50.86		  3.78   	 -25.43		
 50.93   	 -50.86		  3.68   	 -25.43		
 50.72   	 -55.95		  3.58   	 -20.35		
 50.50   	 -55.95		  3.50   	 -20.35		
 50.27   	 -61.04		  3.42   	 -15.26		
 50.03   	 -50.86		  3.36   	  -5.09		
 49.83   	 -45.78		  3.34   	  10.17		
 49.64   	 -45.78		  3.38   	  15.26		
 49.46   	 -45.78		  3.44   	  10.17		
 49.28   	 -45.78		  3.48   	   5.09		
 49.09   	 -55.95		  3.50   	 -10.17		
 48.87   	 -50.86		  3.46   	 -20.35		
 48.67   	 -40.69		  3.38   	 -20.35		
 48.50   	 -40.69		  3.30   	 -30.52		
 48.34   	 -50.86		  3.17   	 -20.35		
 48.14   	 -50.86		  3.09   	 -15.26		
 47.93   	 -50.86		  3.03(D)	   5.09		
 47.73   	 -50.86		  3.05(E)	  25.43		
 47.53   	 -45.78		  3.15   	  40.69		
 47.34   	 -45.78		  3.32   	  40.69		
 47.16   	 -45.78		  3.48   	  50.86		
 46.98   	 -40.69		  3.68   	  55.95		
 46.82   	 -45.78		  3.91   	  50.86		
 46.63   	 -40.69		  4.11   	  50.86		
 46.47   	 -40.69		  4.31   	  50.86		
 46.31   	 -40.69		  4.52   	  55.95		
 46.14   	 -55.95		  4.74   	  55.95		
 45.92   	 -50.86		  4.96   	  66.12		
 45.72   	 -50.86		  5.23   	  76.30		
 45.51   	 -50.86		  5.53   	  81.38		
 45.31   	 -50.86		  5.86   	  91.56		
 45.11   	 -50.86		  6.23   	  96.64		
 44.90   	 -45.78		  6.61   	 101.73		
 44.72   	 -45.78		  7.02   	 122.07		
 44.54   	 -35.61		  7.51   	 142.42		
 44.39   	 -40.69		  8.08   	 183.11		
 44.23   	 -35.61		  8.81   	 218.72		
 44.09   	 -45.78		  9.68   	 244.15		
 43.91   	 -55.95		 10.66   	 264.50		
 43.68   	 -45.78		 11.72   	 300.10		
 43.50   	 -45.78		 12.92   	 330.62		
 43.32   	 -35.61		 14.24   	 361.14		
 43.17   	 -30.52		 15.69   	 457.78		
 43.05   	 -25.43		 17.52   	 457.78		
 42.95(D)	   5.09		 19.35   	 457.78		
 42.97   	  50.86		 21.18   	 452.69		
 43.17   	 101.73		 22.99   	 442.52		
 43.58   	 167.85		 24.76   	 432.35		
 44.25   	 218.72		 26.49   	 412.00		
 45.13   	 264.50		 28.14   	 396.74		
 46.18   	 284.84		 29.73   	 381.48		
 47.32   	 315.36		 31.25   	 361.14		
 48.59   	 320.45		 32.70   	 345.88		
 49.87   	 310.27		 34.08   	 325.53		
 51.11   	 279.75		 35.38   	 300.10		
 52.23   	 249.24		 36.58   	 284.84		
 53.22   	 213.63		 37.72   	 254.32		
 54.08   	 172.94		 38.74   	 228.89		
 54.77   	 132.25		 39.65   	 213.63		
 55.30   	 111.90		 40.51   	 193.29		
 55.75   	  91.56		 41.28   	 172.94		
 56.11   	  76.30		 41.97   	 157.68		
 56.42   	  55.95		 42.60   	 137.33		
 56.64   	  50.86		 43.15   	 127.16		
 56.85   	  61.04		 43.66   	 116.99		
 57.09   	  61.04		 44.13   	  96.64		
 57.33   	  81.38		 44.52   	  91.56		
 57.66   	 127.16		 44.88   	  81.38		
 58.17   	 142.42		 45.21   	  76.30		
 58.74   	 152.59		 45.51   	  66.12		
 59.35   	 147.51		 45.78   	  50.86		
 59.94   	 152.59		 45.98   	  45.78		
 60.55   	 147.51		 46.16   	  35.61		
 61.14   	 147.51		 46.31   	  30.52		
 61.73   	 142.42		 46.43   	  25.43		
 62.30   	 137.33		 46.53   	  20.35		
 62.85   	 127.16		 46.61   	  10.17		
 63.36   	 111.90		 46.65(S)	   0.00		
 63.80   	  96.64		 46.65   	 -10.17		
 64.19   	  71.21		 46.61   	 -25.43		
 64.48   	  55.95		 46.51   	 -40.69		
 64.70   	  40.69		 46.35   	 -50.86		
 64.86   	  35.61		 46.14   	 -66.12		
 65.00   	  20.35		 45.88   	 -71.21		
 65.09   	  10.17		 45.59   	 -86.47		
 65.13(S)	   0.00		 45.25   	-101.73		
 65.13   	  -5.09		 44.84   	-116.99		
 65.11   	 -15.26		 44.37   	-137.33		
 65.05   	 -15.26		 43.82   	-152.59		
 64.98   	 -30.52		 43.21   	-162.77		
 64.86   	 -25.43		 42.56   	-162.77		
 64.76   	 -35.61		 41.91   	-162.77		
 64.62   	 -35.61		 41.26   	-162.77		
 64.48   	 -35.61		 40.61   	-157.68		
 64.33   	 -30.52		 39.98   	-157.68		
 64.21   	 -35.61		 39.35   	-167.85		
 64.07   	 -40.69		 38.68   	-178.03		
 63.91   	 -35.61		 37.97   	-183.11		
 63.76   	 -40.69		 37.23   	-193.29		
 63.60   	 -50.86		 36.46   	-193.29		
 63.40   	 -55.95		 35.69   	-193.29		
 63.17   	 -55.95		 34.91   	-188.20		
 62.95   	 -55.95		 34.16   	-193.29		
 62.73   	 -61.04		 33.39   	-193.29		
 62.48   	 -61.04		 32.61   	-198.37		
 62.24   	 -71.21		 31.82   	-203.46		
 61.95   	 -76.30		 31.01   	-213.63		
 61.65   	 -86.47		 30.15   	-213.63		
 61.30   	-101.73		 29.30   	-218.72		
 60.89   	-116.99		 28.42   	-223.80		
 60.43   	-137.33		 27.53   	-223.80		
 59.88   	-147.51		 26.63   	-233.98		
 59.29   	-147.51		 25.70   	-239.06		
 58.70   	-142.42		 24.74   	-233.98		
 58.13   	-132.25		 23.80   	-233.98		
 57.60   	-116.99		 22.87   	-239.06		
 57.13   	-111.90		 21.91   	-244.15		
 56.68   	-111.90		 20.94   	-249.24		
 56.24   	-101.73		 19.94   	-254.32		
 55.83   	 -91.56		 18.92   	-264.50		
 55.46   	 -81.38		 17.86   	-259.41		
 55.14   	 -71.21		 16.83   	-264.50		
 54.85   	 -61.04		 15.77   	-264.50		
 54.61   	 -66.12		 14.71   	-254.32		
 54.34   	 -66.12		 13.69   	-244.15		
 54.08   	 -61.04		 12.72   	-244.15		
 53.83   	 -71.21		 11.74   	-239.06		
 53.55   	 -71.21		 10.78   	-228.89		
 53.27   	 -61.04		  9.87   	-213.63		
 53.02   	 -55.95		  9.01   	-203.46		
 52.80   	 -50.86		  8.20   	-188.20		
 52.59   	 -55.95		  7.45   	-167.85		
 52.37   	 -55.95		  6.78   	-152.59		
 52.15   	 -61.04		  6.16   	-147.51		
 51.90   	 -61.04		  5.57   	-127.16		
 51.66   	 -61.04		  5.07   	-122.07		
 51.41   	 -55.95		  4.58   	-106.82		
 51.19   	 -45.78		  4.15   	 -81.38		
 51.01   	 -40.69		  3.83   	 -66.12		
 50.84   	 -40.69		  3.56   	 -55.95		
 50.68   	 -45.78		  3.34   	 -40.69		
 50.50   	 -55.95		  3.17   	 -45.78		
 50.27   	 -55.95		  2.99   	 -45.78		
 50.05   	 -50.86		  2.81   	 -45.78		
 49.85   	 -45.78		  2.62   	 -40.69		
 49.66   	 -50.86		  2.46   	 -25.43		
 49.46   	 -45.78		  2.36   	 -15.26		
 49.28   	 -55.95		  2.30(D)	   0.00		
 49.05   	 -61.04		  2.30   	  10.17		
 48.81   	 -50.86		  2.34   	  25.43		
 48.61   	 -55.95		  2.44   	  25.43		
 48.38   	 -40.69		  2.54   	  25.43		
 48.22   	 -40.69		  2.64   	  15.26		
 48.06   	 -40.69		  2.71   	   0.00		
 47.89   	 -40.69		  2.71   	  -5.09		
 47.73   	 -40.69		  2.69   	 -15.26		
 47.57   	 -40.69		  2.62   	 -10.17		
 47.41   	 -50.86		  2.58   	  -5.09		
 47.20   	 -35.61		  2.56   	   5.09		
 47.06   	 -35.61		  2.58   	  25.43		
 46.92   	 -35.61		  2.69   	  30.52		
 46.77   	 -35.61		  2.81   	  50.86		
 46.63   	 -45.78		  3.01   	  45.78		
 46.45   	 -50.86		  3.19   	  45.78		
 46.25   	 -45.78		  3.38   	  55.95		
 46.06   	 -50.86		  3.60   	  61.04		
 45.86   	 -45.78		  3.85   	  71.21		
 45.68   	 -45.78		  4.13   	  71.21		
 45.49   	 -55.95		  4.42   	  81.38		
 45.27   	 -55.95		  4.74   	  76.30		
 45.05   	 -45.78		  5.05   	  76.30		
 44.86   	 -40.69		  5.35   	  71.21		
 44.70   	 -45.78		  5.64   	  76.30		
 44.52   	 -40.69		  5.94   	  86.47		
 44.35   	 -40.69		  6.29   	  86.47		
 44.19   	 -45.78		  6.63   	 106.82		
 44.01   	 -45.78		  7.06   	 127.16		
 43.82   	 -45.78		  7.57   	 137.33		
 43.64   	 -50.86		  8.12   	 157.68		
 43.44   	 -35.61		  8.75   	 193.29		
 43.30   	 -30.52		  9.52   	 213.63		
 43.17   	 -25.43		 10.38   	 233.98		
 43.07   	 -30.52		 11.31   	 264.50		
 42.95   	 -30.52		 12.37   	 279.75		
 42.83   	 -45.78		 13.49   	 310.27		
 42.64   	 -45.78		 14.73   	 330.62		
 42.46   	 -40.69		 16.05   	 427.26		
 42.30   	 -30.52		 17.76   	 442.52		
 42.18   	 -10.17		 19.53   	 442.52		
 42.14(D)	  20.35		 21.30   	 437.43		
 42.22   	  50.86		 23.05   	 427.26		
 42.42   	 111.90		 24.76   	 406.92		
 42.87   	 172.94		 26.39   	 396.74		
 43.56   	 233.98		 27.98   	 381.48		
 44.50   	 279.75		 29.50   	 366.22		
 45.62   	 300.10		 30.97   	 356.05		
 46.82   	 310.27		 32.39   	 330.62		
 48.06   	 295.01		 33.71   	 310.27		
 49.24   	 284.84		 34.95   	 289.93		
 50.38   	 274.67		 36.11   	 269.58		
 51.47   	 244.15		 37.19   	 249.24		
 52.45   	 213.63		 38.19   	 228.89		
 53.31   	 172.94		 39.10   	 213.63		
 54.00   	 127.16		 39.96   	 183.11		
 54.51   	  96.64		 40.69   	 172.94		
 54.89   	  81.38		 41.38   	 157.68		
 55.22   	  71.21		 42.01   	 142.42		
 55.50   	  71.21		 42.58   	 132.25		
 55.79   	  66.12		 43.11   	 116.99		
 56.05   	  71.21		 43.58   	 106.82		
 56.34   	  71.21		 44.01   	  91.56		
 56.62   	 106.82		 44.37   	  76.30		
 57.05   	 111.90		 44.68   	  71.21		
 57.50   	 127.16		 44.96   	  61.04		
 58.01   	 142.42		 45.21   	  55.95		
 58.58   	 142.42		 45.43   	  45.78		
 59.15   	 137.33		 45.62   	  45.78		
 59.69   	 142.42		 45.80   	  30.52		
 60.26   	 142.42		 45.92   	  20.35		
 60.83   	 132.25		 46.00   	  10.17		
 61.36   	 137.33		 46.04(S)	   0.00		
 61.91   	 132.25		 46.04   	  -5.09		
 62.44   	 116.99		 46.02   	 -10.17		
 62.91   	  96.64		 45.98   	 -20.35		
 63.30   	  71.21		 45.90   	 -30.52		
 63.58   	  55.95		 45.78   	 -45.78		
 63.80   	  50.86		 45.59   	 -50.86		
 64.01   	  35.61		 45.39   	 -61.04		
 64.15   	  25.43		 45.15   	 -76.30		
 64.25   	  10.17		 44.84   	 -86.47		
 64.29(S)	  -5.09		 44.50   	-101.73		
 64.27   	 -10.17		 44.09   	-106.82		
 64.23   	 -15.26		 43.66   	-116.99		
 64.17   	 -20.35		 43.19   	-127.16		
 64.09   	 -30.52		 42.69   	-137.33		
 63.97   	 -25.43		 42.14   	-132.25		
 63.87   	 -25.43		 41.61   	-132.25		
 63.76   	 -35.61		 41.08   	-137.33		
 63.62   	 -40.69		 40.53   	-137.33		
 63.46   	 -40.69		 39.98   	-137.33		
 63.30   	 -40.69		 39.43   	-152.59		
 63.13   	 -45.78		 38.82   	-152.59		
 62.95   	 -50.86		 38.21   	-162.77		
 62.75   	 -55.95		 37.56   	-162.77		
 62.52   	 -50.86		 36.91   	-167.85		
 62.32   	 -45.78		 36.24   	-162.77		
 62.14   	 -35.61		 35.58   	-162.77		
 61.99   	 -45.78		 34.93   	-162.77		
 61.81   	 -50.86		 34.28   	-167.85		
 61.61   	 -55.95		 33.61   	-178.03		
 61.38   	 -66.12		 32.90   	-183.11		
 61.12   	 -81.38		 32.17   	-198.37		
 60.79   	 -81.38		 31.37   	-203.46		
 60.47   	 -91.56		 30.56   	-208.54		
 60.10   	-116.99		 29.73   	-218.72		
 59.63   	-127.16		 28.85   	-218.72		
 59.12   	-132.25		 27.98   	-218.72		
 58.60   	-147.51		 27.10   	-223.80		
 58.01   	-137.33		 26.21   	-228.89		
 57.46   	-137.33		 25.29   	-239.06		
 56.91   	-127.16		 24.33   	-249.24		
 56.40   	-111.90		 23.34   	-259.41		
 55.95   	-106.82		 22.30   	-264.50		
 55.52   	 -96.64		 21.24   	-269.58		
 55.14   	 -86.47		 20.16   	-269.58		
 54.79   	 -76.30		 19.08   	-264.50		
 54.49   	 -81.38		 18.03   	-264.50		
 54.16   	 -71.21		 16.97   	-264.50		
 53.88   	 -66.12		 15.91   	-269.58		
 53.61   	 -66.12		 14.83   	-264.50		
 53.35   	 -55.95		 13.77   	-269.58		
 53.12   	 -55.95		 12.70   	-264.50		
 52.90   	 -55.95		 11.64   	-254.32		
 52.68   	 -55.95		 10.62   	-244.15		
 52.45   	 -66.12		  9.64   	-223.80		
 52.19   	 -66.12		  8.75   	-208.54		
 51.92   	 -71.21		  7.91   	-188.20		
 51.64   	 -55.95		  7.16   	-172.94		
 51.41   	 -45.78		  6.47   	-147.51		
 51.23   	 -40.69		  5.88   	-137.33		
 51.07   	 -40.69		  5.33   	-122.07		
 50.91   	 -45.78		  4.84   	-111.90		
 50.72   	 -50.86		  4.39   	-101.73		
 50.52   	 -50.86		  3.99   	 -76.30		
 50.32   	 -50.86		  3.68   	 -61.04		
 50.11   	 -40.69		  3.44   	 -45.78		
 49.95   	 -45.78		  3.26   	 -40.69		
 49.77   	 -40.69		  3.09   	 -40.69		
 49.60   	 -45.78		  2.93   	 -40.69		
 49.42   	 -55.95		  2.77   	 -45.78		
 49.20   	 -61.04		  2.58   	 -35.61		
 48.95   	 -55.95		  2.44   	 -20.35		
 48.73   	 -55.95		  2.36   	 -10.17		
 48.50   	 -50.86		  2.32(D)	  10.17		
 48.30   	 -50.86		  2.36   	  15.26		
 48.10   	 -50.86		  2.42   	  25.43		
 47.89   	 -55.95		  2.52   	  15.26		
 47.67   	 -55.95		  2.58   	   5.09		
 47.45   	 -45.78		  2.60   	 -10.17		
 47.26   	 -45.78		  2.56   	 -20.35		
 47.08   	 -35.61		  2.48   	 -20.35		
 46.94   	 -35.61		  2.40   	  -5.09		
 46.80   	 -35.61		  2.38   	   5.09		
 46.65   	 -35.61		  2.40   	  20.35		
 46.51   	 -40.69		  2.48   	  35.61		
 46.35   	 -35.61		  2.62   	  55.95		
 46.21   	 -40.69		  2.85   	  45.78		
 46.04   	 -35.61		  3.03   	  50.86		
 45.90   	 -30.52		  3.23   	  55.95		
 45.78   	 -40.69		  3.46   	  55.95		
 45.62   	 -40.69		  3.68   	  71.21		
 45.45   	 -45.78		  3.97   	  76.30		
 45.27   	 -45.78		  4.27   	  76.30		
 45.09   	 -50.86		  4.58   	  76.30		
 44.88   	 -50.86		  4.88   	  71.21		
 44.68   	 -40.69		  5.17   	  81.38		
 44.52   	 -40.69		  5.49   	  81.38		
 44.35   	 -45.78		  5.82   	  91.56		
 44.17   	 -50.86		  6.19   	 101.73		
 43.97   	 -55.95		  6.59   	 111.90		
 43.74   	 -45.78		  7.04   	 127.16		
 43.56   	 -45.78		  7.55   	 147.51		
 43.38   	 -35.61		  8.14   	 172.94		
 43.23   	 -35.61		  8.83   	 208.54		
 43.09   	 -30.52		  9.66   	 233.98		
 42.97   	 -30.52		 10.60   	 259.41		
 42.85   	 -35.61		 11.64   	 279.75		
 42.71   	 -40.69		 12.76   	 300.10		
 42.54   	 -40.69		 13.96   	 325.53		
 42.38   	 -35.61		 15.26   	 345.88		
 42.24   	 -25.43		 16.64   	 427.26		
 42.14   	 -15.26		 18.35   	 432.35		
 42.08(D)	  15.26		 20.08   	 437.43		
 42.14   	  50.86		 21.83   	 437.43		
 42.34   	 101.73		 23.58   	 422.18		
 42.75   	 157.68		 25.27   	 401.83		
 43.38   	 208.54		 26.88   	 391.66		
 44.21   	 254.32		 28.44   	 371.31		
 45.23   	 289.93		 29.93   	 350.97		
 46.39   	 305.19		 31.33   	 340.79		
 47.61   	 305.19		 32.70   	 325.53		
 48.83   	 305.19		 34.00   	 305.19		
 50.05   	 274.67		 35.22   	 284.84		
 51.15   	 249.24		 36.36   	 264.50		
 52.15   	 213.63		 37.42   	 239.06		
 53.00   	 183.11		 38.37   	 218.72		
 53.73   	 152.59		 39.25   	 198.37		
 54.34   	 122.07		 40.04   	 183.11		
 54.83   	  91.56		 40.77   	 167.85		
 55.20   	  76.30		 41.44   	 157.68		
 55.50   	  76.30		 42.08   	 137.33		
 55.81   	  66.12		 42.62   	 116.99		
 56.07   	  61.04		 43.09   	 106.82		
 56.32   	  86.47		 43.52   	  96.64		
 56.66   	  96.64		 43.91   	  86.47		
 57.05   	 127.16		 44.25   	  81.38		
 57.56   	 132.25		 44.58   	  66.12		
 58.09   	 147.51		 44.84   	  55.95		
 58.68   	 157.68		 45.07   	  50.86		
 59.31   	 162.77		 45.27   	  40.69		
 59.96   	 157.68		 45.43   	  25.43		
 60.59   	 142.42		 45.53   	  20.35		
 61.16   	 147.51		 45.62   	  10.17		
 61.75   	 132.25		 45.66   	   5.09		
 62.28   	 122.07		 45.68(S)	  -5.09		
 62.77   	 122.07		 45.66   	 -10.17		
 63.26   	 106.82		 45.62   	 -25.43		
 63.68   	 101.73		 45.51   	 -35.61		
 64.09   	  81.38		 45.37   	 -50.86		
 64.41   	  61.04		 45.17   	 -61.04		
 64.66   	  50.86		 44.92   	 -71.21		
 64.86   	  30.52		 44.64   	 -76.30		
 64.98   	  25.43		 44.33   	 -86.47		
 65.09   	  10.17		 43.99   	 -91.56		
 65.13   	   5.09		 43.62   	-106.82		
 65.15(S)	  -5.09		 43.19   	-111.90		
 65.13   	 -15.26		 42.75   	-116.99		
 65.07   	 -10.17		 42.28   	-122.07		
 65.03   	 -20.35		 41.79   	-122.07		
 64.94   	 -30.52		 41.30   	-127.16		
 64.82   	 -40.69		 40.79   	-137.33		
 64.66   	 -50.86		 40.24   	-147.51		
 64.46   	 -40.69		 39.65   	-152.59		
 64.29   	 -35.61		 39.04   	-152.59		
 64.15   	 -35.61		 38.43   	-157.68		
 64.01   	 -40.69		 37.80   	-147.51		
 63.85   	 -45.78		 37.21   	-147.51		
 63.66   	 -50.86		 36.62   	-147.51		
 63.46   	 -50.86		 36.03   	-147.51		
 63.26   	 -45.78		 35.44   	-152.59		
 63.07   	 -45.78		 34.83   	-152.59		
 62.89   	 -35.61		 34.22   	-152.59		
 62.75   	 -40.69		 33.61   	-157.68		
 62.58   	 -55.95		 32.98   	-167.85		
 62.36   	 -66.12		 32.31   	-178.03		
 62.10   	 -81.38		 31.60   	-193.29		
 61.77   	 -91.56		 30.82   	-203.46		
 61.40   	 -96.64		 30.01   	-203.46		
 61.02   	-101.73		 29.20   	-208.54		
 60.61   	-111.90		 28.36   	-208.54		
 60.16   	-132.25		 27.53   	-208.54		
 59.63   	-147.51		 26.69   	-218.72		
 59.04   	-152.59		 25.82   	-233.98		
 58.43   	-152.59		 24.88   	-249.24		
 57.82   	-132.25		 23.89   	-259.41		
 57.29   	-116.99		 22.85   	-269.58		
 56.83   	-111.90		 21.77   	-264.50		
 56.38   	-101.73		 20.71   	-264.50		
 55.97   	 -96.64		 19.65   	-264.50		
 55.58   	 -96.64		 18.60   	-274.67		
 55.20   	 -81.38		 17.50   	-274.67		
 54.87   	 -61.04		 16.40   	-274.67		
 54.63   	 -61.04		 15.30   	-274.67		
 54.38   	 -61.04		 14.20   	-279.75		
 54.14   	 -61.04		 13.08   	-269.58		
 53.90   	 -66.12		 12.00   	-259.41		
 53.63   	 -76.30		 10.97   	-249.24		
 53.33   	 -71.21		  9.97   	-233.98		
 53.04   	 -50.86		  9.03   	-213.63		
 52.84   	 -50.86		  8.18   	-203.46		
 52.63   	 -50.86		  7.37   	-183.11		
 52.43   	 -50.86		  6.63   	-162.77		
 52.23   	 -50.86		  5.98   	-147.51		
 52.02   	 -55.95		  5.39   	-137.33		
 51.80   	 -55.95		  4.84   	-116.99		
 51.58   	 -45.78		  4.37   	-106.82		
 51.39   	 -50.86		  3.95   	 -81.38		
 51.19   	 -45.78		  3.62   	 -61.04		
 51.01   	 -40.69		  3.38   	 -45.78		
 50.84   	 -45.78		  3.19   	 -45.78		
 50.66   	 -55.95		  3.01   	 -40.69		
 50.44   	 -61.04		  2.85   	 -45.78		
 50.19   	 -55.95		  2.67   	 -40.69		
 49.97   	 -61.04		  2.50   	 -30.52		
 49.73   	 -50.86		  2.38   	 -20.35		
 49.52   	 -45.78		  2.30   	 -10.17		
 49.34   	 -55.95		  2.26(D)	  10.17		
 49.11   	 -61.04		  2.30   	  15.26		
 48.87   	 -55.95		  2.36   	  25.43		
 48.65   	 -55.95		  2.46   	  20.35		
 48.42   	 -55.95		  2.54   	  15.26		
 48.20   	 -40.69		  2.60   	   5.09		
 48.04   	 -35.61		  2.62   	 -15.26		
 47.89   	 -40.69		  2.56   	 -15.26		
 47.73   	 -35.61		  2.50   	 -10.17		
 47.59   	 -40.69		  2.46   	   0.00		
 47.43   	 -45.78		  2.46   	  10.17		
 47.24   	 -40.69		  2.50   	  30.52		
 47.08   	 -35.61		  2.62   	  50.86		
 46.94   	 -35.61		  2.83   	  55.95		
 46.80   	 -30.52		  3.05   	  61.04		
 46.67   	 -35.61		  3.30   	  61.04		
 46.53   	 -35.61		  3.54   	  61.04		
 46.39   	 -45.78		  3.78   	  66.12		
 46.21   	 -45.78		  4.05   	  61.04		
 46.02   	 -50.86		  4.29   	  71.21		
 45.82   	 -50.86		  4.58   	  76.30		
 45.62   	 -50.86		  4.88   	  76.30		
 45.41   	 -45.78		  5.19   	  81.38		
 45.23   	 -50.86		  5.51   	  81.38		
 45.03   	 -50.86		  5.84   	  91.56		
 44.82   	 -45.78		  6.21   	  96.64		
 44.64   	 -50.86		  6.59   	 111.90		
 44.44   	 -40.69		  7.04   	 127.16		
 44.27   	 -40.69		  7.55   	 152.59		
 44.11   	 -40.69		  8.16   	 178.03		
 43.95   	 -40.69		  8.87   	 208.54		
 43.78   	 -45.78		  9.70   	 228.89		
 43.60   	 -50.86		 10.62   	 249.24		
 43.40   	 -40.69		 11.62   	 274.67		
 43.23   	 -25.43		 12.72   	 295.01		
 43.13   	 -25.43		 13.90   	 320.45		
 43.03   	 -30.52		 15.18   	 340.79		
 42.91   	 -40.69		 16.54   	 422.18		
 42.75   	 -25.43		 18.23   	 427.26		
 42.64(D)	   5.09		 19.94   	 432.35		
 42.67   	  45.78		 21.67   	 427.26		
 42.85   	  96.64		 23.38   	 417.09		
 43.23   	 152.59		 25.05   	 396.74		
 43.85   	 208.54		 26.63   	 386.57		
 44.68   	 254.32		 28.18   	 371.31		
 45.70   	 284.84		 29.66   	 356.05		
 46.84   	 305.19		 31.09   	 335.71		
 48.06   	 305.19		 32.43   	 325.53		
 49.28   	 300.10		 33.73   	 305.19		
 50.48   	 279.75		 34.95   	 279.75		
 51.60   	 249.24		 36.07   	 264.50		
 52.59   	 218.72		 37.13   	 244.15		
 53.47   	 193.29		 38.11   	 223.80		
 54.24   	 157.68		 39.00   	 203.46		
 54.87   	 127.16		 39.82   	 183.11		
 55.38   	  91.56		 40.55   	 172.94		
 55.75   	  76.30		 41.24   	 152.59		
 56.05   	  71.21		 41.85   	 137.33		
 56.34   	  76.30		 42.40   	 127.16		
 56.64   	  81.38		 42.91   	 111.90		
 56.97   	  91.56		 43.36   	 101.73		
 57.33   	  96.64		 43.76   	  91.56		
 57.72   	 127.16		 44.13   	  81.38		
 58.23   	 142.42		 44.46   	  71.21		
 58.80   	 152.59		 44.74   	  61.04		
 59.41   	 152.59		 44.98   	  50.86		
 60.02   	 157.68		 45.19   	  45.78		
 60.65   	 152.59		 45.37   	  25.43		
 61.26   	 142.42		 45.47   	  20.35		
 61.83   	 147.51		 45.55   	  10.17		
 62.42   	 137.33		 45.59(S)	   0.00		
 62.97   	 127.16		 45.59   	 -10.17		
 63.48   	 116.99		 45.55   	 -10.17		
 63.95   	 106.82		 45.51   	 -25.43		
 64.37   	  91.56		 45.41   	 -35.61		
 64.74   	  66.12		 45.27   	 -45.78		
 65.00   	  66.12		 45.09   	 -66.12		
 65.27   	  50.86		 44.82   	 -71.21		
 65.47   	  35.61		 44.54   	 -81.38		
 65.62   	  25.43		 44.21   	 -91.56		
 65.72   	  15.26		 43.85   	 -96.64		
 65.78   	   5.09		 43.46   	-101.73		
 65.80(S)	 -10.17		 43.05   	-111.90		
 65.76   	 -10.17		 42.60   	-116.99		
 65.72   	 -10.17		 42.14   	-116.99		
 65.68   	 -25.43		 41.67   	-127.16		
 65.57   	 -30.52		 41.16   	-132.25		
 65.45   	 -30.52		 40.63   	-137.33		
 65.33   	 -30.52		 40.08   	-142.42		
 65.21   	 -30.52		 39.51   	-142.42		
 65.09   	 -30.52		 38.94   	-147.51		
 64.96   	 -35.61		 38.35   	-147.51		
 64.82   	 -40.69		 37.76   	-142.42		
 64.66   	 -40.69		 37.19   	-147.51		
 64.50   	 -35.61		 36.60   	-147.51		
 64.35   	 -35.61		 36.01   	-142.42		
 64.21   	 -40.69		 35.44   	-142.42		
 64.05   	 -40.69		 34.87   	-142.42		
 63.89   	 -45.78		 34.30   	-142.42		
 63.70   	 -55.95		 33.73   	-157.68		
 63.48   	 -66.12		 33.10   	-162.77		
 63.21   	 -66.12		 32.45   	-178.03		
 62.95   	 -71.21		 31.74   	-188.20		
 62.67   	 -81.38		 30.99   	-198.37		
 62.34   	 -86.47		 30.19   	-193.29		
 61.99   	-101.73		 29.42   	-193.29		
 61.59   	-122.07		 28.65   	-198.37		
 61.10   	-147.51		 27.85   	-208.54		
 60.51   	-152.59		 27.02   	-218.72		
 59.90   	-157.68		 26.14   	-239.06		
 59.27   	-142.42		 25.19   	-244.15		
 58.70   	-127.16		 24.21   	-254.32		
 58.19   	-116.99		 23.19   	-259.41		
 57.72   	-116.99		 22.16   	-254.32		
 57.25   	-111.90		 21.14   	-264.50		
 56.81   	-101.73		 20.08   	-264.50		
 56.40   	 -91.56		 19.02   	-264.50		
 56.03   	 -71.21		 17.97   	-269.58		
 55.75   	 -55.95		 16.89   	-274.67		
 55.52   	 -55.95		 15.79   	-274.67		
 55.30   	 -55.95		 14.69   	-264.50		
 55.08   	 -66.12		 13.63   	-259.41		
 54.81   	 -71.21		 12.59   	-254.32		
 54.53   	 -66.12		 11.58   	-233.98		
 54.26   	 -61.04		 10.64   	-218.72		
 54.02   	 -50.86		  9.77   	-203.46		
 53.81   	 -45.78		  8.95   	-188.20		
 53.63   	 -50.86		  8.20   	-178.03		
 53.43   	 -61.04		  7.49   	-167.85		
 53.18   	 -66.12		  6.82   	-152.59		
 52.92   	 -61.04		  6.21   	-137.33		
 52.68   	 -55.95		  5.66   	-116.99		
 52.45   	 -45.78		  5.19   	-101.73		
 52.27   	 -45.78		  4.78   	 -76.30		
 52.09   	 -35.61		  4.48   	 -55.95		
 51.94   	 -50.86		  4.25   	 -50.86		
 51.74   	 -61.04		  4.05   	 -45.78		
 51.50   	 -61.04		  3.87   	 -50.86		
 51.25   	 -55.95		  3.66   	 -40.69		
 51.03   	 -45.78		  3.50   	 -35.61		
 50.84   	 -45.78		  3.36   	 -25.43		
 50.66   	 -45.78		  3.26   	 -20.35		
 50.48   	 -55.95		  3.17   	  -5.09		
 50.25   	 -55.95		  3.15(D)	  10.17		
 50.03   	 -61.04		  3.19   	  15.26		
 49.79   	 -66.12		  3.26   	  15.26		
 49.52   	 -61.04		  3.32   	  20.35		
 49.28   	 -55.95		  3.40   	  20.35		
 49.05   	 -40.69		  3.48   	  10.17		
 48.89   	 -40.69		  3.52   	   0.00		
 48.73   	 -40.69		  3.52   	  -5.09		
 48.57   	 -40.69		  3.50   	 -15.26		
 48.40   	 -45.78		  3.44   	 -15.26		
 48.22   	 -50.86		  3.38   	   0.00		
 48.02   	 -50.86		  3.38(E)	  15.26		
 47.81   	 -35.61		  3.44   	  45.78		
 47.67   	 -35.61		  3.62   	  50.86		
 47.53   	 -25.43		  3.83   	  61.04		
 47.43   	 -35.61		  4.07   	  61.04		
 47.28   	 -35.61		  4.31   	  61.04		
 47.14   	 -45.78		  4.56   	  61.04		
 46.96   	 -50.86		  4.80   	  61.04		
 46.75   	 -50.86		  5.05   	  66.12		
 46.55   	 -45.78		  5.31   	  66.12		
 46.37   	 -45.78		  5.57   	  71.21		
 46.18   	 -40.69		  5.86   	  76.30		
 46.02   	 -45.78		  6.16   	  86.47		
 45.84   	 -40.69		  6.51   	  91.56		
 45.68   	 -45.78		  6.88   	  91.56		
 45.49   	 -55.95		  7.24   	  91.56		
 45.27   	 -66.12		  7.61   	 101.73		
 45.00   	 -55.95		  8.02   	 116.99		
 44.78   	 -40.69		  8.48   	 137.33		
 44.62   	 -30.52		  9.03   	 178.03		
 44.50   	 -35.61		  9.75   	 208.54		
 44.35   	 -35.61		 10.58   	 244.15		
 44.21   	 -45.78		 11.56   	 269.58		
 44.03   	 -55.95		 12.63   	 305.19		
 43.80   	 -50.86		 13.86   	 330.62		
 43.60   	 -45.78		 15.18   	 366.22		
 43.42   	 -25.43		 16.64   	 452.69		
 43.32   	  -5.09		 18.45   	 462.87		
 43.30(D)	  20.35		 20.31   	 452.69		
 43.38   	  50.86		 22.12   	 447.61		
 43.58   	 111.90		 23.91   	 432.35		
 44.03   	 167.85		 25.64   	 427.26		
 44.70   	 228.89		 27.34   	 417.09		
 45.62   	 279.75		 29.01   	 406.92		
 46.73   	 310.27		 30.64   	 391.66		
 47.98   	 320.45		 32.21   	 376.40		
 49.26   	 330.62		 33.71   	 356.05		
 50.58   	 310.27		 35.14   	 335.71		
 51.82   	 284.84		 36.48   	 310.27		
 52.96   	 249.24		 37.72   	 284.84		
 53.96   	 213.63		 38.86   	 259.41		
 54.81   	 172.94		 39.90   	 244.15		
 55.50   	 137.33		 40.87   	 223.80		
 56.05   	 111.90		 41.77   	 203.46		
 56.50   	  86.47		 42.58   	 193.29		
 56.85   	  71.21		 43.36   	 172.94		
 57.13   	  71.21		 44.05   	 152.59		
 57.42   	  66.12		 44.66   	 142.42		
 57.68   	  81.38		 45.23   	 127.16		
 58.01   	  91.56		 45.74   	 116.99		
 58.37   	 101.73		 46.21   	 101.73		
 58.78   	 127.16		 46.61   	 101.73		
 59.29   	 147.51		 47.02   	  91.56		
 59.88   	 152.59		 47.39   	  86.47		
 60.49   	 167.85		 47.73   	  76.30		
 61.16   	 167.85		 48.04   	  76.30		
 61.83   	 167.85		 48.34   	  66.12		
 62.50   	 152.59		 48.61   	  61.04		
 63.11   	 152.59		 48.85   	  61.04		
 63.72   	 132.25		 49.09   	  50.86		
 64.25   	 122.07		 49.30   	  45.78		
 64.74   	 132.25		 49.48   	  45.78		
 65.27   	 127.16		 49.66   	  35.61		
 65.78   	 106.82		 49.81   	  40.69		
 66.21   	  86.47		 49.97   	  35.61		
 66.55   	  66.12		 50.11   	  25.43		
 66.82   	  40.69		 50.21   	  15.26		
 66.98   	  35.61		 50.27(S)	   0.00		
 67.12   	  30.52		 50.27   	 -10.17		
 67.24   	  25.43		 50.23   	 -25.43		
 67.34   	  10.17		 50.13   	 -40.69		
 67.39   	   5.09		 49.97   	 -55.95		
 67.41(S)	 -15.26		 49.75   	 -76.30		
 67.34   	 -30.52		 49.44   	 -96.64		
 67.22   	 -30.52		 49.05   	-116.99		
 67.10   	 -35.61		 48.59   	-132.25		
 66.96   	 -35.61		 48.06   	-152.59		
 66.82   	 -25.43		 47.45   	-167.85		
 66.71   	 -25.43		 46.77   	-183.11		
 66.61   	 -30.52		 46.04   	-198.37		
 66.49   	 -40.69		 45.25   	-203.46		
 66.33   	 -40.69		 44.44   	-213.63		
 66.16   	 -45.78		 43.58   	-208.54		
 65.98   	 -40.69		 42.75   	-208.54		
 65.82   	 -45.78		 41.91   	-213.63		
 65.64   	 -40.69		 41.06   	-218.72		
 65.47   	 -40.69		 40.18   	-233.98		
 65.31   	 -50.86		 39.25   	-249.24		
 65.11   	 -50.86		 38.25   	-259.41		
 64.90   	 -61.04		 37.21   	-259.41		
 64.66   	 -66.12		 36.17   	-244.15		
 64.39   	 -71.21		 35.20   	-239.06		
 64.11   	 -86.47		 34.24   	-239.06		
 63.76   	-101.73		 33.29   	-244.15		
 63.36   	-122.07		 32.31   	-254.32		
 62.87   	-127.16		 31.29   	-259.41		
 62.36   	-142.42		 30.25   	-269.58		
 61.79   	-152.59		 29.18   	-279.75		
 61.18   	-157.68		 28.06   	-279.75		
 60.55   	-152.59		 26.94   	-284.84		
 59.94   	-142.42		 25.80   	-279.75		
 59.37   	-137.33		 24.68   	-279.75		
 58.82   	-116.99		 23.56   	-274.67		
 58.35   	 -96.64		 22.46   	-279.75		
 57.97   	 -96.64		 21.34   	-284.84		
 57.58   	 -91.56		 20.20   	-289.93		
 57.21   	 -86.47		 19.04   	-289.93		
 56.87   	 -76.30		 17.88   	-284.84		
 56.56   	 -71.21		 16.74   	-279.75		
 56.28   	 -61.04		 15.63   	-264.50		
 56.03   	 -61.04		 14.57   	-254.32		
 55.79   	 -66.12		 13.55   	-244.15		
 55.52   	 -55.95		 12.57   	-228.89		
 55.30   	 -55.95		 11.66   	-208.54		
 55.08   	 -61.04		 10.82   	-188.20		
 54.83   	 -55.95		 10.07   	-162.77		
 54.61   	 -61.04		  9.42   	-147.51		
 54.36   	 -61.04		  8.83   	-137.33		
 54.12   	 -55.95		  8.28   	-137.33		
 53.90   	 -45.78		  7.73   	-127.16		
 53.71   	 -45.78		  7.22   	-122.07		
 53.53   	 -45.78		  6.73   	-106.82		
 53.35   	 -45.78		  6.31   	 -86.47		
 53.16   	 -55.95		  5.96   	 -71.21		
 52.94   	 -50.86		  5.68   	 -55.95		
 52.74   	 -61.04		  5.45   	 -40.69		
 52.49   	 -50.86		  5.29   	 -30.52		
 52.29   	 -50.86		  5.17   	 -30.52		
 52.09   	 -45.78		  5.05   	 -20.35		
 51.90   	 -50.86		  4.96   	 -25.43		
 51.70   	 -66.12		  4.86   	 -25.43		
 51.43   	 -71.21		  4.76   	 -30.52		
 51.15   	 -61.04		  4.64   	 -20.35		
 50.91   	 -61.04		  4.56   	 -20.35		
 50.66   	 -50.86		  4.48   	 -10.17		
 50.46   	 -45.78		  4.44   	  -5.09		
 50.27   	 -45.78		  4.42   	   0.00		
 50.09   	 -45.78		  4.42   	   0.00		
 49.91   	 -50.86		  4.42   	  -5.09		
 49.70   	 -50.86		  4.39   	 -15.26		
 49.50   	 -50.86		  4.33   	 -25.43		
 49.30   	 -55.95		  4.23   	 -35.61		
 49.07   	 -45.78		  4.09   	 -30.52		
 48.89   	 -40.69		  3.97   	 -25.43		
 48.73   	 -40.69		  3.87   	 -10.17		
 48.57   	 -35.61		  3.83(D)	   0.00		
 48.42   	 -55.95		  3.83(E)	  10.17		
 48.20   	 -45.78		  3.87   	  20.35		
 48.02   	 -40.69		  3.95   	  25.43		
 47.85   	 -40.69		  4.05   	  35.61		
 47.69   	 -35.61		  4.19   	  45.78		
 47.55   	 -35.61		  4.37   	  50.86		
 47.41   	 -45.78		  4.58   	  45.78		
 47.22   	 -61.04		  4.76   	  50.86		
 46.98   	 -55.95		  4.96   	  61.04		
 46.75   	 -45.78		  5.21   	  66.12		
 46.57   	 -40.69		  5.47   	  76.30		
 46.41   	 -40.69		  5.78   	  86.47		
 46.25   	 -45.78		  6.12   	  91.56		
 46.06   	 -50.86		  6.49   	  96.64		
 45.86   	 -45.78		  6.88   	  91.56		
 45.68   	 -50.86		  7.24   	 101.73		
 45.47   	 -45.78		  7.65   	 106.82		
 45.29   	 -50.86		  8.08   	 127.16		
 45.09   	 -40.69		  8.59   	 157.68		
 44.92   	 -40.69		  9.22   	 198.37		
 44.76   	 -40.69		 10.01   	 228.89		
 44.60   	 -50.86		 10.93   	 254.32		
 44.39   	 -50.86		 11.94   	 279.75		
 44.19   	 -45.78		 13.06   	 320.45		
 44.01   	 -50.86		 14.34   	 350.97		
 43.80   	 -25.43		 15.75   	 447.61		
 43.70   	 -20.35		 17.54   	 457.78		
 43.62(D)	  10.17		 19.37   	 447.61		
 43.66   	  61.04		 21.16   	 432.35		
 43.91   	 101.73		 22.89   	 427.26		
 44.31   	 162.77		 24.60   	 412.00		
 44.96   	 233.98		 26.25   	 406.92		
 45.90   	 284.84		 27.87   	 396.74		
 47.04   	 310.27		 29.46   	 391.66		
 48.28   	 330.62		 31.03   	 376.40		
 49.60   	 330.62		 32.53   	 356.05		
 50.93   	 310.27		 33.96   	 335.71		
 52.17   	 279.75		 35.30   	 310.27		
 53.29   	 249.24		 36.54   	 284.84		
 54.28   	 208.54		 37.68   	 274.67		
 55.12   	 178.03		 38.78   	 254.32		
 55.83   	 142.42		 39.80   	 239.06		
 56.40   	 111.90		 40.75   	 218.72		
 56.85   	  81.38		 41.63   	 208.54		
 57.17   	  66.12		 42.46   	 188.20		
 57.44   	  66.12		 43.21   	 178.03		
 57.70   	  66.12		 43.93   	 157.68		
 57.97   	  71.21		 44.56   	 142.42		
 58.25   	  76.30		 45.13   	 132.25		
 58.56   	  91.56		 45.66   	 122.07		
 58.92   	 132.25		 46.14   	 116.99		
 59.45   	 147.51		 46.61   	 106.82		
 60.04   	 167.85		 47.04   	 101.73		
 60.71   	 172.94		 47.45   	  96.64		
 61.40   	 172.94		 47.83   	  81.38		
 62.10   	 167.85		 48.16   	  71.21		
 62.77   	 162.77		 48.44   	  66.12		
 63.42   	 157.68		 48.71   	  61.04		
 64.05   	 147.51		 48.95   	  55.95		
 64.64   	 132.25		 49.18   	  45.78		
 65.17   	 116.99		 49.36   	  35.61		
 65.64   	 101.73		 49.50   	  30.52		
 66.04   	  76.30		 49.62   	  25.43		
 66.35   	  66.12		 49.73   	  15.26		
 66.61   	  45.78		 49.79(S)	   0.00		
 66.80   	  40.69		 49.79   	 -20.35		
 66.96   	  25.43		 49.70   	 -40.69		
 67.06   	  25.43		 49.54   	 -55.95		
 67.16   	  10.17		 49.32   	 -76.30		
 67.20(S)	   0.00		 49.01   	 -96.64		
 67.20   	 -10.17		 48.63   	-122.07		
 67.16   	 -15.26		 48.14   	-142.42		
 67.10   	 -30.52		 47.57   	-162.77		
 66.98   	 -25.43		 46.92   	-178.03		
 66.88   	 -15.26		 46.21   	-198.37		
 66.82   	 -20.35		 45.41   	-208.54		
 66.73   	 -20.35		 44.58   	-208.54		
 66.65   	 -35.61		 43.74   	-218.72		
 66.51   	 -35.61		 42.87   	-218.72		
 66.37   	 -35.61		 41.99   	-228.89		
 66.23   	 -30.52		 41.08   	-239.06		
 66.10   	 -40.69		 40.12   	-254.32		
 65.94   	 -50.86		 39.10   	-259.41		
 65.74   	 -50.86		 38.07   	-259.41		
 65.53   	 -55.95		 37.03   	-254.32		
 65.31   	 -55.95		 36.01   	-249.24		
 65.09   	 -61.04		 35.02   	-239.06		
 64.84   	 -61.04		 34.06   	-239.06		
 64.60   	 -61.04		 33.10   	-239.06		
 64.35   	 -71.21		 32.15   	-244.15		
 64.07   	 -86.47		 31.17   	-249.24		
 63.72   	-101.73		 30.17   	-254.32		
 63.32   	-116.99		 29.16   	-254.32		
 62.85   	-122.07		 28.14   	-249.24		
 62.36   	-137.33		 27.14   	-249.24		
 61.81   	-147.51		 26.14   	-249.24		
 61.22   	-157.68		 25.15   	-254.32		
 60.59   	-152.59		 24.13   	-264.50		
 59.98   	-142.42		 23.07   	-264.50		
 59.41   	-127.16		 22.01   	-269.58		
 58.90   	-116.99		 20.94   	-269.58		
 58.43   	-101.73		 19.86   	-264.50		
 58.03   	-101.73		 18.80   	-259.41		
 57.62   	 -91.56		 17.76   	-259.41		
 57.25   	 -86.47		 16.72   	-264.50		
 56.91   	 -81.38		 15.67   	-259.41		
 56.58   	 -71.21		 14.63   	-249.24		
 56.30   	 -66.12		 13.63   	-244.15		
 56.03   	 -66.12		 12.66   	-228.89		
 55.77   	 -66.12		 11.74   	-218.72		
 55.50   	 -71.21		 10.86   	-208.54		
 55.22   	 -66.12		 10.03   	-193.29		
 54.95   	 -71.21		  9.26   	-172.94		
 54.67   	 -55.95		  8.57   	-157.68		
 54.45   	 -55.95		  7.93   	-142.42		
 54.22   	 -61.04		  7.37   	-132.25		
 53.98   	 -55.95		  6.84   	-127.16		
 53.75   	 -61.04		  6.33   	-116.99		
 53.51   	 -61.04		  5.86   	-116.99		
 53.27   	 -55.95		  5.39   	-101.73		
 53.04   	 -45.78		  4.98   	 -86.47		
 52.86   	 -45.78		  4.64   	 -76.30		
 52.68   	 -50.86		  4.33   	 -55.95		
 52.47   	 -45.78		  4.11   	 -50.86		
 52.29   	 -50.86		  3.91   	 -40.69		
 52.09   	 -50.86		  3.74   	 -40.69		
 51.88   	 -45.78		  3.58   	 -40.69		
 51.70   	 -50.86		  3.42   	 -35.61		
 51.50   	 -50.86		  3.28   	 -40.69		
 51.29   	 -50.86		  3.11   	 -30.52		
 51.09   	 -61.04		  2.99   	 -20.35		
 50.84   	 -55.95		  2.91   	 -15.26		
 50.62   	 -61.04		  2.85   	  -5.09		
 50.38   	 -61.04		  2.83(D)	   0.00		
 50.13   	 -61.04		  2.83   	  10.17		
 49.89   	 -50.86		  2.87   	  15.26		
 49.68   	 -50.86		  2.93   	  20.35		
 49.48   	 -55.95		  3.01   	  10.17		
 49.26   	 -45.78		  3.05   	  10.17		
 49.07   	 -45.78		  3.09   	   5.09		
 48.89   	 -40.69		  3.11   	  -5.09		
 48.73   	 -45.78		  3.09   	 -15.26		
 48.55   	 -45.78		  3.03   	 -15.26		
 48.36   	 -45.78		  2.97   	 -10.17		
 48.18   	 -40.69		  2.93   	   0.00		
 48.02   	 -35.61		  2.93(E)	  15.26		
 47.87   	 -45.78		  2.99   	  35.61		
 47.69   	 -50.86		  3.13   	  40.69		
 47.49   	 -45.78		  3.30   	  40.69		
 47.30   	 -45.78		  3.46   	  50.86		
 47.12   	 -50.86		  3.66   	  50.86		
 46.92   	 -50.86		  3.87   	  61.04		
 46.71   	 -50.86		  4.11   	  66.12		
 46.51   	 -45.78		  4.37   	  71.21		
 46.33   	 -50.86		  4.66   	  66.12		
 46.12   	 -45.78		  4.92   	  71.21		
 45.94   	 -45.78		  5.21   	  66.12		
 45.76   	 -45.78		  5.47   	  76.30		
 45.57   	 -45.78		  5.78   	  81.38		
 45.39   	 -40.69		  6.10   	  91.56		
 45.23   	 -40.69		  6.47   	 106.82		
 45.07   	 -50.86		  6.90   	 116.99		
 44.86   	 -45.78		  7.37   	 132.25		
 44.68   	 -45.78		  7.89   	 157.68		
 44.50   	 -45.78		  8.52   	 183.11		
 44.31   	 -35.61		  9.26   	 208.54		
 44.17   	 -35.61		 10.09   	 239.06		
 44.03   	 -35.61		 11.05   	 274.67		
 43.89   	 -40.69		 12.15   	 300.10		
 43.72   	 -40.69		 13.35   	 330.62		
 43.56   	 -40.69		 14.67   	 356.05		
 43.40   	 -45.78		 16.09   	 447.61		
 43.21   	 -25.43		 17.88   	 452.69		
 43.11   	   0.00		 19.69   	 462.87		
 43.11   	  25.43		 21.55   	 452.69		
 43.21   	  71.21		 23.36   	 437.43		
 43.50   	 132.25		 25.11   	 422.18		
 44.03   	 193.29		 26.80   	 401.83		
 44.80   	 249.24		 28.40   	 391.66		
 45.80   	 284.84		 29.97   	 371.31		
 46.94   	 305.19		 31.45   	 350.97		
 48.16   	 305.19		 32.86   	 335.71		
 49.38   	 300.10		 34.20   	 315.36		
 50.58   	 284.84		 35.46   	 295.01		
 51.72   	 259.41		 36.64   	 274.67		
 52.76   	 228.89		 37.74   	 249.24		
 53.67   	 188.20		 38.74   	 223.80		
 54.43   	 152.59		 39.63   	 203.46		
 55.04   	 122.07		 40.45   	 183.11		
 55.52   	  96.64		 41.18   	 167.85		
 55.91   	  76.30		 41.85   	 152.59		
 56.22   	  66.12		 42.46   	 137.33		
 56.48   	  61.04		 43.01   	 122.07		
 56.72   	  61.04		 43.50   	 111.90		
 56.97   	  76.30		 43.95   	 101.73		
 57.27   	  86.47		 44.35   	  91.56		
 57.62   	 111.90		 44.72   	  81.38		
 58.07   	 122.07		 45.05   	  66.12		
 58.56   	 127.16		 45.31   	  61.04		
 59.06   	 142.42		 45.55   	  50.86		
 59.63   	 152.59		 45.76   	  50.86		
 60.24   	 152.59		 45.96   	  45.78		
 60.85   	 152.59		 46.14   	  35.61		
 61.46   	 132.25		 46.29   	  25.43		
 61.99   	 122.07		 46.39   	  20.35		
 62.48   	 122.07		 46.47   	   5.09		
 62.97   	 106.82		 46.49   	   0.00		
 63.40   	  96.64		 46.49   	 -10.17		
 63.78   	  81.38		 46.45   	 -20.35		
 64.11   	  66.12		 46.37   	 -25.43		
 64.37   	  55.95		 46.27   	 -40.69		
 64.60   	  35.61		 46.10   	 -45.78		
 64.74   	  20.35		 45.92   	 -66.12		
 64.82   	   5.09		 45.66   	 -76.30		
 64.84   	   0.00		 45.35   	 -96.64		
 64.84   	   0.00		 44.96   	-101.73		
 64.84   	 -10.17		 44.56   	-116.99		
 64.80   	 -20.35		 44.09   	-127.16		
 64.72   	 -20.35		 43.58   	-132.25		
 64.64   	 -30.52		 43.05   	-147.51		
 64.52   	 -40.69		 42.46   	-152.59		
 64.35   	 -35.61		 41.85   	-157.68		
 64.21   	 -35.61		 41.22   	-157.68		
 64.07   	 -40.69		 40.59   	-157.68		
 63.91   	 -35.61		 39.96   	-152.59		
 63.76   	 -35.61		 39.35   	-157.68		
 63.62   	 -40.69		 38.72   	-162.77		
 63.46   	 -45.78		 38.07   	-167.85		
 63.28   	 -50.86		 37.40   	-178.03		
 63.07   	 -55.95		 36.68   	-183.11		
 62.85   	 -50.86		 35.95   	-188.20		
 62.64   	 -50.86		 35.20   	-193.29		
 62.44   	 -55.95		 34.43   	-183.11		
 62.22   	 -55.95		 33.69   	-193.29		
 61.99   	 -61.04		 32.92   	-193.29		
 61.75   	 -76.30		 32.15   	-203.46		
 61.44   	 -91.56		 31.33   	-213.63		
 61.08   	-106.82		 30.48   	-223.80		
 60.65   	-127.16		 29.58   	-223.80		
 60.14   	-132.25		 28.69   	-233.98		
 59.61   	-127.16		 27.75   	-228.89		
 59.10   	-137.33		 26.84   	-228.89		
 58.56   	-132.25		 25.92   	-228.89		
 58.03   	-132.25		 25.00   	-233.98		
 57.50   	-132.25		 24.07   	-244.15		
 56.97   	-122.07		 23.09   	-254.32		
 56.48   	-101.73		 22.08   	-264.50		
 56.07   	 -91.56		 21.02   	-259.41		
 55.71   	 -81.38		 19.98   	-254.32		
 55.38   	  N/A		 18.96   	  N/A		
