WITTCASE NUMBER: HA002012
SAMPLE NUMBER:   2
TIME RESOLUTION: 4 ms/sample
mmHg RESOLUTION: 0.0203458 mmHg/unit
DATA UNITS:      mmHg, mmHg/sec

------------------------- Begin Data -------------------------
  RV     	  RV'		  RFA     	  RFA'		
 46.49   	 106.82		 65.19   	 310.27		
 46.92   	 101.73		 66.43   	 295.01		
 47.32   	 101.73		 67.61   	 269.58		
 47.73   	  91.56		 68.69   	 239.06		
 48.10   	  86.47		 69.64   	 218.72		
 48.44   	  81.38		 70.52   	 188.20		
 48.77   	  71.21		 71.27   	 162.77		
 49.05   	  71.21		 71.92   	 137.33		
 49.34   	  71.21		 72.47   	 111.90		
 49.62   	  55.95		 72.92   	  91.56		
 49.85   	  50.86		 73.29   	  71.21		
 50.05   	  50.86		 73.57   	  55.95		
 50.25   	  40.69		 73.79   	  40.69		
 50.42   	  30.52		 73.96   	  25.43		
 50.54   	  25.43		 74.06   	  20.35		
 50.64   	  20.35		 74.14   	   5.09		
 50.72   	  10.17		 74.16   	  -5.09		
 50.76   	  -5.09		 74.14   	  -5.09		
 50.74   	 -10.17		 74.12   	 -20.35		
 50.70   	 -30.52		 74.04   	 -20.35		
 50.58   	 -40.69		 73.96   	 -30.52		
 50.42   	 -66.12		 73.83   	 -35.61		
 50.15   	 -91.56		 73.69   	 -40.69		
 49.79   	-111.90		 73.53   	 -45.78		
 49.34   	-147.51		 73.35   	 -45.78		
 48.75   	-183.11		 73.16   	 -55.95		
 48.02   	-223.80		 72.94   	 -61.04		
 47.12   	-264.50		 72.70   	 -66.12		
 46.06   	-320.45		 72.43   	 -66.12		
 44.78   	-376.40		 72.17   	 -76.30		
 43.28   	-427.26		 71.86   	 -81.38		
 41.57   	-457.78		 71.54   	 -86.47		
 39.74   	-473.04		 71.19   	 -91.56		
 37.84   	-564.60		 70.82   	-106.82		
 35.58   	-559.51		 70.40   	-116.99		
 33.35   	-549.34		 69.93   	-116.99		
 31.15   	-523.90		 69.46   	-122.07		
 29.05   	-513.73		 68.97   	-127.16		
 27.00   	-483.21		 68.46   	-137.33		
 25.07   	-462.87		 67.91   	-142.42		
 23.21   	-427.26		 67.34   	-147.51		
 21.51   	-401.83		 66.75   	-157.68		
 19.90   	-376.40		 66.12   	-162.77		
 18.39   	-345.88		 65.47   	-167.85		
 17.01   	-325.53		 64.80   	-172.94		
 15.71   	-295.01		 64.11   	-172.94		
 14.53   	-274.67		 63.42   	-167.85		
 13.43   	-254.32		 62.75   	-167.85		
 12.41   	-228.89		 62.08   	-157.68		
 11.50   	-208.54		 61.44   	-147.51		
 10.66   	-188.20		 60.85   	-137.33		
  9.91   	-172.94		 60.30   	-127.16		
  9.22   	-157.68		 59.80   	-111.90		
  8.59   	-142.42		 59.35   	-106.82		
  8.02   	-127.16		 58.92   	 -91.56		
  7.51   	-116.99		 58.56   	 -81.38		
  7.04   	 -96.64		 58.23   	 -66.12		
  6.65   	 -91.56		 57.97   	 -61.04		
  6.29   	 -81.38		 57.72   	 -50.86		
  5.96   	 -76.30		 57.52   	 -40.69		
  5.66   	 -61.04		 57.35   	 -30.52		
  5.41   	 -55.95		 57.23   	 -30.52		
  5.19   	 -45.78		 57.11   	 -20.35		
  5.01   	 -40.69		 57.03   	 -20.35		
  4.84   	 -35.61		 56.95   	 -15.26		
  4.70   	 -30.52		 56.89   	 -15.26		
  4.58   	 -25.43		 56.83   	 -15.26		
  4.48   	 -20.35		 56.76   	 -15.26		
  4.39   	 -15.26		 56.70   	 -10.17		
  4.33   	  -5.09		 56.66   	 -10.17		
  4.31   	   0.00		 56.62   	 -15.26		
  4.31   	   5.09		 56.56   	 -10.17		
  4.33   	  10.17		 56.52   	 -10.17		
  4.37   	  15.26		 56.48   	 -15.26		
  4.44   	  20.35		 56.42   	 -15.26		
  4.52   	  15.26		 56.36   	 -15.26		
  4.58   	  20.35		 56.30   	 -15.26		
  4.66   	  20.35		 56.24   	 -25.43		
  4.74   	  20.35		 56.13   	 -20.35		
  4.82   	  30.52		 56.05   	 -25.43		
  4.94   	  30.52		 55.95   	 -25.43		
  5.07   	  35.61		 55.85   	 -25.43		
  5.21   	  35.61		 55.75   	 -25.43		
  5.35   	  30.52		 55.65   	 -30.52		
  5.47   	  30.52		 55.52   	 -35.61		
  5.60   	  20.35		 55.38   	 -30.52		
  5.68   	  20.35		 55.26   	 -35.61		
  5.76   	  15.26		 55.12   	 -35.61		
  5.82   	  15.26		 54.97   	 -30.52		
  5.88   	  10.17		 54.85   	 -40.69		
  5.92(E)	  15.26		 54.69   	 -35.61		
  5.98   	  20.35		 54.55   	 -35.61		
  6.06   	  15.26		 54.40   	 -35.61		
  6.12   	  10.17		 54.26   	 -35.61		
  6.16   	  15.26		 54.12   	 -30.52		
  6.23   	  15.26		 54.00   	 -35.61		
  6.29   	  15.26		 53.86   	 -30.52		
  6.35   	  15.26		 53.73   	 -30.52		
  6.41   	  20.35		 53.61   	 -30.52		
  6.49   	  25.43		 53.49   	 -30.52		
  6.59   	  35.61		 53.37   	 -30.52		
  6.73   	  40.69		 53.24   	 -30.52		
  6.90   	  45.78		 53.12   	 -25.43		
  7.08   	  55.95		 53.02   	 -25.43		
  7.30   	  76.30		 52.92   	 -30.52		
  7.61   	 101.73		 52.80   	 -25.43		
  8.02   	 132.25		 52.70   	 -25.43		
  8.55   	 147.51		 52.59   	 -30.52		
  9.14   	 167.85		 52.47   	 -30.52		
  9.81   	 172.94		 52.35   	 -25.43		
 10.50   	 188.20		 52.25   	 -30.52		
 11.25   	 203.46		 52.13   	 -30.52		
 12.07   	 213.63		 52.00   	 -35.61		
 12.92   	 239.06		 51.86   	 -30.52		
 13.88   	 335.71		 51.74   	 -35.61		
 15.22   	 356.05		 51.60   	 -35.61		
 16.64   	 376.40		 51.45   	 -35.61		
 18.15   	 401.83		 51.31   	 -35.61		
 19.76   	 422.18		 51.17   	 -40.69		
 21.44   	 427.26		 51.01   	 -35.61		
 23.15   	 437.43		 50.86   	 -40.69		
 24.90   	 437.43		 50.70   	 -35.61		
 26.65   	 432.35		 50.56   	 -40.69		
 28.38   	 412.00		 50.40   	 -40.69		
 30.03   	 391.66		 50.23   	 -35.61		
 31.60   	 366.22		 50.09   	 -40.69		
 33.06   	 335.71		 49.93   	 -40.69		
 34.40   	 300.10		 49.77   	 -40.69		
 35.61   	 264.50		 49.60   	 -35.61		
 36.66   	 233.98		 49.46   	 -40.69		
 37.60   	 198.37		 49.30   	 -35.61		
 38.39   	 178.03		 49.16   	 -30.52		
 39.10   	 147.51		 49.03   	 -35.61		
 39.69   	 122.07		 48.89   	 -25.43		
 40.18   	  96.64		 48.79   	 -30.52		
 40.57   	  81.38		 48.67   	 -20.35		
 40.90   	  61.04		 48.59   	 -15.26		
 41.14   	  55.95		 48.52   	   0.00		
 41.36   	  45.78		 48.52   	  15.26		
 41.55   	  55.95		 48.59   	  66.12		
 41.77   	  61.04		 48.85   	 101.73		
 42.01   	  61.04		 49.26   	 137.33		
 42.26   	  66.12		 49.81   	 172.94		
 42.52   	  76.30		 50.50   	 208.54		
 42.83   	  91.56		 51.33   	 249.24		
 43.19   	  91.56		 52.33   	 279.75		
 43.56   	  96.64		 53.45   	 310.27		
 43.95   	 106.82		 54.69   	 335.71		
 44.37   	 116.99		 56.03   	 350.97		
 44.84   	 122.07		 57.44   	 366.22		
 45.33   	 122.07		 58.90   	 376.40		
 45.82   	 127.16		 60.41   	 376.40		
 46.33   	 127.16		 61.91   	 366.22		
 46.84   	 127.16		 63.38   	 361.14		
 47.34   	 122.07		 64.82   	 340.79		
 47.83   	 111.90		 66.18   	 325.53		
 48.28   	 111.90		 67.49   	 300.10		
 48.73   	 106.82		 68.69   	 279.75		
 49.16   	  91.56		 69.81   	 249.24		
 49.52   	  86.47		 70.80   	 223.80		
 49.87   	  86.47		 71.70   	 203.46		
 50.21   	  76.30		 72.51   	 172.94		
 50.52   	  71.21		 73.20   	 152.59		
 50.80   	  71.21		 73.81   	 127.16		
 51.09   	  66.12		 74.32   	 101.73		
 51.35   	  55.95		 74.73   	  86.47		
 51.58   	  55.95		 75.08   	  66.12		
 51.80   	  50.86		 75.34   	  50.86		
 52.00   	  50.86		 75.54   	  40.69		
 52.21   	  35.61		 75.71   	  30.52		
 52.35   	  25.43		 75.83   	  20.35		
 52.45   	  20.35		 75.91   	   5.09		
 52.53   	  10.17		 75.93(S)	   0.00		
 52.57(S)	  -5.09		 75.93   	 -10.17		
 52.55   	 -20.35		 75.89   	 -15.26		
 52.47   	 -35.61		 75.83   	 -25.43		
 52.33   	 -50.86		 75.73   	 -35.61		
 52.13   	 -81.38		 75.58   	 -40.69		
 51.80   	-101.73		 75.42   	 -45.78		
 51.39   	-132.25		 75.24   	 -55.95		
 50.86   	-162.77		 75.01   	 -55.95		
 50.21   	-213.63		 74.79   	 -66.12		
 49.36   	-254.32		 74.53   	 -76.30		
 48.34   	-310.27		 74.22   	 -71.21		
 47.10   	-356.05		 73.94   	 -81.38		
 45.68   	-406.92		 73.61   	 -81.38		
 44.05   	-442.52		 73.29   	 -91.56		
 42.28   	-473.04		 72.92   	 -91.56		
 40.39   	-493.39		 72.55   	 -91.56		
 38.41   	-559.51		 72.19   	-116.99		
 36.17   	-559.51		 71.72   	-116.99		
 33.94   	-539.16		 71.25   	-122.07		
 31.78   	-518.82		 70.76   	-127.16		
 29.70   	-493.39		 70.25   	-127.16		
 27.73   	-473.04		 69.75   	-137.33		
 25.84   	-442.52		 69.20   	-142.42		
 24.07   	-417.09		 68.63   	-147.51		
 22.40   	-386.57		 68.04   	-157.68		
 20.85   	-356.05		 67.41   	-162.77		
 19.43   	-325.53		 66.75   	-167.85		
 18.13   	-300.10		 66.08   	-172.94		
 16.93   	-274.67		 65.39   	-167.85		
 15.83   	-249.24		 64.72   	-167.85		
 14.83   	-228.89		 64.05   	-162.77		
 13.92   	-208.54		 63.40   	-152.59		
 13.08   	-188.20		 62.79   	-147.51		
 12.33   	-167.85		 62.20   	-137.33		
 11.66   	-152.59		 61.65   	-127.16		
 11.05   	-137.33		 61.14   	-116.99		
 10.50   	-132.25		 60.67   	-101.73		
  9.97   	-127.16		 60.26   	 -91.56		
  9.46   	-127.16		 59.90   	 -81.38		
  8.95   	-122.07		 59.57   	 -71.21		
  8.46   	-116.99		 59.29   	 -61.04		
  8.00   	-116.99		 59.04   	 -50.86		
  7.53   	-106.82		 58.84   	 -40.69		
  7.10   	 -86.47		 58.68   	 -35.61		
  6.75   	 -71.21		 58.53   	 -25.43		
  6.47   	 -55.95		 58.43   	 -20.35		
  6.25   	 -40.69		 58.35   	 -20.35		
  6.08   	 -25.43		 58.27   	 -15.26		
  5.98   	 -10.17		 58.21   	 -10.17		
  5.94(D)	   0.00		 58.17   	 -10.17		
  5.94   	   0.00		 58.13   	 -10.17		
  5.94   	  10.17		 58.09   	  -5.09		
  5.98   	  15.26		 58.07   	  -5.09		
  6.04   	  20.35		 58.05   	  -5.09		
  6.12   	  15.26		 58.03   	 -10.17		
  6.19   	  15.26		 57.99   	  -5.09		
  6.25   	  10.17		 57.97   	 -15.26		
  6.29   	   5.09		 57.90   	 -10.17		
  6.31   	  10.17		 57.86   	 -15.26		
  6.35   	   0.00		 57.80   	 -20.35		
  6.35   	  10.17		 57.72   	 -20.35		
  6.39   	   5.09		 57.64   	 -20.35		
  6.41   	  10.17		 57.56   	 -25.43		
  6.45   	  10.17		 57.46   	 -25.43		
  6.49   	  20.35		 57.35   	 -30.52		
  6.57   	  15.26		 57.23   	 -30.52		
  6.63   	  25.43		 57.11   	 -35.61		
  6.73   	  25.43		 56.97   	 -30.52		
  6.84   	  30.52		 56.85   	 -35.61		
  6.96   	  25.43		 56.70   	 -40.69		
  7.06   	  20.35		 56.54   	 -35.61		
  7.14   	  15.26		 56.40   	 -40.69		
  7.20   	   5.09		 56.24   	 -45.78		
  7.22(E)	   5.09		 56.05   	 -45.78		
  7.24   	   0.00		 55.87   	 -45.78		
  7.24   	  -5.09		 55.69   	 -45.78		
  7.22   	  -5.09		 55.50   	 -45.78		
  7.20   	  -5.09		 55.32   	 -45.78		
  7.18   	   0.00		 55.14   	 -40.69		
  7.18   	   0.00		 54.97   	 -45.78		
  7.18   	   5.09		 54.79   	 -40.69		
  7.20   	  10.17		 54.63   	 -40.69		
  7.24   	  15.26		 54.47   	 -40.69		
  7.30   	  20.35		 54.30   	 -35.61		
  7.39   	  30.52		 54.16   	 -35.61		
  7.51   	  40.69		 54.02   	 -30.52		
  7.67   	  50.86		 53.90   	 -35.61		
  7.87   	  55.95		 53.75   	 -30.52		
  8.10   	  66.12		 53.63   	 -30.52		
  8.36   	  86.47		 53.51   	 -25.43		
  8.71   	 122.07		 53.41   	 -30.52		
  9.20   	 152.59		 53.29   	 -30.52		
  9.81   	 167.85		 53.16   	 -30.52		
 10.48   	 178.03		 53.04   	 -25.43		
 11.19   	 193.29		 52.94   	 -30.52		
 11.96   	 203.46		 52.82   	 -30.52		
 12.78   	 218.72		 52.70   	 -25.43		
 13.65   	 279.75		 52.59   	 -35.61		
 14.77   	 300.10		 52.45   	 -35.61		
 15.97   	 315.36		 52.31   	 -35.61		
 17.23   	 335.71		 52.17   	 -35.61		
 18.58   	 356.05		 52.02   	 -35.61		
 20.00   	 366.22		 51.88   	 -35.61		
 21.46   	 376.40		 51.74   	 -40.69		
 22.97   	 381.48		 51.58   	 -40.69		
 24.50   	 391.66		 51.41   	 -40.69		
 26.06   	 386.57		 51.25   	 -40.69		
 27.61   	 371.31		 51.09   	 -40.69		
 29.09   	 361.14		 50.93   	 -40.69		
 30.54   	 356.05		 50.76   	 -40.69		
 31.96   	 330.62		 50.60   	 -45.78		
 33.29   	 315.36		 50.42   	 -40.69		
 34.55   	 305.19		 50.25   	 -40.69		
 35.77   	 300.10		 50.09   	 -40.69		
 36.97   	 284.84		 49.93   	 -45.78		
 38.11   	 239.06		 49.75   	 -35.61		
 39.06   	 188.20		 49.60   	 -40.69		
 39.82   	 167.85		 49.44   	 -30.52		
 40.49   	 142.42		 49.32   	 -25.43		
 41.06   	 106.82		 49.22   	 -15.26		
 41.49   	  76.30		 49.16(D)	   0.00		
 41.79   	  55.95		 49.16   	  25.43		
 42.01   	  30.52		 49.26   	  86.47		
 42.14   	  15.26		 49.60   	 122.07		
 42.20   	  20.35		 50.09   	 162.77		
 42.28   	  20.35		 50.74   	 203.46		
 42.36   	  30.52		 51.56   	 244.15		
 42.48   	  40.69		 52.53   	 279.75		
 42.64   	  45.78		 53.65   	 315.36		
 42.83   	  55.95		 54.91   	 345.88		
 43.05   	  66.12		 56.30   	 371.31		
 43.32   	  71.21		 57.78   	 391.66		
 43.60   	  81.38		 59.35   	 396.74		
 43.93   	  91.56		 60.94   	 401.83		
 44.29   	  96.64		 62.54   	 401.83		
 44.68   	 106.82		 64.15   	 391.66		
 45.11   	 111.90		 65.72   	 376.40		
 45.55   	 111.90		 67.22   	 361.14		
 46.00   	 111.90		 68.67   	 340.79		
 46.45   	 111.90		 70.03   	 315.36		
 46.90   	 101.73		 71.29   	 284.84		
 47.30   	 101.73		 72.43   	 259.41		
 47.71   	 101.73		 73.47   	 233.98		
 48.12   	  96.64		 74.40   	 198.37		
 48.50   	  81.38		 75.20   	 178.03		
 48.83   	  76.30		 75.91   	 152.59		
 49.14   	  71.21		 76.52   	 127.16		
 49.42   	  66.12		 77.03   	  96.64		
 49.68   	  50.86		 77.42   	  81.38		
 49.89   	  50.86		 77.74   	  61.04		
 50.09   	  40.69		 77.99   	  45.78		
 50.25   	  30.52		 78.17   	  35.61		
 50.38   	  20.35		 78.31   	  20.35		
 50.46   	  10.17		 78.39   	  10.17		
 50.50   	   5.09		 78.43(S)	  -5.09		
 50.52(S)	 -15.26		 78.41   	 -10.17		
 50.46   	 -25.43		 78.37   	 -20.35		
 50.36   	 -50.86		 78.29   	 -25.43		
 50.15   	 -71.21		 78.19   	 -35.61		
 49.87   	-101.73		 78.05   	 -45.78		
 49.46   	-137.33		 77.86   	 -45.78		
 48.91   	-178.03		 77.68   	 -55.95		
 48.20   	-228.89		 77.46   	 -66.12		
 47.28   	-279.75		 77.19   	 -66.12		
 46.16   	-335.71		 76.93   	 -76.30		
 44.82   	-396.74		 76.62   	 -76.30		
 43.23   	-437.43		 76.32   	 -86.47		
 41.49   	-483.21		 75.97   	 -86.47		
 39.55   	-518.82		 75.63   	 -91.56		
 37.48   	-544.25		 75.26   	 -91.56		
 35.30   	-544.25		 74.89   	 -96.64		
 33.12   	-539.16		 74.51   	-101.73		
 30.97   	-574.77		 74.10   	-116.99		
 28.67   	-544.25		 73.63   	-122.07		
 26.49   	-503.56		 73.14   	-122.07		
 24.48   	-462.87		 72.65   	-122.07		
 22.62   	-427.26		 72.17   	-132.25		
 20.92   	-386.57		 71.64   	-137.33		
 19.37   	-345.88		 71.09   	-137.33		
 17.99   	-310.27		 70.54   	-147.51		
 16.74   	-279.75		 69.95   	-157.68		
 15.63   	-254.32		 69.32   	-162.77		
 14.61   	-228.89		 68.67   	-162.77		
 13.69   	-203.46		 68.02   	-167.85		
 12.88   	-193.29		 67.34   	-172.94		
 12.11   	-178.03		 66.65   	-167.85		
 11.39   	-172.94		 65.98   	-167.85		
 10.70   	-162.77		 65.31   	-162.77		
 10.05   	-152.59		 64.66   	-152.59		
  9.44   	-157.68		 64.05   	-147.51		
  8.81   	-142.42		 63.46   	-137.33		
  8.24   	-137.33		 62.91   	-127.16		
  7.69   	-132.25		 62.40   	-116.99		
  7.16   	-127.16		 61.93   	-101.73		
  6.65   	-111.90		 61.53   	 -91.56		
  6.21   	 -96.64		 61.16   	 -81.38		
  5.82   	 -86.47		 60.83   	 -76.30		
  5.47   	 -61.04		 60.53   	 -55.95		
  5.23   	 -35.61		 60.30   	 -55.95		
  5.09   	 -25.43		 60.08   	 -40.69		
  4.98(D)	   0.00		 59.92   	 -35.61		
  4.98   	  10.17		 59.78   	 -30.52		
  5.03   	  15.26		 59.65   	 -25.43		
  5.09   	  25.43		 59.55   	 -20.35		
  5.19   	  25.43		 59.47   	 -15.26		
  5.29   	  30.52		 59.41   	 -10.17		
  5.41   	  20.35		 59.37   	 -10.17		
  5.49   	  20.35		 59.33   	 -10.17		
  5.57   	  15.26		 59.29   	  -5.09		
  5.64   	  15.26		 59.27   	  -5.09		
  5.70   	  15.26		 59.25   	  -5.09		
  5.76   	   5.09		 59.23   	   0.00		
  5.78   	   0.00		 59.23   	  -5.09		
  5.78   	   5.09		 59.21   	  -5.09		
  5.80   	   0.00		 59.19   	  -5.09		
  5.80   	  -5.09		 59.17   	 -10.17		
  5.78   	  -5.09		 59.12   	 -15.26		
  5.76   	   0.00		 59.06   	 -15.26		
  5.76(E)	  10.17		 59.00   	 -20.35		
  5.80   	  10.17		 58.92   	 -25.43		
  5.84   	  10.17		 58.82   	 -25.43		
  5.88   	  15.26		 58.72   	 -30.52		
  5.94   	  15.26		 58.60   	 -40.69		
  6.00   	  10.17		 58.43   	 -35.61		
  6.04   	  10.17		 58.29   	 -45.78		
  6.08   	  10.17		 58.11   	 -40.69		
  6.12   	   5.09		 57.94   	 -55.95		
  6.14   	   5.09		 57.72   	 -55.95		
  6.16   	   0.00		 57.50   	 -55.95		
  6.16   	   5.09		 57.27   	 -50.86		
  6.19   	   0.00		 57.07   	 -55.95		
  6.19   	   0.00		 56.85   	 -55.95		
  6.19   	   5.09		 56.62   	 -55.95		
  6.21   	   5.09		 56.40   	 -50.86		
  6.23   	   5.09		 56.20   	 -45.78		
  6.25   	  10.17		 56.01   	 -50.86		
  6.29   	  15.26		 55.81   	 -45.78		
  6.35   	  20.35		 55.63   	 -45.78		
  6.43   	  25.43		 55.44   	 -40.69		
  6.53   	  30.52		 55.28   	 -40.69		
  6.65   	  35.61		 55.12   	 -40.69		
  6.80   	  55.95		 54.95   	 -35.61		
  7.02   	  66.12		 54.81   	 -40.69		
  7.28   	  91.56		 54.65   	 -30.52		
  7.65   	 122.07		 54.53   	 -35.61		
  8.14   	 147.51		 54.38   	 -30.52		
  8.73   	 162.77		 54.26   	 -35.61		
  9.38   	 172.94		 54.12   	 -30.52		
 10.07   	 178.03		 54.00   	 -35.61		
 10.78   	 178.03		 53.86   	 -30.52		
 11.50   	 203.46		 53.73   	 -30.52		
 12.31   	 274.67		 53.61   	 -35.61		
 13.41   	 310.27		 53.47   	 -35.61		
 14.65   	 335.71		 53.33   	 -35.61		
 15.99   	 350.97		 53.18   	 -40.69		
 17.40   	 371.31		 53.02   	 -35.61		
 18.88   	 391.66		 52.88   	 -35.61		
 20.45   	 396.74		 52.74   	 -40.69		
 22.03   	 406.92		 52.57   	 -40.69		
 23.66   	 401.83		 52.41   	 -40.69		
 25.27   	 401.83		 52.25   	 -45.78		
 26.88   	 381.48		 52.06   	 -40.69		
 28.40   	 371.31		 51.90   	 -45.78		
 29.89   	 345.88		 51.72   	 -40.69		
 31.27   	 320.45		 51.56   	 -45.78		
 32.55   	 295.01		 51.37   	 -45.78		
 33.73   	 269.58		 51.19   	 -45.78		
 34.81   	 239.06		 51.01   	 -40.69		
 35.77   	 213.63		 50.84   	 -45.78		
 36.62   	 188.20		 50.66   	 -40.69		
 37.38   	 157.68		 50.50   	 -40.69		
 38.01   	 132.25		 50.34   	 -40.69		
 38.53   	 106.82		 50.17   	 -30.52		
 38.96   	  81.38		 50.05   	 -30.52		
 39.29   	  61.04		 49.93   	 -15.26		
 39.53   	  50.86		 49.87   	  -5.09		
 39.74   	  35.61		 49.85(D)	  45.78		
 39.88   	  30.52		 50.03   	  71.21		
 40.00   	  30.52		 50.32   	 111.90		
 40.12   	  35.61		 50.76   	 142.42		
 40.26   	  35.61		 51.33   	 183.11		
 40.41   	  40.69		 52.06   	 223.80		
 40.57   	  50.86		 52.96   	 259.41		
 40.77   	  61.04		 54.00   	 289.93		
 41.02   	  66.12		 55.16   	 315.36		
 41.28   	  81.38		 56.42   	 340.79		
 41.61   	  81.38		 57.78   	 350.97		
 41.93   	  96.64		 59.19   	 366.22		
 42.32   	 101.73		 60.65   	 371.31		
 42.73   	 101.73		 62.14   	 366.22		
 43.13   	 106.82		 63.60   	 366.22		
 43.56   	 106.82		 65.07   	 345.88		
 43.99   	 106.82		 66.45   	 335.71		
 44.41   	 106.82		 67.79   	 310.27		
 44.84   	 101.73		 69.03   	 295.01		
 45.25   	 101.73		 70.21   	 264.50		
 45.66   	 101.73		 71.27   	 244.15		
 46.06   	  91.56		 72.25   	 213.63		
 46.43   	  81.38		 73.10   	 183.11		
 46.75   	  71.21		 73.83   	 162.77		
 47.04   	  66.12		 74.49   	 142.42		
 47.30   	  50.86		 75.06   	 106.82		
 47.51   	  40.69		 75.48   	  86.47		
 47.67   	  40.69		 75.83   	  71.21		
 47.83   	  25.43		 76.11   	  55.95		
 47.93   	  20.35		 76.34   	  35.61		
 48.02   	  15.26		 76.48   	  25.43		
 48.08   	  10.17		 76.58   	  15.26		
 48.12(S)	   0.00		 76.64(S)	   0.00		
 48.12   	 -15.26		 76.64   	 -10.17		
 48.06   	 -25.43		 76.60   	 -15.26		
 47.96   	 -45.78		 76.54   	 -25.43		
 47.77   	 -66.12		 76.44   	 -35.61		
 47.51   	 -96.64		 76.30   	 -35.61		
 47.12   	-132.25		 76.15   	 -50.86		
 46.59   	-167.85		 75.95   	 -50.86		
 45.92   	-203.46		 75.75   	 -55.95		
 45.11   	-264.50		 75.52   	 -66.12		
 44.05   	-330.62		 75.26   	 -71.21		
 42.73   	-381.48		 74.97   	 -76.30		
 41.20   	-427.26		 74.67   	 -76.30		
 39.49   	-483.21		 74.36   	 -86.47		
 37.56   	-528.99		 74.02   	 -86.47		
 35.44   	-534.08		 73.67   	 -91.56		
 33.31   	-528.99		 73.31   	 -91.56		
 31.19   	-534.08		 72.94   	 -96.64		
 29.05   	-574.77		 72.55   	-116.99		
 26.75   	-544.25		 72.09   	-122.07		
 24.58   	-503.56		 71.60   	-122.07		
 22.56   	-467.95		 71.11   	-127.16		
 20.69   	-422.18		 70.60   	-132.25		
 19.00   	-386.57		 70.07   	-142.42		
 17.46   	-350.97		 69.50   	-147.51		
 16.05   	-310.27		 68.91   	-152.59		
 14.81   	-284.84		 68.30   	-157.68		
 13.67   	-259.41		 67.67   	-162.77		
 12.63   	-233.98		 67.02   	-162.77		
 11.70   	-213.63		 66.37   	-172.94		
 10.84   	-198.37		 65.68   	-162.77		
 10.05   	-178.03		 65.03   	-162.77		
  9.34   	-167.85		 64.37   	-162.77		
  8.67   	-147.51		 63.72   	-152.59		
  8.08   	-142.42		 63.11   	-142.42		
  7.51   	-127.16		 62.54   	-137.33		
  7.00   	-116.99		 61.99   	-122.07		
  6.53   	-106.82		 61.51   	-111.90		
  6.10   	 -91.56		 61.06   	-106.82		
  5.74   	 -86.47		 60.63   	 -91.56		
  5.39   	 -71.21		 60.26   	 -81.38		
  5.11   	 -61.04		 59.94   	 -66.12		
  4.86   	 -45.78		 59.67   	 -66.12		
  4.68   	 -35.61		 59.41   	 -50.86		
  4.54   	 -20.35		 59.21   	 -45.78		
  4.46   	 -20.35		 59.02   	 -35.61		
  4.37   	  -5.09		 58.88   	 -30.52		
  4.35   	  -5.09		 58.76   	 -30.52		
  4.33   	   0.00		 58.64   	 -25.43		
  4.33   	  -5.09		 58.53   	 -20.35		
  4.31   	  -5.09		 58.45   	 -15.26		
  4.29   	   0.00		 58.39   	 -15.26		
  4.29   	  -5.09		 58.33   	 -10.17		
  4.27(D)	   0.00		 58.29   	 -10.17		
  4.27   	   5.09		 58.25   	  -5.09		
  4.29   	  10.17		 58.23   	  -5.09		
  4.33   	  10.17		 58.21   	 -10.17		
  4.37   	  10.17		 58.17   	  -5.09		
  4.42   	  10.17		 58.15   	 -10.17		
  4.46   	  15.26		 58.11   	 -10.17		
  4.52   	  15.26		 58.07   	 -10.17		
  4.58   	  15.26		 58.03   	 -15.26		
  4.64   	  15.26		 57.97   	 -20.35		
  4.70   	  20.35		 57.88   	 -25.43		
  4.78   	  20.35		 57.78   	 -20.35		
  4.86   	  15.26		 57.70   	 -30.52		
  4.92   	  30.52		 57.58   	 -25.43		
  5.05   	  30.52		 57.48   	 -35.61		
  5.17   	  25.43		 57.33   	 -30.52		
  5.27   	  25.43		 57.21   	 -35.61		
  5.37   	  25.43		 57.07   	 -40.69		
  5.47   	  20.35		 56.91   	 -40.69		
  5.55   	  20.35		 56.74   	 -45.78		
  5.64(E)	  15.26		 56.56   	 -50.86		
  5.70   	   5.09		 56.36   	 -45.78		
  5.72   	   5.09		 56.17   	 -50.86		
  5.74   	   0.00		 55.97   	 -45.78		
  5.74   	   0.00		 55.79   	 -45.78		
  5.74   	  -5.09		 55.61   	 -45.78		
  5.72   	  -5.09		 55.42   	 -45.78		
  5.70   	  -5.09		 55.24   	 -40.69		
  5.68   	   0.00		 55.08   	 -40.69		
  5.68   	  10.17		 54.91   	 -45.78		
  5.72   	  15.26		 54.73   	 -35.61		
  5.78   	  20.35		 54.59   	 -40.69		
  5.86   	  35.61		 54.43   	 -40.69		
  6.00   	  45.78		 54.26   	 -35.61		
  6.19   	  61.04		 54.12   	 -40.69		
  6.43   	  81.38		 53.96   	 -35.61		
  6.75   	 106.82		 53.81   	 -35.61		
  7.18   	 132.25		 53.67   	 -30.52		
  7.71   	 157.68		 53.55   	 -30.52		
  8.34   	 167.85		 53.43   	 -35.61		
  9.01   	 178.03		 53.29   	 -30.52		
  9.73   	 203.46		 53.16   	 -30.52		
 10.54   	 213.63		 53.04   	 -30.52		
 11.39   	 233.98		 52.92   	 -35.61		
 12.33   	 315.36		 52.78   	 -35.61		
 13.59   	 345.88		 52.63   	 -30.52		
 14.97   	 371.31		 52.51   	 -35.61		
 16.46   	 386.57		 52.37   	 -35.61		
 18.01   	 417.09		 52.23   	 -35.61		
 19.67   	 422.18		 52.09   	 -35.61		
 21.36   	 427.26		 51.94   	 -35.61		
 23.07   	 432.35		 51.80   	 -40.69		
 24.80   	 427.26		 51.64   	 -35.61		
 26.51   	 412.00		 51.50   	 -40.69		
 28.16   	 381.48		 51.33   	 -35.61		
 29.68   	 350.97		 51.19   	 -40.69		
 31.09   	 325.53		 51.03   	 -40.69		
 32.39   	 284.84		 50.86   	 -40.69		
 33.53   	 249.24		 50.70   	 -40.69		
 34.53   	 213.63		 50.54   	 -40.69		
 35.38   	 172.94		 50.38   	 -40.69		
 36.07   	 142.42		 50.21   	 -40.69		
 36.64   	 111.90		 50.05   	 -40.69		
 37.09   	  91.56		 49.89   	 -35.61		
 37.46   	  81.38		 49.75   	 -40.69		
 37.78   	  66.12		 49.58   	 -30.52		
 38.05   	  61.04		 49.46   	 -30.52		
 38.29   	  55.95		 49.34   	 -25.43		
 38.51   	  61.04		 49.24   	 -15.26		
 38.76   	  66.12		 49.18(D)	  20.35		
 39.02   	  71.21		 49.26   	  40.69		
 39.31   	  76.30		 49.42   	  71.21		
 39.61   	  81.38		 49.70   	 101.73		
 39.94   	  91.56		 50.11   	 137.33		
 40.31   	  96.64		 50.66   	 172.94		
 40.69   	 101.73		 51.35   	 203.46		
 41.10   	 106.82		 52.17   	 244.15		
 41.53   	 106.82		 53.14   	 269.58		
 41.95   	 116.99		 54.22   	 300.10		
 42.42   	 111.90		 55.42   	 320.45		
 42.87   	 122.07		 56.70   	 335.71		
 43.36   	 116.99		 58.05   	 345.88		
 43.82   	 116.99		 59.43   	 350.97		
 44.29   	 116.99		 60.83   	 345.88		
 44.76   	 116.99		 62.22   	 345.88		
 45.23   	 111.90		 63.60   	 325.53		
 45.68   	 101.73		 64.90   	 315.36		
 46.08   	  96.64		 66.16   	 300.10		
 46.47   	  96.64		 67.36   	 274.67		
 46.86   	  91.56		 68.46   	 249.24		
 47.22   	  76.30		 69.46   	 228.89		
 47.53   	  66.12		 70.38   	 198.37		
 47.79   	  61.04		 71.17   	 178.03		
 48.04   	  50.86		 71.88   	 147.51		
 48.24   	  66.12		 72.47   	 122.07		
 48.50   	  55.95		 72.96   	 101.73		
 48.73   	  50.86		 73.37   	  81.38		
 48.93   	  50.86		 73.69   	  61.04		
 49.14   	  40.69		 73.94   	  50.86		
 49.30   	  30.52		 74.14   	  30.52		
 49.42   	  25.43		 74.26   	  20.35		
 49.52   	  20.35		 74.34   	  10.17		
 49.60   	  10.17		 74.38(S)	  -5.09		
 49.64(S)	  -5.09		 74.36   	  -5.09		
 49.62   	 -20.35		 74.34   	 -20.35		
 49.54   	 -35.61		 74.26   	 -20.35		
 49.40   	 -50.86		 74.18   	 -30.52		
 49.20   	 -76.30		 74.06   	 -40.69		
 48.89   	 -96.64		 73.90   	 -40.69		
 48.50   	-127.16		 73.73   	 -45.78		
 48.00   	-167.85		 73.55   	 -50.86		
 47.32   	-203.46		 73.35   	 -55.95		
 46.51   	-244.15		 73.12   	 -61.04		
 45.53   	-305.19		 72.88   	 -71.21		
 44.31   	-356.05		 72.59   	 -71.21		
 42.89   	-401.83		 72.31   	 -81.38		
 41.28   	-442.52		 71.98   	 -81.38		
 39.51   	-467.95		 71.66   	 -86.47		
 37.64   	-467.95		 71.31   	 -91.56		
 35.77   	-564.60		 70.95   	-116.99		
 33.51   	-554.42		 70.48   	-116.99		
 31.29   	-539.16		 70.01   	-122.07		
 29.14   	-518.82		 69.52   	-127.16		
 27.06   	-488.30		 69.01   	-137.33		
 25.11   	-457.78		 68.46   	-137.33		
 23.28   	-437.43		 67.91   	-147.51		
 21.53   	-406.92		 67.32   	-152.59		
 19.90   	-371.31		 66.71   	-162.77		
 18.41   	-345.88		 66.06   	-162.77		
 17.03   	-320.45		 65.41   	-167.85		
 15.75   	-295.01		 64.74   	-167.85		
 14.57   	-269.58		 64.07   	-167.85		
 13.49   	-249.24		 63.40   	-162.77		
 12.49   	-228.89		 62.75   	-152.59		
 11.58   	-208.54		 62.14   	-147.51		
 10.74   	-188.20		 61.55   	-142.42		
  9.99   	-178.03		 60.98   	-127.16		
  9.28   	-162.77		 60.47   	-122.07		
  8.63   	-147.51		 59.98   	-106.82		
  8.04   	-137.33		 59.55   	 -91.56		
  7.49   	-122.07		 59.19   	 -81.38		
  7.00   	-106.82		 58.86   	 -71.21		
  6.57   	-101.73		 58.58   	 -66.12		
  6.16   	 -81.38		 58.31   	 -50.86		
  5.84   	 -61.04		 58.11   	 -45.78		
  5.60   	 -55.95		 57.92   	 -35.61		
  5.37   	 -45.78		 57.78   	 -35.61		
  5.19   	 -25.43		 57.64   	 -25.43		
  5.09   	 -30.52		 57.54   	 -25.43		
  4.96   	 -30.52		 57.44   	 -20.35		
  4.84   	 -30.52		 57.35   	 -20.35		
  4.72   	 -20.35		 57.27   	 -15.26		
  4.64   	 -30.52		 57.21   	 -20.35		
  4.52   	 -35.61		 57.13   	 -15.26		
  4.37   	 -30.52		 57.07   	 -20.35		
  4.25   	 -20.35		 56.99   	 -15.26		
  4.17   	 -15.26		 56.93   	 -15.26		
  4.11   	 -15.26		 56.87   	 -15.26		
  4.05   	 -15.26		 56.81   	 -15.26		
  3.99   	  -5.09		 56.74   	 -15.26		
  3.97(D)	   5.09		 56.68   	 -20.35		
  3.99   	   5.09		 56.60   	 -15.26		
  4.01   	  10.17		 56.54   	 -20.35		
  4.05   	  15.26		 56.46   	 -20.35		
  4.11   	  20.35		 56.38   	 -20.35		
  4.19   	  25.43		 56.30   	 -25.43		
  4.29   	  25.43		 56.20   	 -25.43		
  4.39   	  30.52		 56.09   	 -30.52		
  4.52   	  30.52		 55.97   	 -30.52		
  4.64   	  35.61		 55.85   	 -30.52		
  4.78   	  35.61		 55.73   	 -35.61		
  4.92   	  35.61		 55.58   	 -35.61		
  5.07   	  30.52		 55.44   	 -35.61		
  5.19   	  35.61		 55.30   	 -35.61		
  5.33   	  25.43		 55.16   	 -40.69		
  5.43   	  25.43		 54.99   	 -35.61		
  5.53   	  20.35		 54.85   	 -35.61		
  5.62   	  15.26		 54.71   	 -40.69		
  5.68(E)	  10.17		 54.55   	 -40.69		
  5.72   	  10.17		 54.38   	 -35.61		
  5.76   	  10.17		 54.24   	 -35.61		
  5.80   	  10.17		 54.10   	 -35.61		
  5.84   	   5.09		 53.96   	 -30.52		
  5.86   	   5.09		 53.83   	 -35.61		
  5.88   	   0.00		 53.69   	 -35.61		
  5.88   	   0.00		 53.55   	 -30.52		
  5.88   	   5.09		 53.43   	 -35.61		
  5.90   	  10.17		 53.29   	 -30.52		
  5.94   	  10.17		 53.16   	 -30.52		
  5.98   	  25.43		 53.04   	 -30.52		
  6.08   	  30.52		 52.92   	 -35.61		
  6.21   	  35.61		 52.78   	 -30.52		
  6.35   	  55.95		 52.65   	 -35.61		
  6.57   	  86.47		 52.51   	 -35.61		
  6.92   	 127.16		 52.37   	 -30.52		
  7.43   	 147.51		 52.25   	 -35.61		
  8.02   	 162.77		 52.11   	 -30.52		
  8.67   	 178.03		 51.98   	 -35.61		
  9.38   	 188.20		 51.84   	 -30.52		
 10.13   	 203.46		 51.72   	 -30.52		
 10.95   	 218.72		 51.60   	 -30.52		
 11.82   	 228.89		 51.47   	 -35.61		
 12.74   	 350.97		 51.33   	 -30.52		
 14.14   	 376.40		 51.21   	 -35.61		
 15.65   	 396.74		 51.07   	 -35.61		
 17.23   	 427.26		 50.93   	 -30.52		
 18.94   	 442.52		 50.80   	 -35.61		
 20.71   	 447.61		 50.66   	 -35.61		
 22.50   	 447.61		 50.52   	 -35.61		
 24.29   	 442.52		 50.38   	 -35.61		
 26.06   	 432.35		 50.23   	 -35.61		
 27.79   	 401.83		 50.09   	 -40.69		
 29.40   	 371.31		 49.93   	 -35.61		
 30.88   	 335.71		 49.79   	 -40.69		
 32.23   	 300.10		 49.62   	 -40.69		
 33.43   	 264.50		 49.46   	 -35.61		
 34.49   	 228.89		 49.32   	 -40.69		
 35.40   	 193.29		 49.16   	 -35.61		
 36.17   	 167.85		 49.01   	 -35.61		
 36.85   	 142.42		 48.87   	 -40.69		
 37.42   	 111.90		 48.71   	 -30.52		
 37.86   	  91.56		 48.59   	 -35.61		
 38.23   	  81.38		 48.44   	 -30.52		
 38.56   	  76.30		 48.32   	 -25.43		
 38.86   	  61.04		 48.22   	 -20.35		
 39.10   	  55.95		 48.14   	 -15.26		
 39.33   	  55.95		 48.08(D)	   0.00		
 39.55   	  66.12		 48.08   	  40.69		
 39.82   	  66.12		 48.24   	  71.21		
 40.08   	  71.21		 48.52   	 106.82		
 40.37   	  81.38		 48.95   	 137.33		
 40.69   	  86.47		 49.50   	 172.94		
 41.04   	  96.64		 50.19   	 208.54		
 41.42   	 106.82		 51.03   	 244.15		
 41.85   	 111.90		 52.00   	 274.67		
 42.30   	 122.07		 53.10   	 305.19		
 42.79   	 116.99		 54.32   	 325.53		
 43.26   	 122.07		 55.63   	 340.79		
 43.74   	 127.16		 56.99   	 356.05		
 44.25   	 122.07		 58.41   	 361.14		
 44.74   	 122.07		 59.86   	 356.05		
 45.23   	 116.99		 61.28   	 356.05		
 45.70   	 116.99		 62.71   	 340.79		
 46.16   	 111.90		 64.07   	 330.62		
 46.61   	 106.82		 65.39   	 310.27		
 47.04   	 101.73		 66.63   	 284.84		
 47.45   	  96.64		 67.77   	 264.50		
 47.83   	  96.64		 68.83   	 244.15		
 48.22   	  81.38		 69.81   	 213.63		
 48.55   	  81.38		 70.66   	 188.20		
 48.87   	  71.21		 71.41   	 162.77		
 49.16   	  61.04		 72.06   	 137.33		
 49.40   	  55.95		 72.61   	 106.82		
 49.62   	  45.78		 73.04   	  86.47		
 49.81   	  45.78		 73.39   	  71.21		
 49.99   	  40.69		 73.67   	  50.86		
 50.15   	  40.69		 73.88   	  40.69		
 50.32   	  25.43		 74.04   	  20.35		
 50.42   	  25.43		 74.12   	  15.26		
 50.52   	  25.43		 74.18   	   5.09		
 50.62   	  10.17		 74.20(S)	  -5.09		
 50.66   	   5.09		 74.18   	 -15.26		
 50.68(S)	 -10.17		 74.12   	 -15.26		
 50.64   	 -20.35		 74.06   	 -25.43		
 50.56   	 -45.78		 73.96   	 -30.52		
 50.38   	 -66.12		 73.83   	 -35.61		
 50.11   	 -91.56		 73.69   	 -40.69		
 49.75   	-116.99		 73.53   	 -45.78		
 49.28   	-157.68		 73.35   	 -50.86		
 48.65   	-193.29		 73.14   	 -55.95		
 47.87   	-228.89		 72.92   	 -61.04		
 46.96   	-284.84		 72.68   	 -71.21		
 45.82   	-340.79		 72.39   	 -71.21		
 44.46   	-381.48		 72.11   	 -76.30		
 42.93   	-427.26		 71.80   	 -81.38		
 41.22   	-462.87		 71.47   	 -91.56		
 39.37   	-467.95		 71.11   	 -91.56		
 37.50   	-569.68		 70.74   	-111.90		
 35.22   	-564.60		 70.29   	-122.07		
 32.96   	-544.25		 69.81   	-122.07		
 30.78   	-523.90		 69.32   	-127.16		
 28.69   	-503.56		 68.81   	-132.25		
 26.67   	-478.13		 68.28   	-142.42		
 24.76   	-447.61		 67.71   	-142.42		
 22.97   	-417.09		 67.14   	-157.68		
 21.30   	-391.66		 66.51   	-157.68		
 19.74   	-366.22		 65.88   	-167.85		
 18.27   	-340.79		 65.21   	-167.85		
 16.91   	-315.36		 64.54   	-172.94		
 15.65   	-289.93		 63.85   	-167.85		
 14.49   	-269.58		 63.17   	-167.85		
 13.41   	-249.24		 62.50   	-157.68		
 12.41   	-223.80		 61.87   	-152.59		
 11.52   	-203.46		 61.26   	-142.42		
 10.70   	-193.29		 60.69   	-132.25		
  9.93   	-172.94		 60.16   	-116.99		
  9.24   	-152.59		 59.69   	-106.82		
  8.63   	-147.51		 59.27   	 -96.64		
  8.04   	-132.25		 58.88   	 -86.47		
  7.51   	-127.16		 58.53   	 -71.21		
  7.00   	-106.82		 58.25   	 -66.12		
  6.57   	 -96.64		 57.99   	 -55.95		
  6.19   	 -81.38		 57.76   	 -45.78		
  5.86   	 -71.21		 57.58   	 -35.61		
  5.57   	 -55.95		 57.44   	 -30.52		
  5.35   	 -45.78		 57.31   	 -25.43		
  5.17   	 -40.69		 57.21   	 -25.43		
  5.01   	 -30.52		 57.11   	 -20.35		
  4.88   	 -30.52		 57.03   	 -15.26		
  4.76   	 -25.43		 56.97   	 -15.26		
  4.66   	 -25.43		 56.91   	 -15.26		
  4.56   	 -25.43		 56.85   	 -10.17		
  4.46   	 -20.35		 56.81   	 -15.26		
  4.37   	 -20.35		 56.74   	 -10.17		
  4.29   	 -15.26		 56.70   	 -10.17		
  4.23   	 -15.26		 56.66   	 -15.26		
  4.17   	 -15.26		 56.60   	 -15.26		
  4.11   	  -5.09		 56.54   	 -15.26		
  4.09(D)	   0.00		 56.48   	 -15.26		
  4.09   	   5.09		 56.42   	 -20.35		
  4.11   	   0.00		 56.34   	 -20.35		
  4.11   	  10.17		 56.26   	 -25.43		
  4.15   	  15.26		 56.15   	 -25.43		
  4.21   	  20.35		 56.05   	 -25.43		
  4.29   	  25.43		 55.95   	 -30.52		
  4.39   	  30.52		 55.83   	 -30.52		
  4.52   	  40.69		 55.71   	 -30.52		
  4.68   	  40.69		 55.58   	 -30.52		
  4.84   	  35.61		 55.46   	 -30.52		
  4.98   	  35.61		 55.34   	 -30.52		
  5.13   	  35.61		 55.22   	 -35.61		
  5.27   	  30.52		 55.08   	 -30.52		
  5.39   	  20.35		 54.95   	 -35.61		
  5.47   	  25.43		 54.81   	 -30.52		
  5.57   	  25.43		 54.69   	 -40.69		
  5.68(E)	  20.35		 54.53   	 -35.61		
  5.76   	  10.17		 54.38   	 -40.69		
  5.80   	  10.17		 54.22   	 -35.61		
  5.84   	   5.09		 54.08   	 -40.69		
  5.86   	  -5.09		 53.92   	 -40.69		
  5.84   	   0.00		 53.75   	 -35.61		
  5.84   	  -5.09		 53.61   	 -35.61		
  5.82   	 -10.17		 53.47   	 -40.69		
  5.78   	  -5.09		 53.31   	 -35.61		
  5.76   	   0.00		 53.16   	 -30.52		
  5.76   	  10.17		 53.04   	 -35.61		
  5.80   	  25.43		 52.90   	 -35.61		
  5.90   	  35.61		 52.76   	 -30.52		
  6.04   	  45.78		 52.63   	 -30.52		
  6.23   	  66.12		 52.51   	 -30.52		
  6.49   	  96.64		 52.39   	 -30.52		
  6.88   	 127.16		 52.27   	 -30.52		
  7.39   	 152.59		 52.15   	 -35.61		
  8.00   	 167.85		 52.00   	 -30.52		
  8.67   	 172.94		 51.88   	 -30.52		
  9.36   	 183.11		 51.76   	 -30.52		
 10.09   	 198.37		 51.64   	 -25.43		
 10.89   	 208.54		 51.54   	 -30.52		
 11.72   	 223.80		 51.41   	 -30.52		
 12.61   	 340.79		 51.29   	 -35.61		
 13.98   	 361.14		 51.15   	 -35.61		
 15.42   	 386.57		 51.01   	 -30.52		
 16.97   	 417.09		 50.88   	 -35.61		
 18.64   	 437.43		 50.74   	 -35.61		
 20.39   	 442.52		 50.60   	 -35.61		
 22.16   	 442.52		 50.46   	 -35.61		
 23.93   	 447.61		 50.32   	 -35.61		
 25.72   	 437.43		 50.17   	 -35.61		
 27.47   	 422.18		 50.03   	 -35.61		
 29.16   	 391.66		 49.89   	 -30.52		
 30.72   	 361.14		 49.77   	 -40.69		
 32.17   	 330.62		 49.60   	 -35.61		
 33.49   	 279.75		 49.46   	 -35.61		
 34.61   	 244.15		 49.32   	 -35.61		
 35.58   	 203.46		 49.18   	 -40.69		
 36.40   	 172.94		 49.01   	 -35.61		
 37.09   	 142.42		 48.87   	 -40.69		
 37.66   	 106.82		 48.71   	 -35.61		
 38.09   	  91.56		 48.57   	 -35.61		
 38.45   	  71.21		 48.42   	 -30.52		
 38.74   	  71.21		 48.30   	 -30.52		
 39.02   	  55.95		 48.18   	 -20.35		
 39.25   	  55.95		 48.10   	 -15.26		
 39.47   	  61.04		 48.04(D)	   0.00		
 39.72   	  76.30		 48.04   	  45.78		
 40.02   	  81.38		 48.22   	  71.21		
 40.35   	  86.47		 48.50   	 106.82		
 40.69   	  96.64		 48.93   	 142.42		
 41.08   	 101.73		 49.50   	 183.11		
 41.49   	 101.73		 50.23   	 213.63		
 41.89   	 106.82		 51.09   	 254.32		
 42.32   	 116.99		 52.11   	 284.84		
 42.79   	 116.99		 53.24   	 315.36		
 43.26   	 122.07		 54.51   	 340.79		
 43.74   	 127.16		 55.87   	 350.97		
 44.25   	 127.16		 57.27   	 366.22		
 44.76   	 122.07		 58.74   	 366.22		
 45.25   	 122.07		 60.20   	 371.31		
 45.74   	 116.99		 61.69   	 361.14		
 46.21   	 106.82		 63.13   	 345.88		
 46.63   	 111.90		 64.52   	 335.71		
 47.08   	 106.82		 65.86   	 310.27		
 47.51   	  96.64		 67.10   	 295.01		
 47.89   	  91.56		 68.28   	 264.50		
 48.26   	  91.56		 69.34   	 239.06		
 48.63   	  86.47		 70.29   	 218.72		
 48.97   	  76.30		 71.17   	 188.20		
 49.28   	  76.30		 71.92   	 167.85		
 49.58   	  71.21		 72.59   	 142.42		
 49.87   	  71.21		 73.16   	 116.99		
 50.15   	  71.21		 73.63   	  96.64		
 50.44   	  61.04		 74.02   	  76.30		
 50.68   	  55.95		 74.32   	  66.12		
 50.91   	  55.95		 74.59   	  45.78		
 51.13   	  40.69		 74.77   	  40.69		
 51.29   	  40.69		 74.93   	  25.43		
 51.45   	  30.52		 75.04   	  15.26		
 51.58   	  20.35		 75.10   	  10.17		
 51.66   	  10.17		 75.14(S)	  -5.09		
 51.70(S)	   0.00		 75.12   	 -10.17		
 51.70   	 -25.43		 75.08   	 -20.35		
 51.60   	 -35.61		 74.99   	 -25.43		
 51.45   	 -66.12		 74.89   	 -30.52		
 51.19   	 -91.56		 74.77   	 -40.69		
 50.82   	-111.90		 74.61   	 -50.86		
 50.38   	-152.59		 74.40   	 -50.86		
 49.77   	-198.37		 74.20   	 -55.95		
 48.97   	-233.98		 73.98   	 -66.12		
 48.04   	-279.75		 73.71   	 -66.12		
 46.92   	-330.62		 73.45   	 -71.21		
 45.59   	-386.57		 73.16   	 -81.38		
 44.05   	-432.35		 72.84   	 -81.38		
 42.32   	-462.87		 72.51   	 -86.47		
 40.47   	-483.21		 72.17   	 -91.56		
 38.53   	-564.60		 71.80   	-111.90		
 36.28   	-559.51		 71.35   	-111.90		
 34.04   	-549.34		 70.91   	-122.07		
 31.84   	-528.99		 70.42   	-122.07		
 29.73   	-508.65		 69.93   	-132.25		
 27.69   	-493.39		 69.40   	-137.33		
 25.72   	-462.87		 68.85   	-147.51		
 23.87   	-432.35		 68.26   	-147.51		
 22.14   	-396.74		 67.67   	-162.77		
 20.55   	-366.22		 67.02   	-162.77		
 19.08   	-340.79		 66.37   	-167.85		
 17.72   	-305.19		 65.70   	-172.94		
 16.50   	-279.75		 65.00   	-167.85		
 15.38   	-249.24		 64.33   	-167.85		
 14.38   	-223.80		 63.66   	-162.77		
 13.49   	-208.54		 63.01   	-152.59		
 12.66   	-183.11		 62.40   	-142.42		
 11.92   	-172.94		 61.83   	-137.33		
 11.23   	-152.59		 61.28   	-127.16		
 10.62   	-147.51		 60.77   	-111.90		
 10.03   	-137.33		 60.33   	-101.73		
  9.48   	-132.25		 59.92   	 -91.56		
  8.95   	-127.16		 59.55   	 -76.30		
  8.44   	-111.90		 59.25   	 -71.21		
  8.00   	-106.82		 58.96   	 -55.95		
  7.57   	 -96.64		 58.74   	 -50.86		
  7.18   	 -76.30		 58.53   	 -45.78		
  6.88   	 -66.12		 58.35   	 -35.61		
  6.61   	 -55.95		 58.21   	 -25.43		
  6.39   	 -40.69		 58.11   	 -25.43		
  6.23   	 -25.43		 58.01   	 -20.35		
  6.12   	 -25.43		 57.92   	 -20.35		
  6.02   	 -15.26		 57.84   	 -15.26		
  5.96   	 -10.17		 57.78   	 -15.26		
  5.92   	 -10.17		 57.72   	 -10.17		
  5.88   	 -10.17		 57.68   	 -10.17		
  5.84   	  -5.09		 57.64   	 -15.26		
  5.82   	  -5.09		 57.58   	 -10.17		
  5.80   	  -5.09		 57.54   	 -10.17		
  5.78   	   0.00		 57.50   	 -10.17		
  5.78   	  -5.09		 57.46   	 -15.26		
  5.76(D)	   0.00		 57.40   	 -15.26		
  5.76   	   0.00		 57.33   	 -15.26		
  5.76   	   0.00		 57.27   	 -20.35		
  5.76   	   5.09		 57.19   	 -20.35		
  5.78   	   5.09		 57.11   	 -20.35		
  5.80   	  10.17		 57.03   	 -20.35		
  5.84   	  15.26		 56.95   	 -20.35		
  5.90   	  25.43		 56.87   	 -30.52		
  6.00   	  25.43		 56.74   	 -25.43		
  6.10   	  25.43		 56.64   	 -25.43		
  6.21   	  25.43		 56.54   	 -30.52		
  6.31   	  25.43		 56.42   	 -35.61		
  6.41   	  30.52		 56.28   	 -30.52		
  6.53   	  30.52		 56.15   	 -35.61		
  6.65   	  30.52		 56.01   	 -35.61		
  6.78   	  25.43		 55.87   	 -30.52		
  6.88   	  20.35		 55.75   	 -40.69		
  6.96(E)	  20.35		 55.58   	 -40.69		
  7.04   	  15.26		 55.42   	 -40.69		
  7.10   	  10.17		 55.26   	 -40.69		
  7.14   	  10.17		 55.10   	 -40.69		
  7.18   	   0.00		 54.93   	 -40.69		
  7.18   	   5.09		 54.77   	 -35.61		
  7.20   	   0.00		 54.63   	 -40.69		
  7.20   	   0.00		 54.47   	 -40.69		
  7.20   	  10.17		 54.30   	 -35.61		
  7.24   	   5.09		 54.16   	 -40.69		
  7.26   	  15.26		 54.00   	 -35.61		
  7.32   	  25.43		 53.86   	 -35.61		
  7.43   	  30.52		 53.71   	 -35.61		
  7.55   	  40.69		 53.57   	 -35.61		
  7.71   	  50.86		 53.43   	 -30.52		
  7.91   	  71.21		 53.31   	 -30.52		
  8.20   	  86.47		 53.18   	 -30.52		
  8.55   	 116.99		 53.06   	 -30.52		
  9.01   	 147.51		 52.94   	 -30.52		
  9.60   	 162.77		 52.82   	 -25.43		
 10.25   	 172.94		 52.72   	 -30.52		
 10.95   	 178.03		 52.59   	 -30.52		
 11.66   	 188.20		 52.47   	 -25.43		
 12.41   	 208.54		 52.37   	 -30.52		
 13.25   	 274.67		 52.25   	 -35.61		
 14.34   	 305.19		 52.11   	 -30.52		
 15.56   	 330.62		 51.98   	 -30.52		
 16.89   	 361.14		 51.86   	 -35.61		
 18.33   	 376.40		 51.72   	 -35.61		
 19.84   	 396.74		 51.58   	 -35.61		
 21.42   	 406.92		 51.43   	 -35.61		
 23.05   	 406.92		 51.29   	 -35.61		
 24.68   	 401.83		 51.15   	 -40.69		
 26.29   	 401.83		 50.99   	 -40.69		
 27.89   	 386.57		 50.82   	 -40.69		
 29.44   	 366.22		 50.66   	 -40.69		
 30.91   	 350.97		 50.50   	 -45.78		
 32.31   	 335.71		 50.32   	 -40.69		
 33.65   	 310.27		 50.15   	 -40.69		
 34.89   	 305.19		 49.99   	 -45.78		
 36.11   	 289.93		 49.81   	 -40.69		
 37.27   	 264.50		 49.64   	 -35.61		
 38.33   	 218.72		 49.50   	 -40.69		
 39.21   	 172.94		 49.34   	 -35.61		
 39.90   	 152.59		 49.20   	 -35.61		
 40.51   	 127.16		 49.05   	 -30.52		
 41.02   	  91.56		 48.93   	 -15.26		
 41.38   	  71.21		 48.87   	  -5.09		
 41.67   	  55.95		 48.85(D)	  10.17		
 41.89   	  40.69		 48.89   	  66.12		
 42.05   	  35.61		 49.16   	 101.73		
 42.20   	  35.61		 49.56   	 137.33		
 42.34   	  40.69		 50.11   	 178.03		
 42.50   	  45.78		 50.82   	 218.72		
 42.69   	  50.86		 51.70   	 254.32		
 42.89   	  61.04		 52.72   	 295.01		
 43.13   	  61.04		 53.90   	 320.45		
 43.38   	  76.30		 55.18   	 350.97		
 43.68   	  81.38		 56.58   	 371.31		
 44.01   	  91.56		 58.07   	 386.57		
 44.37   	  91.56		 59.61   	 391.66		
 44.74   	 101.73		 61.18   	 391.66		
 45.15   	 106.82		 62.75   	 386.57		
 45.57   	 111.90		 64.29   	 376.40		
 46.02   	 116.99		 65.80   	 361.14		
 46.49   	 116.99		 67.24   	 345.88		
 46.96   	 116.99		 68.63   	 320.45		
 47.43   	 111.90		 69.91   	 295.01		
 47.87   	 106.82		 71.09   	 269.58		
 48.30   	 106.82		 72.17   	 244.15		
 48.73   	 101.73		 73.14   	 213.63		
 49.14   	  86.47		 74.00   	 188.20		
 49.48   	  81.38		 74.75   	 162.77		
 49.81   	  76.30		 75.40   	 137.33		
 50.11   	  71.21		 75.95   	 111.90		
 50.40   	  61.04		 76.40   	  96.64		
 50.64   	  55.95		 76.79   	  71.21		
 50.86   	  50.86		 77.07   	  61.04		
 51.07   	  35.61		 77.31   	  45.78		
 51.21   	  30.52		 77.50   	  30.52		
 51.33   	  20.35		 77.62   	  15.26		
 51.41   	  15.26		 77.68   	  10.17		
 51.47(S)	   0.00		 77.72(S)	   0.00		
 51.47   	  -5.09		 77.72   	 -15.26		
 51.45   	 -20.35		 77.66   	 -15.26		
 51.37   	 -35.61		 77.60   	 -25.43		
 51.23   	 -55.95		 77.50   	 -35.61		
 51.01   	 -81.38		 77.35   	 -40.69		
 50.68   	-111.90		 77.19   	 -45.78		
 50.23   	-147.51		 77.01   	 -55.95		
 49.64   	-188.20		 76.79   	 -61.04		
 48.89   	-228.89		 76.54   	 -66.12		
 47.98   	-289.93		 76.28   	 -71.21		
 46.82   	-361.14		 75.99   	 -81.38		
 45.37   	-396.74		 75.67   	 -81.38		
 43.78   	-442.52		 75.34   	 -86.47		
 42.01   	-493.39		 74.99   	 -91.56		
 40.04   	-518.82		 74.63   	 -91.56		
 37.97   	-523.90		 74.26   	 -96.64		
 35.87   	-595.11		 73.88   	-116.99		
 33.49   	-574.77		 73.41   	-116.99		
 31.19   	-544.25		 72.94   	-116.99		
 29.01   	-518.82		 72.47   	-127.16		
 26.94   	-488.30		 71.96   	-127.16		
 24.98   	-452.69		 71.45   	-132.25		
 23.17   	-412.00		 70.93   	-137.33		
 21.53   	-381.48		 70.38   	-142.42		
 20.00   	-345.88		 69.81   	-152.59		
 18.62   	-315.36		 69.20   	-157.68		
 17.35   	-284.84		 68.57   	-157.68		
 16.22   	-264.50		 67.93   	-167.85		
 15.16   	-239.06		 67.26   	-172.94		
 14.20   	-213.63		 66.57   	-167.85		
 13.35   	-198.37		 65.90   	-167.85		
 12.55   	-178.03		 65.23   	-167.85		
 11.84   	-167.85		 64.56   	-152.59		
 11.17   	-147.51		 63.95   	-152.59		
 10.58   	-142.42		 63.34   	-137.33		
 10.01   	-142.42		 62.79   	-132.25		
  9.44   	-127.16		 62.26   	-116.99		
  8.93   	-122.07		 61.79   	-101.73		
  8.44   	-116.99		 61.38   	 -96.64		
  7.98   	-111.90		 61.00   	 -76.30		
  7.53   	-106.82		 60.69   	 -71.21		
  7.10   	-101.73		 60.41   	 -55.95		
  6.69   	 -81.38		 60.18   	 -50.86		
  6.37   	 -61.04		 59.98   	 -35.61		
  6.12   	 -50.86		 59.84   	 -35.61		
  5.92   	 -35.61		 59.69   	 -25.43		
  5.78   	 -20.35		 59.59   	 -20.35		
  5.70   	  -5.09		 59.51   	 -20.35		
  5.68(D)	   5.09		 59.43   	 -15.26		
  5.70   	  15.26		 59.37   	 -15.26		
  5.76   	  20.35		 59.31   	 -10.17		
  5.84   	  35.61		 59.27   	 -10.17		
  5.98   	  30.52		 59.23   	  -5.09		
  6.10   	  35.61		 59.21   	 -10.17		
  6.25   	  30.52		 59.17   	 -10.17		
  6.37   	  25.43		 59.12   	 -10.17		
  6.47   	  20.35		 59.08   	  -5.09		
  6.55   	  15.26		 59.06   	 -10.17		
  6.61   	  15.26		 59.02   	  -5.09		
  6.67   	  15.26		 59.00   	 -10.17		
  6.73   	   5.09		 58.96   	 -15.26		
  6.75   	  10.17		 58.90   	 -15.26		
  6.80   	  10.17		 58.84   	 -15.26		
  6.84   	   5.09		 58.78   	 -25.43		
  6.86   	  10.17		 58.68   	 -25.43		
  6.90   	   5.09		 58.58   	 -25.43		
  6.92   	   5.09		 58.47   	 -30.52		
  6.94   	   5.09		 58.35   	 -35.61		
  6.96   	   5.09		 58.21   	 -40.69		
  6.98   	   5.09		 58.05   	 -40.69		
  7.00   	   0.00		 57.88   	 -40.69		
  7.00(E)	   5.09		 57.72   	 -50.86		
  7.02   	   5.09		 57.52   	 -45.78		
  7.04   	   5.09		 57.33   	 -50.86		
  7.06   	   5.09		 57.13   	 -50.86		
  7.08   	   5.09		 56.93   	 -55.95		
  7.10   	   5.09		 56.70   	 -50.86		
  7.12   	   0.00		 56.50   	 -45.78		
  7.12   	  10.17		 56.32   	 -50.86		
  7.16   	   5.09		 56.11   	 -45.78		
  7.18   	  15.26		 55.93   	 -45.78		
  7.24   	  20.35		 55.75   	 -40.69		
  7.32   	  20.35		 55.58   	 -45.78		
  7.41   	  30.52		 55.40   	 -40.69		
  7.53   	  35.61		 55.24   	 -35.61		
  7.67   	  40.69		 55.10   	 -40.69		
  7.83   	  40.69		 54.93   	 -35.61		
  8.00   	  66.12		 54.79   	 -40.69		
  8.26   	  91.56		 54.63   	 -30.52		
  8.63   	 122.07		 54.51   	 -35.61		
  9.11   	 157.68		 54.36   	 -30.52		
  9.75   	 172.94		 54.24   	 -30.52		
 10.44   	 178.03		 54.12   	 -30.52		
 11.15   	 188.20		 54.00   	 -35.61		
 11.90   	 203.46		 53.86   	 -30.52		
 12.72   	 223.80		 53.73   	 -30.52		
 13.61   	 300.10		 53.61   	 -35.61		
 14.81   	 310.27		 53.47   	 -35.61		
 16.05   	 325.53		 53.33   	 -35.61		
 17.35   	 340.79		 53.18   	 -35.61		
 18.72   	 350.97		 53.04   	 -40.69		
 20.12   	 356.05		 52.88   	 -35.61		
 21.55   	 361.14		 52.74   	 -40.69		
 22.99   	 371.31		 52.57   	 -40.69		
 24.48   	 376.40		 52.41   	 -45.78		
 25.98   	 366.22		 52.23   	 -40.69		
 27.45   	 356.05		 52.06   	 -45.78		
 28.87   	 345.88		 51.88   	 -45.78		
 30.25   	 330.62		 51.70   	 -50.86		
 31.58   	 305.19		 51.50   	 -45.78		
 32.80   	 279.75		 51.31   	 -45.78		
 33.92   	 254.32		 51.13   	 -50.86		
 34.93   	 233.98		 50.93   	 -45.78		
 35.87   	 208.54		 50.74   	 -50.86		
 36.70   	 193.29		 50.54   	 -40.69		
 37.48   	 172.94		 50.38   	 -45.78		
 38.17   	 152.59		 50.19   	 -35.61		
 38.78   	 147.51		 50.05   	 -35.61		
 39.37   	 137.33		 49.91   	 -20.35		
 39.92   	 106.82		 49.83   	 -10.17		
 40.35   	  81.38		 49.79(D)	  10.17		
 40.67   	  61.04		 49.83   	  66.12		
 40.92   	  50.86		 50.09   	 106.82		
 41.12   	  35.61		 50.52   	 142.42		
 41.26   	  30.52		 51.09   	 183.11		
 41.38   	  30.52		 51.82   	 223.80		
 41.51   	  35.61		 52.72   	 259.41		
 41.65   	  40.69		 53.75   	 295.01		
 41.81   	  45.78		 54.93   	 325.53		
 41.99   	  55.95		 56.24   	 350.97		
 42.22   	  66.12		 57.64   	 371.31		
 42.48   	  71.21		 59.12   	 381.48		
 42.77   	  81.38		 60.65   	 381.48		
 43.09   	  81.38		 62.18   	 386.57		
 43.42   	  91.56		 63.72   	 376.40		
 43.78   	 101.73		 65.23   	 366.22		
 44.19   	  96.64		 66.69   	 345.88		
 44.58   	 106.82		 68.08   	 325.53		
 45.00   	 106.82		 69.38   	 305.19		
 45.43   	 101.73		 70.60   	 284.84		
 45.84   	 101.73		 71.74   	 249.24		
 46.25   	  96.64		 72.74   	 228.89		
 46.63   	  86.47		 73.65   	 198.37		
 46.98   	  81.38		 74.45   	 172.94		
 47.30   	  66.12		 75.14   	 147.51		
 47.57   	  66.12		 75.73   	 127.16		
 47.83   	  55.95		 76.24   	  96.64		
 48.06   	  45.78		 76.62   	  71.21		
 48.24   	  40.69		 76.91   	  61.04		
 48.40   	  30.52		 77.15   	  40.69		
 48.52   	  15.26		 77.31   	  25.43		
 48.59   	  10.17		 77.42   	  15.26		
 48.63(S)	   0.00		 77.48   	   5.09		
 48.63   	 -10.17		 77.50(S)	  -5.09		
 48.59   	 -30.52		 77.48   	 -15.26		
 48.46   	 -45.78		 77.42   	 -25.43		
 48.28   	 -71.21		 77.31   	 -30.52		
 48.00   	 -96.64		 77.19   	 -40.69		
 47.61   	-132.25		 77.03   	 -40.69		
 47.08   	-167.85		 76.87   	 -50.86		
 46.41   	-213.63		 76.66   	 -55.95		
 45.55   	-254.32		 76.44   	 -66.12		
 44.54   	-320.45		 76.17   	 -66.12		
 43.26   	-391.66		 75.91   	 -71.21		
 41.69   	-427.26		 75.63   	 -76.30		
 39.98   	-473.04		 75.32   	 -81.38		
 38.09   	-523.90		 74.99   	 -86.47		
 35.99   	-544.25		 74.65   	 -86.47		
 33.81   	-539.16		 74.30   	 -91.56		
 31.66   	-528.99		 73.94   	 -96.64		
 29.54   	-523.90		 73.55   	-101.73		
 27.45   	-554.42		 73.14   	-122.07		
 25.23   	-508.65		 72.65   	-122.07		
 23.19   	-473.04		 72.17   	-127.16		
 21.30   	-432.35		 71.66   	-132.25		
 19.57   	-396.74		 71.13   	-137.33		
 17.99   	-350.97		 70.58   	-142.42		
 16.58   	-315.36		 70.01   	-147.51		
 15.32   	-289.93		 69.42   	-152.59		
 14.16   	-259.41		 68.81   	-162.77		
 13.12   	-239.06		 68.16   	-167.85		
 12.17   	-213.63		 67.49   	-167.85		
 11.31   	-193.29		 66.82   	-172.94		
 10.54   	-183.11		 66.12   	-167.85		
  9.81   	-167.85		 65.45   	-167.85		
  9.14   	-157.68		 64.78   	-157.68		
  8.50   	-142.42		 64.15   	-152.59		
  7.93   	-132.25		 63.54   	-137.33		
  7.41   	-127.16		 62.99   	-137.33		
  6.90   	-111.90		 62.44   	-116.99		
  6.45   	-101.73		 61.97   	-111.90		
  6.04   	 -91.56		 61.53   	-101.73		
  5.68   	 -76.30		 61.12   	 -86.47		
  5.37   	 -61.04		 60.77   	 -81.38		
  5.13   	 -45.78		 60.45   	 -66.12		
  4.94   	 -30.52		 60.18   	 -61.04		
  4.82   	 -20.35		 59.94   	 -45.78		
  4.74   	  -5.09		 59.76   	 -45.78		
  4.72   	   0.00		 59.57   	 -35.61		
  4.72   	   0.00		 59.43   	 -30.52		
  4.72   	  -5.09		 59.31   	 -25.43		
  4.70   	   0.00		 59.21   	 -20.35		
  4.70   	  -5.09		 59.12   	 -15.26		
  4.68   	   0.00		 59.06   	 -15.26		
  4.68   	  -5.09		 59.00   	 -10.17		
  4.66(D)	   0.00		 58.96   	 -10.17		
  4.66   	   0.00		 58.92   	 -10.17		
  4.66   	  10.17		 58.88   	  -5.09		
  4.70   	   5.09		 58.86   	 -10.17		
  4.72   	   5.09		 58.82   	  -5.09		
  4.74   	  10.17		 58.80   	  -5.09		
  4.78   	  10.17		 58.78   	 -10.17		
  4.82   	  10.17		 58.74   	  -5.09		
  4.86   	  10.17		 58.72   	 -15.26		
  4.90   	  15.26		 58.66   	 -15.26		
  4.96   	  15.26		 58.60   	 -15.26		
  5.03   	  20.35		 58.53   	 -20.35		
  5.11   	  25.43		 58.45   	 -25.43		
  5.21   	  20.35		 58.35   	 -30.52		
  5.29   	  25.43		 58.23   	 -30.52		
  5.39   	  20.35		 58.11   	 -35.61		
  5.47   	  25.43		 57.97   	 -35.61		
  5.57   	  25.43		 57.82   	 -40.69		
  5.68   	  20.35		 57.66   	 -40.69		
  5.76   	  10.17		 57.50   	 -50.86		
  5.80   	   5.09		 57.29   	 -50.86		
  5.82   	   0.00		 57.09   	 -50.86		
  5.82   	   0.00		 56.89   	 -50.86		
  5.82(E)	   5.09		 56.68   	 -50.86		
  5.84   	   0.00		 56.48   	 -50.86		
  5.84   	   0.00		 56.28   	 -50.86		
  5.84   	  -5.09		 56.07   	 -50.86		
  5.82   	   0.00		 55.87   	 -45.78		
  5.82   	   5.09		 55.69   	 -45.78		
  5.84   	   5.09		 55.50   	 -45.78		
  5.86   	  15.26		 55.32   	 -40.69		
  5.92   	  20.35		 55.16   	 -40.69		
  6.00   	  30.52		 54.99   	 -40.69		
  6.12   	  35.61		 54.83   	 -40.69		
  6.27   	  45.78		 54.67   	 -35.61		
  6.45   	  71.21		 54.53   	 -35.61		
  6.73   	  86.47		 54.38   	 -35.61		
  7.08   	 116.99		 54.24   	 -35.61		
  7.55   	 147.51		 54.10   	 -35.61		
  8.14   	 167.85		 53.96   	 -30.52		
  8.81   	 172.94		 53.83   	 -35.61		
  9.50   	 188.20		 53.69   	 -30.52		
 10.25   	 203.46		 53.57   	 -30.52		
 11.07   	 218.72		 53.45   	 -35.61		
 11.94   	 300.10		 53.31   	 -35.61		
 13.14   	 320.45		 53.16   	 -35.61		
 14.43   	 350.97		 53.02   	 -35.61		
 15.83   	 361.14		 52.88   	 -35.61		
 17.27   	 386.57		 52.74   	 -35.61		
 18.82   	 401.83		 52.59   	 -35.61		
 20.43   	 412.00		 52.45   	 -35.61		
 22.08   	 417.09		 52.31   	 -40.69		
 23.74   	 422.18		 52.15   	 -40.69		
 25.43   	 412.00		 51.98   	 -40.69		
 27.08   	 396.74		 51.82   	 -40.69		
 28.67   	 371.31		 51.66   	 -45.78		
 30.15   	 340.79		 51.47   	 -40.69		
 31.52   	 315.36		 51.31   	 -45.78		
 32.78   	 279.75		 51.13   	 -40.69		
 33.90   	 244.15		 50.97   	 -45.78		
 34.87   	 213.63		 50.78   	 -45.78		
 35.73   	 183.11		 50.60   	 -40.69		
 36.46   	 152.59		 50.44   	 -40.69		
 37.07   	 122.07		 50.27   	 -40.69		
 37.56   	 106.82		 50.11   	 -35.61		
 37.99   	  81.38		 49.97   	 -30.52		
 38.31   	  71.21		 49.85   	 -30.52		
 38.60   	  55.95		 49.73   	 -25.43		
 38.82   	  45.78		 49.62   	 -20.35		
 39.00   	  50.86		 49.54(D)	  15.26		
 39.21   	  55.95		 49.60   	  35.61		
 39.43   	  61.04		 49.75   	  61.04		
 39.67   	  61.04		 49.99   	  96.64		
 39.92   	  61.04		 50.38   	 132.25		
 40.16   	  71.21		 50.91   	 167.85		
 40.45   	  76.30		 51.58   	 198.37		
 40.75   	  76.30		 52.37   	 233.98		
 41.06   	  86.47		 53.31   	 269.58		
 41.40   	  91.56		 54.38   	 289.93		
 41.77   	 101.73		 55.54   	 320.45		
 42.18   	 106.82		 56.83   	 330.62		
 42.60   	 106.82		 58.15   	 345.88		
 43.03   	 116.99		 59.53   	 350.97		
 43.50   	 116.99		 60.94   	 350.97		
 43.97   	 122.07		 62.34   	 345.88		
 44.46   	 122.07		 63.72   	 335.71		
 44.94   	 111.90		 65.07   	 320.45		
 45.39   	 116.99		 66.35   	 305.19		
 45.86   	 111.90		 67.57   	 279.75		
 46.31   	  96.64		 68.69   	 259.41		
 46.69   	  91.56		 69.73   	 233.98		
 47.06   	  81.38		 70.66   	 208.54		
 47.39   	  71.21		 71.50   	 183.11		
 47.67   	  66.12		 72.23   	 162.77		
 47.93   	  55.95		 72.88   	 127.16		
 48.16   	  45.78		 73.39   	 111.90		
 48.34   	  40.69		 73.83   	  86.47		
 48.50   	  35.61		 74.18   	  66.12		
 48.65   	  30.52		 74.45   	  50.86		
 48.77   	  20.35		 74.65   	  40.69		
 48.85   	  20.35		 74.81   	  20.35		
 48.93   	  10.17		 74.89   	  15.26		
 48.97   	   5.09		 74.95   	   5.09		
 48.99(S)	  -5.09		 74.97(S)	 -10.17		
 48.97   	 -20.35		 74.93   	 -10.17		
 48.89   	 -35.61		 74.89   	 -25.43		
 48.75   	 -50.86		 74.79   	 -30.52		
 48.55   	 -76.30		 74.67   	 -40.69		
 48.24   	-101.73		 74.51   	 -40.69		
 47.83   	-122.07		 74.34   	 -50.86		
 47.34   	-172.94		 74.14   	 -55.95		
 46.65   	-208.54		 73.92   	 -61.04		
 45.82   	-254.32		 73.67   	 -61.04		
 44.80   	-305.19		 73.43   	 -71.21		
 43.58   	-366.22		 73.14   	 -76.30		
 42.12   	-417.09		 72.84   	 -81.38		
 40.45   	-457.78		 72.51   	 -81.38		
 38.62   	-478.13		 72.19   	 -91.56		
 36.70   	-488.30		 71.82   	 -91.56		
 34.75   	-579.86		 71.45   	-111.90		
 32.43   	-564.60		 71.01   	-116.99		
 30.17   	-544.25		 70.54   	-122.07		
 28.00   	-513.73		 70.05   	-127.16		
 25.94   	-488.30		 69.54   	-132.25		
 23.99   	-457.78		 69.01   	-137.33		
 22.16   	-427.26		 68.46   	-142.42		
 20.45   	-391.66		 67.89   	-157.68		
 18.88   	-361.14		 67.26   	-157.68		
 17.44   	-330.62		 66.63   	-162.77		
 16.11   	-305.19		 65.98   	-167.85		
 14.89   	-284.84		 65.31   	-167.85		
 13.75   	-254.32		 64.64   	-172.94		
 12.74   	-239.06		 63.95   	-162.77		
 11.78   	-213.63		 63.30   	-157.68		
 10.93   	-193.29		 62.67   	-152.59		
 10.15   	-183.11		 62.05   	-142.42		
  9.42   	-172.94		 61.49   	-137.33		
  8.73   	-152.59		 60.94   	-116.99		
  8.12   	-142.42		 60.47   	-111.90		
  7.55   	-132.25		 60.02   	-101.73		
  7.02   	-111.90		 59.61   	 -86.47		
  6.57   	-101.73		 59.27   	 -76.30		
  6.16   	 -91.56		 58.96   	 -66.12		
  5.80   	 -71.21		 58.70   	 -55.95		
  5.51   	 -55.95		 58.47   	 -45.78		
  5.29   	 -45.78		 58.29   	 -40.69		
  5.11   	 -40.69		 58.13   	 -30.52		
  4.94   	 -25.43		 58.01   	 -25.43		
  4.84   	 -20.35		 57.90   	 -25.43		
  4.76   	 -10.17		 57.80   	 -20.35		
  4.72   	 -10.17		 57.72   	 -15.26		
  4.68   	 -15.26		 57.66   	 -20.35		
  4.62   	 -20.35		 57.58   	 -15.26		
  4.54   	 -20.35		 57.52   	 -15.26		
  4.46   	 -20.35		 57.46   	 -15.26		
  4.37   	 -20.35		 57.40   	 -10.17		
  4.29   	 -25.43		 57.35   	 -20.35		
  4.19   	 -20.35		 57.27   	 -15.26		
  4.11   	 -20.35		 57.21   	 -15.26		
  4.03   	 -10.17		 57.15   	 -15.26		
  3.99(D)	   0.00		 57.09   	 -20.35		
  3.99   	   0.00		 57.01   	 -20.35		
  3.99   	   5.09		 56.93   	 -20.35		
  4.01   	  10.17		 56.85   	 -25.43		
  4.05   	  20.35		 56.74   	 -25.43		
  4.13   	  20.35		 56.64   	 -25.43		
  4.21   	  20.35		 56.54   	 -25.43		
  4.29   	  25.43		 56.44   	 -30.52		
  4.39   	  25.43		 56.32   	 -30.52		
  4.50   	  35.61		 56.20   	 -35.61		
  4.64   	  35.61		 56.05   	 -30.52		
  4.78   	  40.69		 55.93   	 -35.61		
  4.94   	  35.61		 55.79   	 -35.61		
  5.09   	  40.69		 55.65   	 -35.61		
  5.25   	  35.61		 55.50   	 -40.69		
  5.39   	  25.43		 55.34   	 -35.61		
  5.49   	  25.43		 55.20   	 -35.61		
  5.60   	  15.26		 55.06   	 -45.78		
  5.66   	   5.09		 54.87   	 -40.69		
  5.68   	   0.00		 54.71   	 -40.69		
  5.68   	  -5.09		 54.55   	 -40.69		
  5.66(E)	   0.00		 54.38   	 -40.69		
  5.66   	   0.00		 54.22   	 -35.61		
  5.66   	   5.09		 54.08   	 -35.61		
  5.68   	  10.17		 53.94   	 -35.61		
  5.72   	   5.09		 53.79   	 -35.61		
  5.74   	  15.26		 53.65   	 -30.52		
  5.80   	  15.26		 53.53   	 -30.52		
  5.86   	  25.43		 53.41   	 -35.61		
  5.96   	  30.52		 53.27   	 -30.52		
  6.08   	  35.61		 53.14   	 -30.52		
  6.23   	  40.69		 53.02   	 -30.52		
  6.39   	  55.95		 52.90   	 -35.61		
  6.61   	  76.30		 52.76   	 -30.52		
  6.92   	 111.90		 52.63   	 -30.52		
  7.37   	 137.33		 52.51   	 -30.52		
  7.91   	 152.59		 52.39   	 -30.52		
  8.52   	 157.68		 52.27   	 -30.52		
  9.16   	 178.03		 52.15   	 -35.61		
  9.87   	 193.29		 52.00   	 -30.52		
 10.64   	 203.46		 51.88   	 -30.52		
 11.45   	 223.80		 51.76   	 -35.61		
 12.35   	 320.45		 51.62   	 -35.61		
 13.63   	 350.97		 51.47   	 -35.61		
 15.04   	 386.57		 51.33   	 -40.69		
 16.58   	 401.83		 51.17   	 -35.61		
 18.19   	 427.26		 51.03   	 -35.61		
 19.90   	 442.52		 50.88   	 -40.69		
 21.67   	 447.61		 50.72   	 -35.61		
 23.46   	 447.61		 50.58   	 -40.69		
 25.25   	 432.35		 50.42   	 -35.61		
 26.98   	 417.09		 50.27   	 -35.61		
 28.65   	 386.57		 50.13   	 -35.61		
 30.19   	 361.14		 49.99   	 -40.69		
 31.64   	 320.45		 49.83   	 -35.61		
 32.92   	 284.84		 49.68   	 -35.61		
 34.06   	 244.15		 49.54   	 -35.61		
 35.04   	 203.46		 49.40   	 -40.69		
 35.85   	 172.94		 49.24   	 -35.61		
 36.54   	 137.33		 49.09   	 -30.52		
 37.09   	 116.99		 48.97   	 -35.61		
 37.56   	  91.56		 48.83   	 -35.61		
 37.92   	  76.30		 48.69   	 -30.52		
 38.23   	  66.12		 48.57   	 -25.43		
 38.49   	  61.04		 48.46   	 -25.43		
 38.74   	  55.95		 48.36   	 -15.26		
 38.96   	  61.04		 48.30   	  -5.09		
 39.21   	  71.21		 48.28(D)	  25.43		
 39.49   	  76.30		 48.38   	  50.86		
 39.80   	  81.38		 48.59   	  86.47		
 40.12   	  81.38		 48.93   	 111.90		
 40.45   	  91.56		 49.38   	 152.59		
 40.81   	  91.56		 49.99   	 188.20		
 41.18   	 101.73		 50.74   	 223.80		
 41.59   	 106.82		 51.64   	 254.32		
 42.01   	 106.82		 52.65   	 284.84		
 42.44   	 116.99		 53.79   	 310.27		
 42.91   	 122.07		 55.04   	 330.62		
 43.40   	 122.07		 56.36   	 350.97		
 43.89   	 122.07		 57.76   	 350.97		
 44.37   	 127.16		 59.17   	 361.14		
 44.88   	 122.07		 60.61   	 350.97		
 45.37   	 111.90		 62.01   	 345.88		
 45.82   	 111.90		 63.40   	 335.71		
 46.27   	 106.82		 64.74   	 315.36		
 46.69   	 101.73		 66.00   	 295.01		
 47.10   	  91.56		 67.18   	 274.67		
 47.47   	  91.56		 68.28   	 244.15		
 47.83   	  81.38		 69.26   	 223.80		
 48.16   	  81.38		 70.15   	 198.37		
 48.48   	  76.30		 70.95   	 172.94		
 48.79   	  66.12		 71.64   	 147.51		
 49.05   	  66.12		 72.23   	 122.07		
 49.32   	  55.95		 72.72   	  96.64		
 49.54   	  50.86		 73.10   	  71.21		
 49.75   	  45.78		 73.39   	  61.04		
 49.93   	  45.78		 73.63   	  40.69		
 50.11   	  30.52		 73.79   	  30.52		
 50.23   	  30.52		 73.92   	  15.26		
 50.36   	  20.35		 73.98   	   5.09		
 50.44   	  15.26		 74.00(S)	   0.00		
 50.50   	   5.09		 74.00   	 -10.17		
 50.52(S)	 -10.17		 73.96   	 -15.26		
 50.48   	 -20.35		 73.90   	 -25.43		
 50.40   	 -40.69		 73.79   	 -30.52		
 50.23   	 -61.04		 73.67   	 -35.61		
 49.99   	 -86.47		 73.53   	 -40.69		
 49.64   	-106.82		 73.37   	 -45.78		
 49.22   	-147.51		 73.18   	 -45.78		
 48.63   	-183.11		 73.00   	 -55.95		
 47.89   	-218.72		 72.78   	 -61.04		
 47.02   	-259.41		 72.53   	 -66.12		
 45.98   	-320.45		 72.27   	 -66.12		
 44.70   	-366.22		 72.00   	 -76.30		
 43.23   	-412.00		 71.70   	 -76.30		
 41.59   	-447.61		 71.39   	 -86.47		
 39.80   	-467.95		 71.05   	 -91.56		
 37.92   	-559.51		 70.68   	-111.90		
 35.69   	-564.60		 70.23   	-111.90		
 33.43   	-549.34		 69.79   	-122.07		
 31.23   	-523.90		 69.30   	-127.16		
 29.14   	-508.65		 68.79   	-132.25		
 27.10   	-478.13		 68.26   	-137.33		
 25.19   	-457.78		 67.71   	-142.42		
 23.36   	-422.18		 67.14   	-152.59		
 21.67   	-396.74		 66.53   	-157.68		
 20.08   	-371.31		 65.90   	-167.85		
 18.60   	-345.88		 65.23   	-162.77		
 17.21   	-315.36		 64.58   	-172.94		
 15.95   	-295.01		 63.89   	-167.85		
 14.77   	-269.58		 63.21   	-162.77		
 13.69   	-249.24		 62.56   	-157.68		
 12.70   	-233.98		 61.93   	-152.59		
 11.76   	-208.54		 61.32   	-147.51		
 10.93   	-193.29		 60.73   	-132.25		
 10.15   	-178.03		 60.20   	-122.07		
  9.44   	-167.85		 59.71   	-106.82		
  8.77   	-152.59		 59.29   	-101.73		
  8.16   	-137.33		 58.88   	 -91.56		
  7.61   	-127.16		 58.51   	 -76.30		
  7.10   	-111.90		 58.21   	 -66.12		
  6.65   	-101.73		 57.94   	 -55.95		
  6.25   	 -86.47		 57.72   	 -50.86		
  5.90   	 -71.21		 57.52   	 -40.69		
  5.62   	 -61.04		 57.35   	 -30.52		
  5.37   	 -50.86		 57.23   	 -30.52		
  5.17   	 -40.69		 57.11   	 -20.35		
  5.01   	 -35.61		 57.03   	 -20.35		
  4.86   	 -35.61		 56.95   	 -15.26		
  4.72   	 -25.43		 56.89   	 -15.26		
  4.62   	 -25.43		 56.83   	 -15.26		
  4.52   	 -20.35		 56.76   	 -10.17		
  4.44   	 -20.35		 56.72   	 -10.17		
  4.35   	 -10.17		 56.68   	 -15.26		
  4.31   	 -10.17		 56.62   	 -10.17		
  4.27(D)	   0.00		 56.58   	 -15.26		
  4.27   	   0.00		 56.52   	 -15.26		
  4.27   	   5.09		 56.46   	 -15.26		
  4.29   	   5.09		 56.40   	 -15.26		
  4.31   	  10.17		 56.34   	 -20.35		
  4.35   	  10.17		 56.26   	 -20.35		
  4.39   	  10.17		 56.17   	 -20.35		
  4.44   	  20.35		 56.09   	 -25.43		
  4.52   	  20.35		 55.99   	 -20.35		
  4.60   	  25.43		 55.91   	 -25.43		
  4.70   	  25.43		 55.81   	 -30.52		
  4.80   	  25.43		 55.69   	 -25.43		
  4.90   	  25.43		 55.58   	 -30.52		
  5.01   	  25.43		 55.46   	 -30.52		
  5.11   	  25.43		 55.34   	 -35.61		
  5.21   	  25.43		 55.20   	 -35.61		
  5.31   	  20.35		 55.06   	 -30.52		
  5.39   	  20.35		 54.93   	 -40.69		
  5.47(E)	  15.26		 54.77   	 -40.69		
  5.53   	  15.26		 54.61   	 -35.61		
  5.60   	  15.26		 54.47   	 -40.69		
  5.66   	  10.17		 54.30   	 -35.61		
  5.70   	  10.17		 54.16   	 -40.69		
  5.74   	   5.09		 54.00   	 -40.69		
  5.76   	   0.00		 53.83   	 -35.61		
  5.76   	   0.00		 53.69   	 -35.61		
  5.76   	   5.09		 53.55   	 -35.61		
  5.78   	  10.17		 53.41   	 -35.61		
  5.82   	  15.26		 53.27   	 -35.61		
  5.88   	  25.43		 53.12   	 -35.61		
  5.98   	  35.61		 52.98   	 -35.61		
  6.12   	  40.69		 52.84   	 -35.61		
  6.29   	  61.04		 52.70   	 -30.52		
  6.53   	  96.64		 52.57   	 -35.61		
  6.92   	 132.25		 52.43   	 -30.52		
  7.45   	 142.42		 52.31   	 -30.52		
  8.02   	 152.59		 52.19   	 -30.52		
  8.63   	 172.94		 52.06   	 -30.52		
  9.32   	 188.20		 51.94   	 -30.52		
 10.07   	 208.54		 51.82   	 -30.52		
 10.91   	 213.63		 51.70   	 -30.52		
 11.76   	 233.98		 51.58   	 -25.43		
 12.70   	 356.05		 51.47   	 -35.61		
 14.12   	 376.40		 51.33   	 -30.52		
 15.63   	 396.74		 51.21   	 -35.61		
 17.21   	 417.09		 51.07   	 -30.52		
 18.88   	 437.43		 50.95   	 -35.61		
 20.63   	 447.61		 50.80   	 -30.52		
 22.42   	 442.52		 50.68   	 -35.61		
 24.19   	 437.43		 50.54   	 -40.69		
 25.94   	 427.26		 50.38   	 -35.61		
 27.65   	 412.00		 50.23   	 -35.61		
 29.30   	 376.40		 50.09   	 -40.69		
 30.80   	 350.97		 49.93   	 -40.69		
 32.21   	 320.45		 49.77   	 -35.61		
 33.49   	 279.75		 49.62   	 -40.69		
 34.61   	 239.06		 49.46   	 -35.61		
 35.56   	 208.54		 49.32   	 -40.69		
 36.40   	 172.94		 49.16   	 -35.61		
 37.09   	 142.42		 49.01   	 -35.61		
 37.66   	 116.99		 48.87   	 -35.61		
 38.13   	  91.56		 48.73   	 -30.52		
 38.49   	  81.38		 48.61   	 -35.61		
 38.82   	  71.21		 48.46   	 -25.43		
 39.10   	  66.12		 48.36   	 -20.35		
 39.37   	  66.12		 48.28   	 -15.26		
 39.63   	  55.95		 48.22(D)	   0.00		
 39.86   	  76.30		 48.22   	  40.69		
 40.16   	  76.30		 48.38   	  71.21		
 40.47   	  76.30		 48.67   	 101.73		
 40.77   	  81.38		 49.07   	 132.25		
 41.10   	  86.47		 49.60   	 172.94		
 41.44   	  91.56		 50.29   	 208.54		
 41.81   	  91.56		 51.13   	 239.06		
 42.18   	 101.73		 52.09   	 274.67		
 42.58   	 106.82		 53.18   	 300.10		
 43.01   	 106.82		 54.38   	 320.45		
 43.44   	 106.82		 55.67   	 345.88		
 43.87   	 111.90		 57.05   	 350.97		
 44.31   	 116.99		 58.45   	 356.05		
 44.78   	 116.99		 59.88   	 361.14		
 45.25   	 116.99		 61.32   	 350.97		
 45.72   	 106.82		 62.73   	 340.79		
 46.14   	 111.90		 64.09   	 325.53		
 46.59   	 101.73		 65.39   	 305.19		
 47.00   	 101.73		 66.61   	 284.84		
 47.41   	  91.56		 67.75   	 259.41		
 47.77   	  91.56		 68.79   	 239.06		
 48.14   	  81.38		 69.75   	 208.54		
 48.46   	  81.38		 70.58   	 183.11		
 48.79   	  71.21		 71.31   	 157.68		
 49.07   	  66.12		 71.94   	 137.33		
 49.34   	  61.04		 72.49   	 106.82		
 49.58   	  55.95		 72.92   	  81.38		
 49.81   	  45.78		 73.24   	  66.12		
 49.99   	  40.69		 73.51   	  50.86		
 50.15   	  35.61		 73.71   	  35.61		
 50.29   	  30.52		 73.86   	  25.43		
 50.42   	  25.43		 73.96   	  10.17		
 50.52   	  15.26		 74.00   	   5.09		
 50.58   	   5.09		 74.02   	  -5.09		
 50.60   	  -5.09		 74.00   	 -15.26		
 50.58   	 -15.26		 73.94   	 -15.26		
 50.52   	 -30.52		 73.88   	 -25.43		
 50.40   	 -45.78		 73.77   	 -30.52		
 50.21   	 -76.30		 73.65   	 -30.52		
 49.91   	 -91.56		 73.53   	 -40.69		
 49.54   	-122.07		 73.37   	 -40.69		
 49.05   	-167.85		 73.20   	 -50.86		
 48.38   	-203.46		 73.00   	 -55.95		
 47.57   	-239.06		 72.78   	 -55.95		
 46.61   	-295.01		 72.55   	 -66.12		
 45.43   	-356.05		 72.29   	 -66.12		
 44.01   	-412.00		 72.02   	 -76.30		
 42.36   	-452.69		 71.72   	 -76.30		
 40.55   	-473.04		 71.41   	 -86.47		
 38.66   	-488.30		 71.07   	 -91.56		
 36.70   	-584.94		 70.70   	-111.90		
 34.36   	-579.86		 70.25   	-116.99		
 32.04   	-554.42		 69.79   	-122.07		
 29.83   	  N/A		 69.30   	  N/A		
