WITTCASE NUMBER: HA003002
SAMPLE NUMBER:   3
TIME RESOLUTION: 4 ms/sample
mmHg RESOLUTION: 0.0203458 mmHg/unit
DATA UNITS:      mmHg, mmHg/sec

------------------------- Begin Data -------------------------
  RV     	  RV'		  RFA     	  RFA'		
 31.43   	   5.09		 53.53   	 208.54		
 31.45   	  20.35		 54.36   	 279.75		
 31.54   	  35.61		 55.48   	 330.62		
 31.68   	  45.78		 56.81   	 376.40		
 31.86   	  61.04		 58.31   	 401.83		
 32.11   	  81.38		 59.92   	 406.92		
 32.43   	  91.56		 61.55   	 396.74		
 32.80   	  96.64		 63.13   	 376.40		
 33.18   	  96.64		 64.64   	 340.79		
 33.57   	 101.73		 66.00   	 305.19		
 33.98   	 101.73		 67.22   	 264.50		
 34.38   	 106.82		 68.28   	 228.89		
 34.81   	 101.73		 69.20   	 188.20		
 35.22   	 106.82		 69.95   	 152.59		
 35.65   	 106.82		 70.56   	 137.33		
 36.07   	 106.82		 71.11   	 127.16		
 36.50   	  96.64		 71.62   	 116.99		
 36.89   	  91.56		 72.09   	 127.16		
 37.25   	  86.47		 72.59   	 142.42		
 37.60   	  76.30		 73.16   	 157.68		
 37.90   	  71.21		 73.79   	 172.94		
 38.19   	  61.04		 74.49   	 193.29		
 38.43   	  50.86		 75.26   	 208.54		
 38.64   	  40.69		 76.09   	 223.80		
 38.80   	  30.52		 76.99   	 239.06		
 38.92   	  20.35		 77.94   	 244.15		
 39.00   	  10.17		 78.92   	 249.24		
 39.04   	 -10.17		 79.92   	 244.15		
 39.00   	 -15.26		 80.89   	 239.06		
 38.94   	 -30.52		 81.85   	 223.80		
 38.82   	 -40.69		 82.75   	 208.54		
 38.66   	 -50.86		 83.58   	 188.20		
 38.45   	 -66.12		 84.33   	 178.03		
 38.19   	 -81.38		 85.05   	 162.77		
 37.86   	 -91.56		 85.70   	 137.33		
 37.50   	-111.90		 86.25   	 122.07		
 37.05   	-127.16		 86.73   	 101.73		
 36.54   	-137.33		 87.14   	  86.47		
 35.99   	-152.59		 87.49   	  66.12		
 35.38   	-167.85		 87.75   	  50.86		
 34.71   	-183.11		 87.95   	  35.61		
 33.98   	-213.63		 88.10   	  15.26		
 33.12   	-254.32		 88.16   	   5.09		
 32.11   	-279.75		 88.18(S)	 -10.17		
 30.99   	-305.19		 88.14   	 -25.43		
 29.77   	-330.62		 88.04   	 -30.52		
 28.44   	-356.05		 87.91   	 -45.78		
 27.02   	-366.22		 87.73   	 -61.04		
 25.55   	-376.40		 87.49   	 -71.21		
 24.05   	-381.48		 87.20   	 -76.30		
 22.52   	-386.57		 86.90   	 -91.56		
 20.98   	-381.48		 86.53   	-101.73		
 19.45   	-386.57		 86.12   	-111.90		
 17.90   	-386.57		 85.68   	-122.07		
 16.36   	-381.48		 85.19   	-127.16		
 14.83   	-371.31		 84.68   	-137.33		
 13.35   	-356.05		 84.13   	-147.51		
 11.92   	-345.88		 83.54   	-147.51		
 10.54   	-325.53		 82.95   	-152.59		
  9.24   	-305.19		 82.34   	-152.59		
  8.02   	-295.01		 81.73   	-157.68		
  6.84   	-274.67		 81.10   	-167.85		
  5.74   	-259.41		 80.43   	-167.85		
  4.70   	-249.24		 79.76   	-172.94		
  3.70   	-239.06		 79.06   	-178.03		
  2.75   	-223.80		 78.35   	-178.03		
  1.85   	-218.72		 77.64   	-188.20		
  0.98   	-208.54		 76.89   	-183.11		
  0.14   	-198.37		 76.15   	-183.11		
 -0.65   	-183.11		 75.42   	-183.11		
 -1.38   	-178.03		 74.69   	-172.94		
 -2.10   	-162.77		 74.00   	-172.94		
 -2.75   	-142.42		 73.31   	-157.68		
 -3.32   	-111.90		 72.68   	-152.59		
 -3.76   	 -81.38		 72.06   	-142.42		
 -4.09   	 -35.61		 71.50   	-127.16		
 -4.23   	   0.00		 70.99   	-116.99		
 -4.23   	  35.61		 70.52   	-111.90		
 -4.09   	  71.21		 70.07   	-101.73		
 -3.80   	  86.47		 69.66   	 -96.64		
 -3.46   	 116.99		 69.28   	 -86.47		
 -2.99   	 157.68		 68.93   	 -86.47		
 -2.36   	 208.54		 68.59   	 -76.30		
 -1.53   	 254.32		 68.28   	 -81.38		
 -0.51   	 274.67		 67.95   	 -76.30		
  0.59   	 274.67		 67.65   	 -76.30		
  1.69   	 259.41		 67.34   	 -71.21		
  2.73   	 218.72		 67.06   	 -81.38		
  3.60   	 172.94		 66.73   	 -76.30		
  4.29   	 122.07		 66.43   	 -71.21		
  4.78   	  86.47		 66.14   	 -76.30		
  5.13   	  50.86		 65.84   	 -76.30		
  5.33   	  30.52		 65.53   	 -71.21		
  5.45   	  25.43		 65.25   	 -76.30		
  5.55   	  15.26		 64.94   	 -66.12		
  5.62   	  15.26		 64.68   	 -66.12		
  5.68   	  20.35		 64.41   	 -55.95		
  5.76   	  20.35		 64.19   	 -55.95		
  5.84   	  20.35		 63.97   	 -45.78		
  5.92   	  20.35		 63.78   	 -40.69		
  6.00   	  15.26		 63.62   	 -35.61		
  6.06   	  25.43		 63.48   	 -30.52		
  6.16   	  20.35		 63.36   	 -25.43		
  6.25   	  20.35		 63.26   	 -25.43		
  6.33   	  15.26		 63.15   	 -20.35		
  6.39   	  10.17		 63.07   	 -20.35		
  6.43   	   5.09		 62.99   	 -20.35		
  6.45   	   0.00		 62.91   	 -15.26		
  6.45   	 -10.17		 62.85   	 -20.35		
  6.41   	 -10.17		 62.77   	 -15.26		
  6.37   	 -15.26		 62.71   	 -20.35		
  6.31   	 -15.26		 62.62   	 -20.35		
  6.25   	 -20.35		 62.54   	 -20.35		
  6.16   	 -10.17		 62.46   	 -20.35		
  6.12   	 -10.17		 62.38   	 -20.35		
  6.08   	  -5.09		 62.30   	 -20.35		
  6.06   	   0.00		 62.22   	 -15.26		
  6.06   	   5.09		 62.16   	 -15.26		
  6.08   	   0.00		 62.10   	 -20.35		
  6.08   	  10.17		 62.01   	 -15.26		
  6.12   	   5.09		 61.95   	 -15.26		
  6.14   	  15.26		 61.89   	 -15.26		
  6.21   	  10.17		 61.83   	 -15.26		
  6.25   	  10.17		 61.77   	 -10.17		
  6.29   	  15.26		 61.73   	 -10.17		
  6.35   	  10.17		 61.69   	 -10.17		
  6.39   	  10.17		 61.65   	 -10.17		
  6.43   	  10.17		 61.61   	 -10.17		
  6.47   	   5.09		 61.57   	 -15.26		
  6.49   	   5.09		 61.51   	 -15.26		
  6.51   	   5.09		 61.44   	 -20.35		
  6.53   	  -5.09		 61.36   	 -25.43		
  6.51   	  -5.09		 61.26   	 -25.43		
  6.49   	 -10.17		 61.16   	 -30.52		
  6.45   	 -15.26		 61.04   	 -25.43		
  6.39   	 -15.26		 60.94   	 -30.52		
  6.33   	 -20.35		 60.81   	 -25.43		
  6.25   	 -20.35		 60.71   	 -25.43		
  6.16   	 -20.35		 60.61   	 -25.43		
  6.08   	 -25.43		 60.51   	 -20.35		
  5.98   	 -20.35		 60.43   	 -20.35		
  5.90   	 -20.35		 60.35   	 -20.35		
  5.82   	 -20.35		 60.26   	 -20.35		
  5.74   	 -20.35		 60.18   	 -20.35		
  5.66   	 -20.35		 60.10   	 -20.35		
  5.57   	 -15.26		 60.02   	 -25.43		
  5.51   	 -20.35		 59.92   	 -20.35		
  5.43   	 -20.35		 59.84   	 -15.26		
  5.35   	 -20.35		 59.78   	 -20.35		
  5.27   	 -20.35		 59.69   	 -20.35		
  5.19   	 -20.35		 59.61   	 -15.26		
  5.11   	 -15.26		 59.55   	 -20.35		
  5.05   	 -15.26		 59.47   	 -20.35		
  4.98   	 -15.26		 59.39   	 -25.43		
  4.92   	  -5.09		 59.29   	 -20.35		
  4.90   	  -5.09		 59.21   	 -20.35		
  4.88(E)	  10.17		 59.12   	 -25.43		
  4.92   	  15.26		 59.02   	 -20.35		
  4.98   	  25.43		 58.94   	 -25.43		
  5.09   	  35.61		 58.84   	 -25.43		
  5.23   	  45.78		 58.74   	 -25.43		
  5.41   	  55.95		 58.64   	 -30.52		
  5.64   	  55.95		 58.51   	 -25.43		
  5.86   	  61.04		 58.41   	 -20.35		
  6.10   	  61.04		 58.33   	 -20.35		
  6.35   	  50.86		 58.25   	 -25.43		
  6.55   	  45.78		 58.15   	 -20.35		
  6.73   	  40.69		 58.07   	 -20.35		
  6.90   	  25.43		 57.99   	 -20.35		
  7.00   	  15.26		 57.90   	 -30.52		
  7.06   	  10.17		 57.78   	 -30.52		
  7.10   	   0.00		 57.66   	 -35.61		
  7.10   	 -10.17		 57.52   	 -35.61		
  7.06   	 -25.43		 57.38   	 -35.61		
  6.96   	 -30.52		 57.23   	 -30.52		
  6.84   	 -40.69		 57.11   	 -35.61		
  6.67   	 -40.69		 56.97   	 -30.52		
  6.51   	 -50.86		 56.85   	 -30.52		
  6.31   	 -55.95		 56.72   	 -30.52		
  6.08   	 -55.95		 56.60   	 -35.61		
  5.86   	 -61.04		 56.46   	 -30.52		
  5.62   	 -55.95		 56.34   	 -25.43		
  5.39   	 -45.78		 56.24   	 -25.43		
  5.21   	 -25.43		 56.13   	 -25.43		
  5.11   	  -5.09		 56.03   	 -20.35		
  5.09   	  20.35		 55.95   	 -25.43		
  5.17   	  45.78		 55.85   	 -25.43		
  5.35   	  55.95		 55.75   	 -20.35		
  5.57   	  71.21		 55.67   	 -25.43		
  5.86   	  91.56		 55.56   	 -20.35		
  6.23   	 116.99		 55.48   	 -20.35		
  6.69   	 147.51		 55.40   	 -20.35		
  7.28   	 188.20		 55.32   	 -20.35		
  8.04   	 218.72		 55.24   	 -25.43		
  8.91   	 325.53		 55.14   	 -30.52		
 10.21   	 361.14		 55.02   	 -25.43		
 11.66   	 396.74		 54.91   	 -30.52		
 13.25   	 442.52		 54.79   	 -30.52		
 15.02   	 473.04		 54.67   	 -25.43		
 16.91   	 498.47		 54.57   	 -30.52		
 18.90   	 508.65		 54.45   	 -25.43		
 20.94   	 508.65		 54.34   	 -25.43		
 22.97   	 508.65		 54.24   	 -20.35		
 25.00   	 503.56		 54.16   	 -20.35		
 27.02   	 498.47		 54.08   	 -15.26		
 29.01   	 478.13		 54.02   	 -15.26		
 30.93   	 442.52		 53.96   	 -20.35		
 32.70   	 401.83		 53.88   	 -10.17		
 34.30   	 350.97		 53.83   	 -15.26		
 35.71   	 289.93		 53.77   	 -15.26		
 36.87   	 233.98		 53.71   	 -15.26		
 37.80   	 183.11		 53.65   	 -15.26		
 38.53   	 142.42		 53.59   	 -10.17		
 39.10   	  91.56		 53.55   	 -10.17		
 39.47   	  40.69		 53.51   	 -10.17		
 39.63   	   0.00		 53.47   	  -5.09		
 39.63   	 -45.78		 53.45   	 -10.17		
 39.45   	 -81.38		 53.41   	 -15.26		
 39.12   	-106.82		 53.35   	 -10.17		
 38.70   	-122.07		 53.31   	 -10.17		
 38.21   	-127.16		 53.27   	 -20.35		
 37.70   	-127.16		 53.18   	 -15.26		
 37.19   	-127.16		 53.12   	 -15.26		
 36.68   	-111.90		 53.06   	 -20.35		
 36.24   	-106.82		 52.98   	 -15.26		
 35.81   	 -91.56		 52.92   	 -10.17		
 35.44   	 -76.30		 52.88   	 -15.26		
 35.14   	 -55.95		 52.82   	 -10.17		
 34.91   	 -35.61		 52.78   	 -15.26		
 34.77   	  -5.09		 52.72   	 -10.17		
 34.75   	  15.26		 52.68   	  -5.09		
 34.81   	  40.69		 52.65   	  -5.09		
 34.97   	  66.12		 52.63(D)	   0.00		
 35.24   	  86.47		 52.63   	   5.09		
 35.58   	 101.73		 52.65   	   5.09		
 35.99   	 116.99		 52.68   	  20.35		
 36.46   	 137.33		 52.76   	  25.43		
 37.01   	 152.59		 52.86   	  55.95		
 37.62   	 157.68		 53.08   	  86.47		
 38.25   	 172.94		 53.43   	 127.16		
 38.94   	 172.94		 53.94   	 178.03		
 39.63   	 183.11		 54.65   	 233.98		
 40.37   	 178.03		 55.58   	 274.67		
 41.08   	 183.11		 56.68   	 315.36		
 41.81   	 178.03		 57.94   	 340.79		
 42.52   	 172.94		 59.31   	 361.14		
 43.21   	 167.85		 60.75   	 356.05		
 43.89   	 162.77		 62.18   	 345.88		
 44.54   	 152.59		 63.56   	 325.53		
 45.15   	 142.42		 64.86   	 300.10		
 45.72   	 132.25		 66.06   	 274.67		
 46.25   	 116.99		 67.16   	 239.06		
 46.71   	 101.73		 68.12   	 213.63		
 47.12   	  91.56		 68.97   	 183.11		
 47.49   	  81.38		 69.70   	 167.85		
 47.81   	  61.04		 70.38   	 147.51		
 48.06   	  55.95		 70.97   	 142.42		
 48.28   	  40.69		 71.54   	 142.42		
 48.44   	  30.52		 72.11   	 137.33		
 48.57   	  20.35		 72.65   	 147.51		
 48.65   	  10.17		 73.24   	 157.68		
 48.69   	   5.09		 73.88   	 162.77		
 48.71(S)	 -10.17		 74.53   	 178.03		
 48.67   	 -10.17		 75.24   	 188.20		
 48.63   	 -15.26		 75.99   	 193.29		
 48.57   	 -25.43		 76.76   	 208.54		
 48.46   	 -25.43		 77.60   	 203.46		
 48.36   	 -35.61		 78.41   	 208.54		
 48.22   	 -35.61		 79.25   	 198.37		
 48.08   	 -50.86		 80.04   	 198.37		
 47.87   	 -50.86		 80.83   	 183.11		
 47.67   	 -66.12		 81.57   	 167.85		
 47.41   	 -76.30		 82.24   	 157.68		
 47.10   	 -91.56		 82.87   	 147.51		
 46.73   	-101.73		 83.46   	 127.16		
 46.33   	-127.16		 83.97   	 116.99		
 45.82   	-152.59		 84.44   	 101.73		
 45.21   	-178.03		 84.84   	  86.47		
 44.50   	-198.37		 85.19   	  76.30		
 43.70   	-208.54		 85.49   	  55.95		
 42.87   	-223.80		 85.72   	  45.78		
 41.97   	-228.89		 85.90   	  35.61		
 41.06   	-244.15		 86.04   	  20.35		
 40.08   	-269.58		 86.12   	  10.17		
 39.00   	-295.01		 86.16(S)	 -10.17		
 37.82   	-320.45		 86.12   	 -20.35		
 36.54   	-335.71		 86.04   	 -35.61		
 35.20   	-350.97		 85.90   	 -55.95		
 33.79   	-361.14		 85.68   	 -71.21		
 32.35   	-361.14		 85.39   	 -76.30		
 30.91   	-361.14		 85.09   	 -91.56		
 29.46   	-371.31		 84.72   	-101.73		
 27.98   	-381.48		 84.31   	-116.99		
 26.45   	-391.66		 83.85   	-127.16		
 24.88   	-401.83		 83.34   	-137.33		
 23.28   	-406.92		 82.79   	-147.51		
 21.65   	-406.92		 82.20   	-152.59		
 20.02   	-396.74		 81.59   	-152.59		
 18.43   	-396.74		 80.98   	-167.85		
 16.85   	-381.48		 80.30   	-167.85		
 15.32   	-371.31		 79.63   	-178.03		
 13.84   	-356.05		 78.92   	-178.03		
 12.41   	-340.79		 78.21   	-183.11		
 11.05   	-325.53		 77.48   	-183.11		
  9.75   	-300.10		 76.74   	-183.11		
  8.55   	-279.75		 76.01   	-183.11		
  7.43   	-254.32		 75.28   	-172.94		
  6.41   	-223.80		 74.59   	-167.85		
  5.51   	-193.29		 73.92   	-162.77		
  4.74   	-167.85		 73.27   	-152.59		
  4.07   	-142.42		 72.65   	-137.33		
  3.50   	-116.99		 72.11   	-132.25		
  3.03   	 -96.64		 71.58   	-111.90		
  2.64   	 -66.12		 71.13   	-106.82		
  2.38   	 -35.61		 70.70   	 -91.56		
  2.24   	 -10.17		 70.34   	 -86.47		
  2.20(D)	  25.43		 69.99   	 -81.38		
  2.30   	  40.69		 69.66   	 -76.30		
  2.46   	  50.86		 69.36   	 -76.30		
  2.67   	  61.04		 69.05   	 -76.30		
  2.91   	  61.04		 68.75   	 -76.30		
  3.15   	  55.95		 68.44   	 -76.30		
  3.38   	  61.04		 68.14   	 -81.38		
  3.62   	  50.86		 67.81   	 -81.38		
  3.83   	  50.86		 67.49   	 -76.30		
  4.03   	  40.69		 67.18   	 -81.38		
  4.19   	  30.52		 66.86   	 -81.38		
  4.31   	  15.26		 66.53   	 -76.30		
  4.37   	  10.17		 66.23   	 -76.30		
  4.42   	  -5.09		 65.92   	 -76.30		
  4.39   	 -10.17		 65.62   	 -66.12		
  4.35   	 -20.35		 65.35   	 -71.21		
  4.27   	 -20.35		 65.07   	 -66.12		
  4.19   	 -25.43		 64.80   	 -66.12		
  4.09   	 -25.43		 64.54   	 -61.04		
  3.99   	 -20.35		 64.29   	 -55.95		
  3.91   	 -20.35		 64.07   	 -55.95		
  3.83   	 -15.26		 63.85   	 -50.86		
  3.76   	 -15.26		 63.64   	 -45.78		
  3.70   	 -15.26		 63.46   	 -45.78		
  3.64   	 -10.17		 63.28   	 -40.69		
  3.60   	 -10.17		 63.11   	 -40.69		
  3.56   	 -10.17		 62.95   	 -35.61		
  3.52   	 -10.17		 62.81   	 -30.52		
  3.48   	  -5.09		 62.69   	 -30.52		
  3.46   	 -10.17		 62.56   	 -30.52		
  3.42   	  -5.09		 62.44   	 -30.52		
  3.40   	  -5.09		 62.32   	 -20.35		
  3.38   	   0.00		 62.24   	 -20.35		
  3.38   	   0.00		 62.16   	 -20.35		
  3.38   	   5.09		 62.08   	 -15.26		
  3.40   	   5.09		 62.01   	 -20.35		
  3.42   	  10.17		 61.93   	 -15.26		
  3.46   	   5.09		 61.87   	 -15.26		
  3.48   	  15.26		 61.81   	 -20.35		
  3.54   	  10.17		 61.73   	 -20.35		
  3.58   	  10.17		 61.65   	 -15.26		
  3.62   	  10.17		 61.59   	 -15.26		
  3.66   	  10.17		 61.53   	 -20.35		
  3.70   	  10.17		 61.44   	 -25.43		
  3.74   	  15.26		 61.34   	 -20.35		
  3.80   	  10.17		 61.26   	 -25.43		
  3.85   	  15.26		 61.16   	 -25.43		
  3.91   	  15.26		 61.06   	 -25.43		
  3.97   	  20.35		 60.96   	 -30.52		
  4.05   	  15.26		 60.83   	 -35.61		
  4.11   	  15.26		 60.69   	 -30.52		
  4.17   	  20.35		 60.57   	 -35.61		
  4.25   	  15.26		 60.43   	 -35.61		
  4.31   	  10.17		 60.28   	 -35.61		
  4.35   	  15.26		 60.14   	 -35.61		
  4.42   	  10.17		 60.00   	 -25.43		
  4.46   	   5.09		 59.90   	 -25.43		
  4.48   	  10.17		 59.80   	 -25.43		
  4.52   	   5.09		 59.69   	 -25.43		
  4.54   	   5.09		 59.59   	 -25.43		
  4.56   	   0.00		 59.49   	 -25.43		
  4.56   	   0.00		 59.39   	 -25.43		
  4.56   	 -10.17		 59.29   	 -20.35		
  4.52   	  -5.09		 59.21   	 -15.26		
  4.50   	 -15.26		 59.15   	 -15.26		
  4.44   	 -10.17		 59.08   	 -15.26		
  4.39   	 -15.26		 59.02   	 -10.17		
  4.33   	 -10.17		 58.98   	 -10.17		
  4.29   	 -10.17		 58.94   	 -15.26		
  4.25   	  -5.09		 58.88   	 -15.26		
  4.23   	  -5.09		 58.82   	 -15.26		
  4.21   	   0.00		 58.76   	 -15.26		
  4.21   	   5.09		 58.70   	 -20.35		
  4.23   	   5.09		 58.62   	 -20.35		
  4.25   	  10.17		 58.53   	 -20.35		
  4.29   	   5.09		 58.45   	 -25.43		
  4.31   	  10.17		 58.35   	 -25.43		
  4.35   	  10.17		 58.25   	 -30.52		
  4.39   	  15.26		 58.13   	 -30.52		
  4.46   	  10.17		 58.01   	 -30.52		
  4.50   	   5.09		 57.88   	 -25.43		
  4.52   	  10.17		 57.78   	 -25.43		
  4.56   	   5.09		 57.68   	 -25.43		
  4.58   	   5.09		 57.58   	 -25.43		
  4.60   	   0.00		 57.48   	 -25.43		
  4.60   	  -5.09		 57.38   	 -20.35		
  4.58   	   0.00		 57.29   	 -25.43		
  4.58   	  -5.09		 57.19   	 -20.35		
  4.56   	   0.00		 57.11   	 -20.35		
  4.56   	   0.00		 57.03   	 -20.35		
  4.56(E)	  10.17		 56.95   	 -20.35		
  4.60   	  10.17		 56.87   	 -20.35		
  4.64   	  15.26		 56.79   	 -20.35		
  4.70   	  20.35		 56.70   	 -20.35		
  4.78   	  25.43		 56.62   	 -20.35		
  4.88   	  20.35		 56.54   	 -25.43		
  4.96   	  25.43		 56.44   	 -20.35		
  5.07   	  30.52		 56.36   	 -25.43		
  5.19   	  30.52		 56.26   	 -30.52		
  5.31   	  30.52		 56.13   	 -30.52		
  5.43   	  25.43		 56.01   	 -35.61		
  5.53   	  25.43		 55.87   	 -30.52		
  5.64   	  20.35		 55.75   	 -35.61		
  5.72   	  15.26		 55.61   	 -30.52		
  5.78   	  10.17		 55.48   	 -25.43		
  5.82   	  10.17		 55.38   	 -30.52		
  5.86   	   0.00		 55.26   	 -25.43		
  5.86   	   0.00		 55.16   	 -25.43		
  5.86   	 -10.17		 55.06   	 -25.43		
  5.82   	 -25.43		 54.95   	 -20.35		
  5.72   	 -30.52		 54.87   	 -20.35		
  5.60   	 -35.61		 54.79   	 -20.35		
  5.45   	 -40.69		 54.71   	 -20.35		
  5.29   	 -35.61		 54.63   	 -20.35		
  5.15   	 -35.61		 54.55   	 -20.35		
  5.01   	 -15.26		 54.47   	 -15.26		
  4.94   	   0.00		 54.40   	 -15.26		
  4.94   	  30.52		 54.34   	 -15.26		
  5.07   	  61.04		 54.28   	 -10.17		
  5.31   	 101.73		 54.24   	 -15.26		
  5.72   	 137.33		 54.18   	 -10.17		
  6.27   	 157.68		 54.14   	 -10.17		
  6.90   	 208.54		 54.10   	 -20.35		
  7.73   	 213.63		 54.02   	 -20.35		
  8.59   	 223.80		 53.94   	 -25.43		
  9.48   	 244.15		 53.83   	 -25.43		
 10.46   	 274.67		 53.73   	 -25.43		
 11.56   	 305.19		 53.63   	 -30.52		
 12.78   	 325.53		 53.51   	 -25.43		
 14.08   	 356.05		 53.41   	 -25.43		
 15.50   	 366.22		 53.31   	 -25.43		
 16.97   	 376.40		 53.20   	 -25.43		
 18.47   	 376.40		 53.10   	 -20.35		
 19.98   	 386.57		 53.02   	 -20.35		
 21.53   	 386.57		 52.94   	 -15.26		
 23.07   	 396.74		 52.88   	 -15.26		
 24.66   	 391.66		 52.82   	 -10.17		
 26.23   	 391.66		 52.78   	 -10.17		
 27.79   	 381.48		 52.74   	 -10.17		
 29.32   	 366.22		 52.70   	  -5.09		
 30.78   	 350.97		 52.68   	 -10.17		
 32.19   	 325.53		 52.63   	  -5.09		
 33.49   	 300.10		 52.61   	 -10.17		
 34.69   	 274.67		 52.57   	 -10.17		
 35.79   	 249.24		 52.53   	 -15.26		
 36.79   	 218.72		 52.47   	 -10.17		
 37.66   	 188.20		 52.43   	 -15.26		
 38.41   	 157.68		 52.37   	 -10.17		
 39.04   	 127.16		 52.33   	 -15.26		
 39.55   	  96.64		 52.27   	 -15.26		
 39.94   	  66.12		 52.21   	 -15.26		
 40.20   	  35.61		 52.15   	 -15.26		
 40.35   	  15.26		 52.09   	 -20.35		
 40.41   	 -10.17		 52.00   	 -20.35		
 40.37   	 -30.52		 51.92   	 -15.26		
 40.24   	 -50.86		 51.86   	 -10.17		
 40.04   	 -66.12		 51.82   	 -10.17		
 39.78   	 -76.30		 51.78(D)	   5.09		
 39.47   	 -86.47		 51.80   	  20.35		
 39.12   	 -91.56		 51.88   	  40.69		
 38.76   	 -96.64		 52.04   	  76.30		
 38.37   	 -91.56		 52.35   	 132.25		
 38.01   	 -86.47		 52.88   	 203.46		
 37.66   	 -71.21		 53.69   	 295.01		
 37.38   	 -66.12		 54.87   	 371.31		
 37.11   	 -50.86		 56.36   	 442.52		
 36.91   	 -40.69		 58.13   	 478.13		
 36.74   	 -25.43		 60.04   	 493.39		
 36.64   	 -15.26		 62.01   	 483.21		
 36.58   	   0.00		 63.95   	 447.61		
 36.58   	   5.09		 65.74   	 412.00		
 36.60   	  20.35		 67.39   	 361.14		
 36.68   	  30.52		 68.83   	 315.36		
 36.81   	  40.69		 70.09   	 264.50		
 36.97   	  50.86		 71.15   	 218.72		
 37.17   	  61.04		 72.02   	 172.94		
 37.42   	  71.21		 72.72   	 147.51		
 37.70   	  76.30		 73.31   	 122.07		
 38.01   	  81.38		 73.79   	 116.99		
 38.33   	  86.47		 74.26   	 116.99		
 38.68   	  86.47		 74.73   	 132.25		
 39.02   	  81.38		 75.26   	 152.59		
 39.35   	  86.47		 75.87   	 172.94		
 39.69   	  76.30		 76.56   	 203.46		
 40.00   	  76.30		 77.38   	 228.89		
 40.31   	  71.21		 78.29   	 244.15		
 40.59   	  66.12		 79.27   	 264.50		
 40.85   	  61.04		 80.33   	 274.67		
 41.10   	  50.86		 81.42   	 284.84		
 41.30   	  40.69		 82.56   	 284.84		
 41.46   	  25.43		 83.70   	 279.75		
 41.57   	  20.35		 84.82   	 264.50		
 41.65(S)	   0.00		 85.88   	 254.32		
 41.65   	 -15.26		 86.90   	 233.98		
 41.59   	 -35.61		 87.83   	 208.54		
 41.44   	 -50.86		 88.67   	 193.29		
 41.24   	 -66.12		 89.44   	 167.85		
 40.98   	 -91.56		 90.11   	 147.51		
 40.61   	-106.82		 90.70   	 122.07		
 40.18   	-132.25		 91.19   	 101.73		
 39.65   	-157.68		 91.60   	  76.30		
 39.02   	-172.94		 91.90   	  61.04		
 38.33   	-203.46		 92.15   	  40.69		
 37.52   	-228.89		 92.31   	  25.43		
 36.60   	-264.50		 92.41   	  10.17		
 35.54   	-300.10		 92.45(S)	  -5.09		
 34.34   	-345.88		 92.43   	 -20.35		
 32.96   	-381.48		 92.35   	 -40.69		
 31.43   	-401.83		 92.19   	 -50.86		
 29.83   	-422.18		 91.98   	 -61.04		
 28.14   	-427.26		 91.74   	 -66.12		
 26.43   	-432.35		 91.47   	 -76.30		
 24.70   	-437.43		 91.17   	 -91.56		
 22.95   	-437.43		 90.80   	-101.73		
 21.20   	-432.35		 90.40   	-106.82		
 19.47   	-427.26		 89.97   	-122.07		
 17.76   	-422.18		 89.48   	-127.16		
 16.07   	-412.00		 88.97   	-142.42		
 14.43   	-391.66		 88.40   	-142.42		
 12.86   	-371.31		 87.83   	-147.51		
 11.37   	-356.05		 87.24   	-152.59		
  9.95   	-330.62		 86.63   	-162.77		
  8.63   	-305.19		 85.98   	-167.85		
  7.41   	-279.75		 85.31   	-167.85		
  6.29   	-259.41		 84.64   	-172.94		
  5.25   	-228.89		 83.95   	-172.94		
  4.33   	-198.37		 83.26   	-172.94		
  3.54   	-178.03		 82.56   	-172.94		
  2.83   	-152.59		 81.87   	-178.03		
  2.22   	-127.16		 81.16   	-172.94		
  1.71   	-111.90		 80.47   	-172.94		
  1.26   	 -86.47		 79.78   	-172.94		
  0.92   	 -71.21		 79.08   	-172.94		
  0.63   	 -55.95		 78.39   	-167.85		
  0.41   	 -40.69		 77.72   	-172.94		
  0.24   	 -25.43		 77.03   	-167.85		
  0.14   	 -15.26		 76.36   	-167.85		
  0.08   	  -5.09		 75.69   	-162.77		
  0.06(D)	   0.00		 75.04   	-157.68		
  0.06   	   5.09		 74.40   	-152.59		
  0.08   	  20.35		 73.79   	-142.42		
  0.16   	  20.35		 73.22   	-132.25		
  0.24   	  25.43		 72.70   	-122.07		
  0.35   	  20.35		 72.21   	-116.99		
  0.43   	  25.43		 71.74   	-106.82		
  0.53   	  25.43		 71.31   	-101.73		
  0.63   	  20.35		 70.91   	 -91.56		
  0.71   	  30.52		 70.54   	 -86.47		
  0.83   	  30.52		 70.19   	 -81.38		
  0.96   	  40.69		 69.87   	 -81.38		
  1.12   	  40.69		 69.54   	 -76.30		
  1.28   	  45.78		 69.24   	 -71.21		
  1.46   	  45.78		 68.95   	 -76.30		
  1.65   	  35.61		 68.65   	 -76.30		
  1.79   	  35.61		 68.34   	 -76.30		
  1.93   	  35.61		 68.04   	 -76.30		
  2.08   	  30.52		 67.73   	 -71.21		
  2.20   	  40.69		 67.45   	 -71.21		
  2.36   	  40.69		 67.16   	 -66.12		
  2.52   	  35.61		 66.90   	 -71.21		
  2.67   	  40.69		 66.61   	 -66.12		
  2.83   	  30.52		 66.35   	 -55.95		
  2.95   	  25.43		 66.12   	 -55.95		
  3.05   	  20.35		 65.90   	 -50.86		
  3.13   	  15.26		 65.70   	 -40.69		
  3.19   	  15.26		 65.53   	 -45.78		
  3.26   	   5.09		 65.35   	 -35.61		
  3.28   	   5.09		 65.21   	 -35.61		
  3.30   	   0.00		 65.07   	 -35.61		
  3.30   	   0.00		 64.92   	 -35.61		
  3.30   	  -5.09		 64.78   	 -30.52		
  3.28   	   0.00		 64.66   	 -30.52		
  3.28   	  -5.09		 64.54   	 -25.43		
  3.26   	  -5.09		 64.44   	 -25.43		
  3.23   	  -5.09		 64.33   	 -20.35		
  3.21   	   0.00		 64.25   	 -25.43		
  3.21   	  -5.09		 64.15   	 -25.43		
  3.19   	   0.00		 64.05   	 -20.35		
  3.19   	   5.09		 63.97   	 -30.52		
  3.21   	   0.00		 63.85   	 -25.43		
  3.21   	   0.00		 63.74   	 -25.43		
  3.21   	   5.09		 63.64   	 -25.43		
  3.23   	   5.09		 63.54   	 -30.52		
  3.26   	   5.09		 63.42   	 -30.52		
  3.28   	   5.09		 63.30   	 -25.43		
  3.30   	  10.17		 63.19   	 -30.52		
  3.34   	   5.09		 63.07   	 -25.43		
  3.36   	  10.17		 62.97   	 -25.43		
  3.40   	  10.17		 62.87   	 -25.43		
  3.44   	   5.09		 62.77   	 -25.43		
  3.46   	  10.17		 62.67   	 -25.43		
  3.50   	   5.09		 62.56   	 -20.35		
  3.52   	  15.26		 62.48   	 -25.43		
  3.58   	  10.17		 62.38   	 -20.35		
  3.62   	  15.26		 62.30   	 -20.35		
  3.68   	  15.26		 62.22   	 -20.35		
  3.74   	  15.26		 62.14   	 -20.35		
  3.80   	  15.26		 62.05   	 -20.35		
  3.87   	  15.26		 61.97   	 -15.26		
  3.93   	  10.17		 61.91   	 -20.35		
  3.97   	  10.17		 61.83   	 -20.35		
  4.01   	  10.17		 61.75   	 -20.35		
  4.05   	   5.09		 61.67   	 -15.26		
  4.07   	  10.17		 61.61   	 -20.35		
  4.11   	   5.09		 61.53   	 -15.26		
  4.13   	   0.00		 61.46   	 -15.26		
  4.13   	   5.09		 61.40   	 -20.35		
  4.15   	  -5.09		 61.32   	 -20.35		
  4.13   	  -5.09		 61.24   	 -20.35		
  4.11   	  -5.09		 61.16   	 -25.43		
  4.09   	 -10.17		 61.06   	 -25.43		
  4.05   	  -5.09		 60.96   	 -20.35		
  4.03   	  -5.09		 60.87   	 -25.43		
  4.01   	  -5.09		 60.77   	 -20.35		
  3.99   	  -5.09		 60.69   	 -20.35		
  3.97   	   5.09		 60.61   	 -25.43		
  3.99   	   0.00		 60.51   	 -25.43		
  3.99   	   5.09		 60.41   	 -20.35		
  4.01   	  10.17		 60.33   	 -20.35		
  4.05   	  10.17		 60.24   	 -20.35		
  4.09   	  10.17		 60.16   	 -20.35		
  4.13   	   5.09		 60.08   	 -30.52		
  4.15   	   0.00		 59.96   	 -25.43		
  4.15   	   0.00		 59.86   	 -25.43		
  4.15   	   0.00		 59.76   	 -30.52		
  4.15   	  -5.09		 59.63   	 -30.52		
  4.13   	  -5.09		 59.51   	 -30.52		
  4.11   	   0.00		 59.39   	 -30.52		
  4.11   	  -5.09		 59.27   	 -30.52		
  4.09   	  -5.09		 59.15   	 -25.43		
  4.07   	   5.09		 59.04   	 -30.52		
  4.09(E)	   5.09		 58.92   	 -30.52		
  4.11   	  10.17		 58.80   	 -25.43		
  4.15   	  20.35		 58.70   	 -30.52		
  4.23   	  20.35		 58.58   	 -30.52		
  4.31   	  30.52		 58.45   	 -20.35		
  4.44   	  30.52		 58.37   	 -25.43		
  4.56   	  25.43		 58.27   	 -20.35		
  4.66   	  35.61		 58.19   	 -25.43		
  4.80   	  30.52		 58.09   	 -25.43		
  4.92   	  30.52		 57.99   	 -20.35		
  5.05   	  30.52		 57.90   	 -30.52		
  5.17   	  35.61		 57.78   	 -25.43		
  5.31   	  35.61		 57.68   	 -25.43		
  5.45   	  25.43		 57.58   	 -20.35		
  5.55   	  25.43		 57.50   	 -30.52		
  5.66   	  10.17		 57.38   	 -25.43		
  5.70   	   5.09		 57.27   	 -30.52		
  5.72   	   0.00		 57.15   	 -30.52		
  5.72   	 -10.17		 57.03   	 -25.43		
  5.68   	 -10.17		 56.93   	 -30.52		
  5.64   	 -15.26		 56.81   	 -25.43		
  5.57   	 -20.35		 56.70   	 -30.52		
  5.49   	 -30.52		 56.58   	 -30.52		
  5.37   	 -40.69		 56.46   	 -25.43		
  5.21   	 -45.78		 56.36   	 -30.52		
  5.03   	 -45.78		 56.24   	 -25.43		
  4.84   	 -50.86		 56.13   	 -30.52		
  4.64   	 -40.69		 56.01   	 -30.52		
  4.48   	 -20.35		 55.89   	 -25.43		
  4.39   	   0.00		 55.79   	 -25.43		
  4.39   	  40.69		 55.69   	 -25.43		
  4.56   	  81.38		 55.58   	 -15.26		
  4.88   	 116.99		 55.52   	 -15.26		
  5.35   	 137.33		 55.46   	 -15.26		
  5.90   	 162.77		 55.40   	 -15.26		
  6.55   	 172.94		 55.34   	 -15.26		
  7.24   	 178.03		 55.28   	 -15.26		
  7.96   	 213.63		 55.22   	 -15.26		
  8.81   	 233.98		 55.16   	 -15.26		
  9.75   	 259.41		 55.10   	 -20.35		
 10.78   	 295.01		 55.02   	 -15.26		
 11.96   	 325.53		 54.95   	 -15.26		
 13.27   	 345.88		 54.89   	 -20.35		
 14.65   	 361.14		 54.81   	 -15.26		
 16.09   	 371.31		 54.75   	 -15.26		
 17.58   	 371.31		 54.69   	 -15.26		
 19.06   	 376.40		 54.63   	 -20.35		
 20.57   	 386.57		 54.55   	 -20.35		
 22.12   	 381.48		 54.47   	 -20.35		
 23.64   	 391.66		 54.38   	 -20.35		
 25.21   	 386.57		 54.30   	 -15.26		
 26.75   	 381.48		 54.24   	 -20.35		
 28.28   	 366.22		 54.16   	 -20.35		
 29.75   	 345.88		 54.08   	 -15.26		
 31.13   	 310.27		 54.02   	 -20.35		
 32.37   	 284.84		 53.94   	 -20.35		
 33.51   	 254.32		 53.86   	 -15.26		
 34.53   	 223.80		 53.79   	 -20.35		
 35.42   	 198.37		 53.71   	 -15.26		
 36.22   	 162.77		 53.65   	 -15.26		
 36.87   	 132.25		 53.59   	 -15.26		
 37.40   	 101.73		 53.53   	 -15.26		
 37.80   	  61.04		 53.47   	 -15.26		
 38.05   	  35.61		 53.41   	 -10.17		
 38.19   	   5.09		 53.37   	 -15.26		
 38.21   	 -20.35		 53.31   	 -15.26		
 38.13   	 -40.69		 53.24   	 -10.17		
 37.97   	 -61.04		 53.20   	 -15.26		
 37.72   	 -66.12		 53.14   	 -15.26		
 37.46   	 -76.30		 53.08   	 -15.26		
 37.15   	 -81.38		 53.02   	 -10.17		
 36.83   	 -86.47		 52.98   	 -10.17		
 36.48   	 -91.56		 52.94   	  -5.09		
 36.11   	 -81.38		 52.92(D)	   5.09		
 35.79   	 -81.38		 52.94   	  25.43		
 35.46   	 -66.12		 53.04   	  55.95		
 35.20   	 -55.95		 53.27   	  96.64		
 34.97   	 -40.69		 53.65   	 157.68		
 34.81   	 -25.43		 54.28   	 228.89		
 34.71   	 -10.17		 55.20   	 305.19		
 34.67   	   5.09		 56.42   	 366.22		
 34.69   	  20.35		 57.88   	 412.00		
 34.77   	  30.52		 59.53   	 437.43		
 34.89   	  50.86		 61.28   	 442.52		
 35.10   	  55.95		 63.05   	 427.26		
 35.32   	  71.21		 64.76   	 396.74		
 35.61   	  76.30		 66.35   	 366.22		
 35.91   	  81.38		 67.81   	 320.45		
 36.24   	  86.47		 69.09   	 279.75		
 36.58   	  91.56		 70.21   	 239.06		
 36.95   	  91.56		 71.17   	 203.46		
 37.31   	  91.56		 71.98   	 162.77		
 37.68   	  91.56		 72.63   	 137.33		
 38.05   	  91.56		 73.18   	 122.07		
 38.41   	  86.47		 73.67   	 122.07		
 38.76   	  86.47		 74.16   	 127.16		
 39.10   	  76.30		 74.67   	 142.42		
 39.41   	  76.30		 75.24   	 157.68		
 39.72   	  71.21		 75.87   	 178.03		
 40.00   	  61.04		 76.58   	 198.37		
 40.24   	  61.04		 77.38   	 218.72		
 40.49   	  50.86		 78.25   	 239.06		
 40.69   	  40.69		 79.21   	 254.32		
 40.85   	  35.61		 80.22   	 254.32		
 41.00   	  25.43		 81.24   	 264.50		
 41.10   	  15.26		 82.30   	 254.32		
 41.16(S)	   0.00		 83.32   	 254.32		
 41.16   	 -10.17		 84.33   	 233.98		
 41.12   	 -20.35		 85.27   	 223.80		
 41.04   	 -35.61		 86.16   	 203.46		
 40.90   	 -50.86		 86.98   	 183.11		
 40.69   	 -66.12		 87.71   	 162.77		
 40.43   	 -76.30		 88.36   	 137.33		
 40.12   	 -91.56		 88.91   	 122.07		
 39.76   	-111.90		 89.40   	  96.64		
 39.31   	-127.16		 89.79   	  81.38		
 38.80   	-147.51		 90.11   	  66.12		
 38.21   	-167.85		 90.38   	  45.78		
 37.54   	-188.20		 90.56   	  40.69		
 36.79   	-218.72		 90.72   	  20.35		
 35.91   	-259.41		 90.80   	   5.09		
 34.87   	-295.01		 90.82(S)	 -10.17		
 33.69   	-325.53		 90.78   	 -25.43		
 32.39   	-350.97		 90.68   	 -35.61		
 30.99   	-371.31		 90.54   	 -50.86		
 29.50   	-391.66		 90.34   	 -66.12		
 27.93   	-396.74		 90.07   	 -71.21		
 26.35   	-406.92		 89.79   	 -86.47		
 24.72   	-417.09		 89.44   	 -96.64		
 23.05   	-417.09		 89.05   	-111.90		
 21.38   	-417.09		 88.61   	-116.99		
 19.72   	-422.18		 88.14   	-127.16		
 18.03   	-417.09		 87.63   	-132.25		
 16.36   	-406.92		 87.10   	-137.33		
 14.73   	-396.74		 86.55   	-147.51		
 13.14   	-381.48		 85.96   	-152.59		
 11.62   	-356.05		 85.35   	-162.77		
 10.19   	-340.79		 84.70   	-162.77		
  8.83   	-315.36		 84.05   	-162.77		
  7.57   	-289.93		 83.40   	-162.77		
  6.41   	-264.50		 82.75   	-167.85		
  5.35   	-244.15		 82.07   	-167.85		
  4.37   	-213.63		 81.40   	-172.94		
  3.52   	-188.20		 80.71   	-178.03		
  2.77   	-167.85		 80.00   	-178.03		
  2.10   	-142.42		 79.29   	-188.20		
  1.53   	-127.16		 78.53   	-183.11		
  1.02   	-101.73		 77.80   	-178.03		
  0.61   	 -81.38		 77.09   	-172.94		
  0.28   	 -66.12		 76.40   	-172.94		
  0.02   	 -50.86		 75.71   	-167.85		
 -0.18   	 -35.61		 75.04   	-157.68		
 -0.33   	 -25.43		 74.40   	-152.59		
 -0.43   	 -10.17		 73.79   	-147.51		
 -0.47(D)	   0.00		 73.20   	-137.33		
 -0.47   	   5.09		 72.65   	-127.16		
 -0.45   	  20.35		 72.15   	-116.99		
 -0.37   	  25.43		 71.68   	-106.82		
 -0.26   	  35.61		 71.25   	-106.82		
 -0.12   	  40.69		 70.82   	-101.73		
  0.04   	  40.69		 70.42   	 -91.56		
  0.20   	  40.69		 70.05   	 -91.56		
  0.37   	  40.69		 69.68   	 -86.47		
  0.53   	  40.69		 69.34   	 -81.38		
  0.69   	  40.69		 69.01   	 -81.38		
  0.85   	  40.69		 68.69   	 -86.47		
  1.02   	  35.61		 68.34   	 -81.38		
  1.16   	  40.69		 68.02   	 -76.30		
  1.32   	  30.52		 67.71   	 -81.38		
  1.44   	  35.61		 67.39   	 -76.30		
  1.59   	  20.35		 67.08   	 -71.21		
  1.67   	  20.35		 66.80   	 -66.12		
  1.75   	  15.26		 66.53   	 -66.12		
  1.81   	  10.17		 66.27   	 -61.04		
  1.85   	   5.09		 66.02   	 -61.04		
  1.87   	   0.00		 65.78   	 -61.04		
  1.87   	   5.09		 65.53   	 -55.95		
  1.89   	   5.09		 65.31   	 -55.95		
  1.91   	   5.09		 65.09   	 -50.86		
  1.93   	   0.00		 64.88   	 -45.78		
  1.93   	  -5.09		 64.70   	 -50.86		
  1.91   	   0.00		 64.50   	 -40.69		
  1.91   	  -5.09		 64.33   	 -40.69		
  1.89   	  -5.09		 64.17   	 -40.69		
  1.87   	  -5.09		 64.01   	 -35.61		
  1.85   	  -5.09		 63.87   	 -35.61		
  1.83   	   0.00		 63.72   	 -30.52		
  1.83   	   0.00		 63.60   	 -30.52		
  1.83   	   0.00		 63.48   	 -35.61		
  1.83   	   0.00		 63.34   	 -30.52		
  1.83   	   0.00		 63.21   	 -30.52		
  1.83   	  -5.09		 63.09   	 -25.43		
  1.81   	   0.00		 62.99   	 -30.52		
  1.81   	   0.00		 62.87   	 -25.43		
  1.81   	   0.00		 62.77   	 -20.35		
  1.81   	  -5.09		 62.69   	 -25.43		
  1.79   	   0.00		 62.58   	 -25.43		
  1.79   	  -5.09		 62.48   	 -25.43		
  1.77   	   0.00		 62.38   	 -25.43		
  1.77   	   5.09		 62.28   	 -20.35		
  1.79   	   0.00		 62.20   	 -25.43		
  1.79   	  10.17		 62.10   	 -20.35		
  1.83   	   5.09		 62.01   	 -20.35		
  1.85   	  15.26		 61.93   	 -25.43		
  1.91   	  10.17		 61.83   	 -25.43		
  1.95   	  15.26		 61.73   	 -25.43		
  2.01   	  15.26		 61.63   	 -25.43		
  2.08   	  15.26		 61.53   	 -25.43		
  2.14   	  15.26		 61.42   	 -25.43		
  2.20   	  15.26		 61.32   	 -25.43		
  2.26   	  15.26		 61.22   	 -30.52		
  2.32   	  15.26		 61.10   	 -25.43		
  2.38   	  15.26		 61.00   	 -25.43		
  2.44   	  15.26		 60.89   	 -25.43		
  2.50   	  15.26		 60.79   	 -25.43		
  2.56   	  15.26		 60.69   	 -30.52		
  2.62   	  15.26		 60.57   	 -25.43		
  2.69   	  15.26		 60.47   	 -25.43		
  2.75   	  10.17		 60.37   	 -25.43		
  2.79   	  10.17		 60.26   	 -25.43		
  2.83   	   5.09		 60.16   	 -25.43		
  2.85   	   5.09		 60.06   	 -20.35		
  2.87   	   0.00		 59.98   	 -20.35		
  2.87   	   0.00		 59.90   	 -15.26		
  2.87   	   0.00		 59.84   	 -15.26		
  2.87   	 -10.17		 59.78   	 -20.35		
  2.83   	  -5.09		 59.69   	 -20.35		
  2.81   	  -5.09		 59.61   	 -20.35		
  2.79   	 -10.17		 59.53   	 -20.35		
  2.75   	 -10.17		 59.45   	 -20.35		
  2.71   	   0.00		 59.37   	 -25.43		
  2.71   	  -5.09		 59.27   	 -25.43		
  2.69   	   5.09		 59.17   	 -25.43		
  2.71   	  10.17		 59.06   	 -25.43		
  2.75   	  10.17		 58.96   	 -30.52		
  2.79   	  10.17		 58.84   	 -30.52		
  2.83   	  10.17		 58.72   	 -25.43		
  2.87   	  15.26		 58.62   	 -30.52		
  2.93   	  10.17		 58.49   	 -25.43		
  2.97   	  15.26		 58.39   	 -25.43		
  3.03   	  15.26		 58.29   	 -30.52		
  3.09   	  15.26		 58.17   	 -30.52		
  3.15   	  15.26		 58.05   	 -25.43		
  3.21   	  15.26		 57.94   	 -20.35		
  3.28   	  15.26		 57.86   	 -25.43		
  3.34   	  20.35		 57.76   	 -20.35		
  3.42   	  20.35		 57.68   	 -15.26		
  3.50   	  25.43		 57.62   	 -20.35		
  3.60   	  30.52		 57.54   	 -20.35		
  3.72   	  25.43		 57.46   	 -25.43		
  3.83   	  30.52		 57.35   	 -25.43		
  3.95   	  35.61		 57.25   	 -25.43		
  4.09   	  30.52		 57.15   	 -25.43		
  4.21   	  30.52		 57.05   	 -25.43		
  4.33   	  30.52		 56.95   	 -25.43		
  4.46   	  35.61		 56.85   	 -25.43		
  4.60   	  30.52		 56.74   	 -25.43		
  4.72   	  30.52		 56.64   	 -25.43		
  4.84   	  25.43		 56.54   	 -25.43		
  4.94   	  25.43		 56.44   	 -30.52		
  5.05(E)	  20.35		 56.32   	 -35.61		
  5.13   	  15.26		 56.17   	 -35.61		
  5.19   	  10.17		 56.03   	 -30.52		
  5.23   	   5.09		 55.91   	 -35.61		
  5.25   	  -5.09		 55.77   	 -35.61		
  5.23   	 -15.26		 55.63   	 -30.52		
  5.17   	 -15.26		 55.50   	 -30.52		
  5.11   	 -15.26		 55.38   	 -30.52		
  5.05   	 -20.35		 55.26   	 -25.43		
  4.96   	 -25.43		 55.16   	 -25.43		
  4.86   	 -25.43		 55.06   	 -20.35		
  4.76   	 -30.52		 54.97   	 -20.35		
  4.64   	 -30.52		 54.89   	 -20.35		
  4.52   	 -25.43		 54.81   	 -15.26		
  4.42   	 -10.17		 54.75   	 -15.26		
  4.37   	  10.17		 54.69   	 -15.26		
  4.42   	  40.69		 54.63   	 -15.26		
  4.58   	  81.38		 54.57   	 -20.35		
  4.90   	 106.82		 54.49   	 -15.26		
  5.33   	 127.16		 54.43   	 -25.43		
  5.84   	 152.59		 54.32   	 -25.43		
  6.45   	 167.85		 54.22   	 -25.43		
  7.12   	 183.11		 54.12   	 -25.43		
  7.85   	 198.37		 54.02   	 -20.35		
  8.65   	 279.75		 53.94   	 -30.52		
  9.77   	 310.27		 53.81   	 -25.43		
 11.01   	 340.79		 53.71   	 -20.35		
 12.37   	 371.31		 53.63   	 -25.43		
 13.86   	 391.66		 53.53   	 -25.43		
 15.42   	 401.83		 53.43   	 -30.52		
 17.03   	 401.83		 53.31   	 -25.43		
 18.64   	 412.00		 53.20   	 -25.43		
 20.28   	 417.09		 53.10   	 -20.35		
 21.95   	 422.18		 53.02   	 -15.26		
 23.64   	 422.18		 52.96   	 -15.26		
 25.33   	 406.92		 52.90   	 -20.35		
 26.96   	 391.66		 52.82   	 -15.26		
 28.52   	 366.22		 52.76   	 -15.26		
 29.99   	 325.53		 52.70   	 -10.17		
 31.29   	 289.93		 52.65   	 -10.17		
 32.45   	 249.24		 52.61   	 -10.17		
 33.45   	 203.46		 52.57   	 -10.17		
 34.26   	 167.85		 52.53   	  -5.09		
 34.93   	 122.07		 52.51   	 -10.17		
 35.42   	  86.47		 52.47   	 -15.26		
 35.77   	  50.86		 52.41   	 -15.26		
 35.97   	  15.26		 52.35   	 -15.26		
 36.03   	 -15.26		 52.29   	 -20.35		
 35.97   	 -30.52		 52.21   	 -15.26		
 35.85   	 -55.95		 52.15   	 -15.26		
 35.63   	 -71.21		 52.09   	 -15.26		
 35.34   	 -76.30		 52.02   	 -15.26		
 35.04   	 -91.56		 51.96   	 -15.26		
 34.67   	 -91.56		 51.90   	 -15.26		
 34.30   	 -91.56		 51.84   	 -20.35		
 33.94   	 -91.56		 51.76   	 -15.26		
 33.57   	 -81.38		 51.70   	 -10.17		
 33.25   	 -71.21		 51.66   	 -15.26		
 32.96   	 -61.04		 51.60   	 -10.17		
 32.72   	 -45.78		 51.56   	 -15.26		
 32.53   	 -25.43		 51.50   	  -5.09		
 32.43   	 -10.17		 51.47(D)	   0.00		
 32.39   	   5.09		 51.47   	  15.26		
 32.41   	  20.35		 51.54   	  25.43		
 32.49   	  40.69		 51.64   	  50.86		
 32.66   	  50.86		 51.84   	  76.30		
 32.86   	  66.12		 52.15   	 122.07		
 33.12   	  81.38		 52.63   	 172.94		
 33.45   	  91.56		 53.33   	 228.89		
 33.81   	 106.82		 54.24   	 274.67		
 34.24   	 111.90		 55.34   	 325.53		
 34.69   	 122.07		 56.64   	 356.05		
 35.18   	 122.07		 58.07   	 366.22		
 35.67   	 132.25		 59.53   	 366.22		
 36.20   	 127.16		 61.00   	 356.05		
 36.70   	 127.16		 62.42   	 335.71		
 37.21   	 122.07		 63.76   	 305.19		
 37.70   	 122.07		 64.98   	 274.67		
 38.19   	 116.99		 66.08   	 239.06		
 38.66   	 111.90		 67.04   	 208.54		
 39.10   	 101.73		 67.87   	 178.03		
 39.51   	  96.64		 68.59   	 152.59		
 39.90   	  81.38		 69.20   	 132.25		
 40.22   	  71.21		 69.73   	 122.07		
 40.51   	  66.12		 70.21   	 116.99		
 40.77   	  50.86		 70.68   	 127.16		
 40.98   	  40.69		 71.19   	 132.25		
 41.14   	  35.61		 71.72   	 142.42		
 41.28   	  20.35		 72.29   	 162.77		
 41.36   	  15.26		 72.94   	 172.94		
 41.42(S)	   0.00		 73.63   	 188.20		
 41.42   	  -5.09		 74.38   	 198.37		
 41.40   	 -20.35		 75.18   	 208.54		
 41.32   	 -20.35		 76.01   	 208.54		
 41.24   	 -30.52		 76.85   	 213.63		
 41.12   	 -40.69		 77.70   	 213.63		
 40.96   	 -40.69		 78.56   	 208.54		
 40.79   	 -50.86		 79.39   	 198.37		
 40.59   	 -55.95		 80.18   	 183.11		
 40.37   	 -71.21		 80.92   	 167.85		
 40.08   	 -76.30		 81.59   	 147.51		
 39.78   	 -91.56		 82.18   	 137.33		
 39.41   	-101.73		 82.73   	 116.99		
 39.00   	-122.07		 83.19   	 101.73		
 38.51   	-137.33		 83.60   	  86.47		
 37.97   	-162.77		 83.95   	  66.12		
 37.31   	-183.11		 84.21   	  55.95		
 36.58   	-213.63		 84.44   	  40.69		
 35.73   	-223.80		 84.60   	  30.52		
 34.83   	-239.06		 84.72   	  15.26		
 33.88   	-249.24		 84.78   	   5.09		
 32.88   	-259.41		 84.80(S)	 -10.17		
 31.84   	-274.67		 84.76   	 -20.35		
 30.74   	-295.01		 84.68   	 -30.52		
 29.56   	-315.36		 84.56   	 -40.69		
 28.30   	-340.79		 84.39   	 -55.95		
 26.94   	-350.97		 84.17   	 -66.12		
 25.53   	-366.22		 83.91   	 -81.38		
 24.07   	-366.22		 83.58   	 -86.47		
 22.60   	-366.22		 83.23   	-101.73		
 21.14   	-371.31		 82.83   	-106.82		
 19.65   	-366.22		 82.40   	-116.99		
 18.19   	-361.14		 81.93   	-127.16		
 16.74   	-366.22		 81.42   	-132.25		
 15.28   	-356.05		 80.89   	-142.42		
 13.86   	-340.79		 80.33   	-147.51		
 12.49   	-330.62		 79.74   	-152.59		
 11.17   	-315.36		 79.12   	-157.68		
  9.91   	-300.10		 78.49   	-167.85		
  8.71   	-284.84		 77.82   	-172.94		
  7.57   	-279.75		 77.13   	-172.94		
  6.45   	-269.58		 76.44   	-178.03		
  5.37   	-264.50		 75.73   	-178.03		
  4.31   	-259.41		 75.01   	-178.03		
  3.28   	-244.15		 74.30   	-183.11		
  2.30   	-228.89		 73.57   	-178.03		
  1.38   	-203.46		 72.86   	-172.94		
  0.57   	-178.03		 72.17   	-167.85		
 -0.14   	-162.77		 71.50   	-157.68		
 -0.79   	-137.33		 70.86   	-142.42		
 -1.34   	-116.99		 70.29   	-132.25		
 -1.81   	 -96.64		 69.77   	-122.07		
 -2.20   	 -76.30		 69.28   	-111.90		
 -2.50   	 -40.69		 68.83   	 -91.56		
 -2.67   	 -25.43		 68.46   	 -86.47		
 -2.77   	 -10.17		 68.12   	 -76.30		
 -2.81(D)	   0.00		 67.81   	 -76.30		
 -2.81   	  15.26		 67.51   	 -76.30		
 -2.75   	  20.35		 67.20   	 -76.30		
 -2.67   	  40.69		 66.90   	 -76.30		
 -2.50   	  61.04		 66.59   	 -71.21		
 -2.26   	  71.21		 66.31   	 -76.30		
 -1.97   	  91.56		 66.00   	 -81.38		
 -1.61   	  96.64		 65.68   	 -81.38		
 -1.22   	 111.90		 65.35   	 -76.30		
 -0.77   	 106.82		 65.05   	 -81.38		
 -0.35   	 106.82		 64.72   	 -81.38		
  0.08   	  96.64		 64.39   	 -76.30		
  0.47   	  81.38		 64.09   	 -71.21		
  0.79   	  76.30		 63.80   	 -71.21		
  1.10   	  61.04		 63.52   	 -66.12		
  1.34   	  61.04		 63.26   	 -61.04		
  1.59   	  55.95		 63.01   	 -55.95		
  1.81   	  45.78		 62.79   	 -50.86		
  1.99   	  50.86		 62.58   	 -40.69		
  2.20   	  40.69		 62.42   	 -40.69		
  2.36   	  45.78		 62.26   	 -30.52		
  2.54   	  40.69		 62.14   	 -30.52		
  2.71   	  45.78		 62.01   	 -30.52		
  2.89   	  50.86		 61.89   	 -20.35		
  3.09   	  40.69		 61.81   	 -25.43		
  3.26   	  35.61		 61.71   	 -20.35		
  3.40   	  35.61		 61.63   	 -20.35		
  3.54   	  25.43		 61.55   	 -10.17		
  3.64   	  25.43		 61.51   	 -15.26		
  3.74   	  20.35		 61.44   	 -20.35		
  3.83   	  20.35		 61.36   	 -20.35		
  3.91   	  15.26		 61.28   	 -20.35		
  3.97   	  10.17		 61.20   	 -20.35		
  4.01   	  10.17		 61.12   	 -25.43		
  4.05   	  10.17		 61.02   	 -20.35		
  4.09   	   0.00		 60.94   	 -20.35		
  4.09   	   0.00		 60.85   	 -20.35		
  4.09   	  -5.09		 60.77   	 -15.26		
  4.07   	   0.00		 60.71   	 -15.26		
  4.07   	  -5.09		 60.65   	 -15.26		
  4.05   	   0.00		 60.59   	 -15.26		
  4.05   	  -5.09		 60.53   	  -5.09		
  4.03   	   0.00		 60.51   	 -10.17		
  4.03   	   0.00		 60.47   	 -10.17		
  4.03   	  -5.09		 60.43   	 -10.17		
  4.01   	   0.00		 60.39   	 -10.17		
  4.01   	   0.00		 60.35   	 -15.26		
  4.01   	   5.09		 60.28   	 -15.26		
  4.03   	   5.09		 60.22   	 -15.26		
  4.05   	  10.17		 60.16   	 -10.17		
  4.09   	  15.26		 60.12   	 -10.17		
  4.15   	  10.17		 60.08   	 -20.35		
  4.19   	  15.26		 60.00   	 -20.35		
  4.25   	  15.26		 59.92   	 -20.35		
  4.31   	  20.35		 59.84   	 -25.43		
  4.39   	  15.26		 59.74   	 -20.35		
  4.46   	  20.35		 59.65   	 -20.35		
  4.54   	  15.26		 59.57   	 -20.35		
  4.60   	  20.35		 59.49   	 -20.35		
  4.68   	  15.26		 59.41   	 -20.35		
  4.74   	  15.26		 59.33   	 -25.43		
  4.80   	  20.35		 59.23   	 -20.35		
  4.88   	  20.35		 59.15   	 -25.43		
  4.96   	  20.35		 59.04   	 -20.35		
  5.05   	  20.35		 58.96   	 -15.26		
  5.13   	  25.43		 58.90   	 -20.35		
  5.23   	  15.26		 58.82   	 -20.35		
  5.29   	  20.35		 58.74   	 -20.35		
  5.37   	  10.17		 58.66   	 -15.26		
  5.41   	  10.17		 58.60   	 -15.26		
  5.45   	  10.17		 58.53   	 -15.26		
  5.49   	   5.09		 58.47   	 -15.26		
  5.51   	   5.09		 58.41   	 -15.26		
  5.53   	  10.17		 58.35   	 -15.26		
  5.57   	   5.09		 58.29   	 -20.35		
  5.60   	  10.17		 58.21   	 -20.35		
  5.64   	  20.35		 58.13   	 -30.52		
  5.72   	  20.35		 58.01   	 -25.43		
  5.80   	  20.35		 57.90   	 -25.43		
  5.88   	  25.43		 57.80   	 -20.35		
  5.98   	  25.43		 57.72   	 -25.43		
  6.08   	  25.43		 57.62   	 -20.35		
  6.19   	  30.52		 57.54   	 -25.43		
  6.31   	  35.61		 57.44   	 -20.35		
  6.45   	  30.52		 57.35   	 -25.43		
  6.57   	  30.52		 57.25   	 -25.43		
  6.69   	  30.52		 57.15   	 -20.35		
  6.82   	  30.52		 57.07   	 -30.52		
  6.94   	  20.35		 56.95   	 -25.43		
  7.02   	  25.43		 56.85   	 -25.43		
  7.12   	  15.26		 56.74   	 -25.43		
  7.18   	  15.26		 56.64   	 -30.52		
  7.24(E)	  10.17		 56.52   	 -30.52		
  7.28   	   5.09		 56.40   	 -30.52		
  7.30   	  -5.09		 56.28   	 -25.43		
  7.28   	 -10.17		 56.17   	 -30.52		
  7.24   	 -15.26		 56.05   	 -30.52		
  7.18   	 -20.35		 55.93   	 -25.43		
  7.10   	 -25.43		 55.83   	 -30.52		
  7.00   	 -30.52		 55.71   	 -25.43		
  6.88   	 -25.43		 55.61   	 -25.43		
  6.78   	 -25.43		 55.50   	 -30.52		
  6.67   	 -20.35		 55.38   	 -20.35		
  6.59   	  -5.09		 55.30   	 -20.35		
  6.57   	  15.26		 55.22   	 -20.35		
  6.63   	  45.78		 55.14   	 -25.43		
  6.82   	  66.12		 55.04   	 -20.35		
  7.08   	  81.38		 54.95   	 -20.35		
  7.41   	 101.73		 54.87   	 -20.35		
  7.81   	 111.90		 54.79   	 -15.26		
  8.26   	 122.07		 54.73   	 -20.35		
  8.75   	 137.33		 54.65   	 -15.26		
  9.30   	 157.68		 54.59   	 -20.35		
  9.93   	 183.11		 54.51   	 -20.35		
 10.66   	 213.63		 54.43   	 -15.26		
 11.52   	 325.53		 54.36   	 -25.43		
 12.82   	 356.05		 54.26   	 -25.43		
 14.24   	 381.48		 54.16   	 -25.43		
 15.77   	 396.74		 54.06   	 -20.35		
 17.35   	 417.09		 53.98   	 -25.43		
 19.02   	 432.35		 53.88   	 -25.43		
 20.75   	 447.61		 53.77   	 -20.35		
 22.54   	 467.95		 53.69   	 -20.35		
 24.41   	 473.04		 53.61   	 -20.35		
 26.31   	 478.13		 53.53   	 -15.26		
 28.22   	 473.04		 53.47   	 -15.26		
 30.11   	 452.69		 53.41   	  -5.09		
 31.92   	 427.26		 53.39   	 -10.17		
 33.63   	 396.74		 53.35   	   0.00		
 35.22   	 356.05		 53.35   	  -5.09		
 36.64   	 320.45		 53.33   	   0.00		
 37.92   	 274.67		 53.33   	   0.00		
 39.02   	 228.89		 53.33   	   0.00		
 39.94   	 188.20		 53.33   	  -5.09		
 40.69   	 147.51		 53.31   	  -5.09		
 41.28   	 101.73		 53.29   	  -5.09		
 41.69   	  61.04		 53.27   	  -5.09		
 41.93   	  25.43		 53.24   	  -5.09		
 42.03   	  -5.09		 53.22   	 -10.17		
 42.01   	 -30.52		 53.18   	 -10.17		
 41.89   	 -45.78		 53.14   	 -10.17		
 41.71   	 -61.04		 53.10   	 -15.26		
 41.46   	 -71.21		 53.04   	 -10.17		
 41.18   	 -76.30		 53.00   	 -10.17		
 40.87   	 -76.30		 52.96   	 -10.17		
 40.57   	 -71.21		 52.92   	 -15.26		
 40.28   	 -66.12		 52.86   	  -5.09		
 40.02   	 -50.86		 52.84   	 -10.17		
 39.82   	 -40.69		 52.80   	 -10.17		
 39.65   	 -20.35		 52.76   	  -5.09		
 39.57   	   0.00		 52.74   	  -5.09		
 39.57   	  20.35		 52.72(D)	   0.00		
 39.65   	  35.61		 52.72   	   5.09		
 39.80   	  50.86		 52.74   	   5.09		
 40.00   	  76.30		 52.76   	  20.35		
 40.31   	  86.47		 52.84   	  30.52		
 40.65   	  96.64		 52.96   	  50.86		
 41.04   	 111.90		 53.16   	  76.30		
 41.49   	 116.99		 53.47   	 116.99		
 41.95   	 132.25		 53.94   	 157.68		
 42.48   	 132.25		 54.57   	 213.63		
 43.01   	 137.33		 55.42   	 264.50		
 43.56   	 142.42		 56.48   	 310.27		
 44.13   	 147.51		 57.72   	 345.88		
 44.72   	 147.51		 59.10   	 366.22		
 45.31   	 147.51		 60.57   	 376.40		
 45.90   	 142.42		 62.08   	 361.14		
 46.47   	 132.25		 63.52   	 350.97		
 47.00   	 127.16		 64.92   	 320.45		
 47.51   	 122.07		 66.21   	 289.93		
 48.00   	 116.99		 67.36   	 259.41		
 48.46   	 101.73		 68.40   	 228.89		
 48.87   	 101.73		 69.32   	 198.37		
 49.28   	  86.47		 70.11   	 172.94		
 49.62   	  76.30		 70.80   	 157.68		
 49.93   	  66.12		 71.43   	 137.33		
 50.19   	  61.04		 71.98   	 137.33		
 50.44   	  45.78		 72.53   	 132.25		
 50.62   	  40.69		 73.06   	 142.42		
 50.78   	  30.52		 73.63   	 147.51		
 50.91   	  20.35		 74.22   	 162.77		
 50.99   	  15.26		 74.87   	 172.94		
 51.05   	  10.17		 75.56   	 183.11		
 51.09   	   5.09		 76.30   	 193.29		
 51.11(S)	  -5.09		 77.07   	 208.54		
 51.09   	 -10.17		 77.90   	 208.54		
 51.05   	 -15.26		 78.74   	 213.63		
 50.99   	 -25.43		 79.59   	 208.54		
 50.88   	 -30.52		 80.43   	 203.46		
 50.76   	 -35.61		 81.24   	 193.29		
 50.62   	 -50.86		 82.01   	 183.11		
 50.42   	 -61.04		 82.75   	 172.94		
 50.17   	 -76.30		 83.44   	 152.59		
 49.87   	 -91.56		 84.05   	 132.25		
 49.50   	-111.90		 84.58   	 116.99		
 49.05   	-132.25		 85.05   	 106.82		
 48.52   	-147.51		 85.47   	  86.47		
 47.93   	-167.85		 85.82   	  71.21		
 47.26   	-188.20		 86.10   	  61.04		
 46.51   	-203.46		 86.35   	  40.69		
 45.70   	-213.63		 86.51   	  35.61		
 44.84   	-223.80		 86.65   	  20.35		
 43.95   	-233.98		 86.73   	   5.09		
 43.01   	-249.24		 86.75(S)	 -10.17		
 42.01   	-274.67		 86.71   	 -25.43		
 40.92   	-305.19		 86.61   	 -40.69		
 39.69   	-335.71		 86.45   	 -50.86		
 38.35   	-361.14		 86.25   	 -66.12		
 36.91   	-371.31		 85.98   	 -71.21		
 35.42   	-386.57		 85.70   	 -91.56		
 33.88   	-396.74		 85.33   	-101.73		
 32.29   	-406.92		 84.92   	-116.99		
 30.66   	-412.00		 84.46   	-122.07		
 29.01   	-422.18		 83.97   	-132.25		
 27.32   	-427.26		 83.44   	-137.33		
 25.62   	-432.35		 82.89   	-142.42		
 23.89   	-427.26		 82.32   	-147.51		
 22.18   	-427.26		 81.73   	-152.59		
 20.47   	-417.09		 81.12   	-162.77		
 18.80   	-406.92		 80.47   	-162.77		
 17.17   	-391.66		 79.82   	-172.94		
 15.61   	-381.48		 79.12   	-172.94		
 14.08   	-350.97		 78.43   	-178.03		
 12.68   	-335.71		 77.72   	-172.94		
 11.33   	-310.27		 77.03   	-183.11		
 10.09   	-279.75		 76.30   	-178.03		
  8.97   	-264.50		 75.58   	-178.03		
  7.91   	-239.06		 74.87   	-178.03		
  6.96   	-223.80		 74.16   	-167.85		
  6.06   	-193.29		 73.49   	-167.85		
  5.29   	-172.94		 72.82   	-152.59		
  4.60   	-147.51		 72.21   	-147.51		
  4.01   	-127.16		 71.62   	-137.33		
  3.50   	 -96.64		 71.07   	-122.07		
  3.11   	 -76.30		 70.58   	-111.90		
  2.81   	 -61.04		 70.13   	-101.73		
  2.56   	 -40.69		 69.73   	 -96.64		
  2.40   	 -20.35		 69.34   	 -91.56		
  2.32   	  -5.09		 68.97   	 -81.38		
  2.30(D)	  15.26		 68.65   	 -76.30		
  2.36   	  20.35		 68.34   	 -76.30		
  2.44   	  35.61		 68.04   	 -76.30		
  2.58   	  35.61		 67.73   	 -81.38		
  2.73   	  35.61		 67.41   	 -76.30		
  2.87   	  40.69		 67.10   	 -76.30		
  3.03   	  35.61		 66.80   	 -81.38		
  3.17   	  35.61		 66.47   	 -81.38		
  3.32   	  35.61		 66.14   	 -86.47		
  3.46   	  35.61		 65.80   	 -76.30		
  3.60   	  30.52		 65.49   	 -81.38		
  3.72   	  30.52		 65.17   	 -81.38		
  3.85   	  20.35		 64.84   	 -76.30		
  3.93   	  15.26		 64.54   	 -71.21		
  3.99   	  15.26		 64.25   	 -66.12		
  4.05   	   5.09		 63.99   	 -55.95		
  4.07   	  -5.09		 63.76   	 -61.04		
  4.05   	  -5.09		 63.52   	 -50.86		
  4.03   	  -5.09		 63.32   	 -50.86		
  4.01   	 -15.26		 63.11   	 -45.78		
  3.95   	 -15.26		 62.93   	 -40.69		
  3.89   	 -25.43		 62.77   	 -40.69		
  3.78   	 -20.35		 62.60   	 -40.69		
  3.70   	 -25.43		 62.44   	 -30.52		
  3.60   	 -25.43		 62.32   	 -35.61		
  3.50   	 -25.43		 62.18   	 -25.43		
  3.40   	 -25.43		 62.08   	 -30.52		
  3.30   	 -25.43		 61.95   	 -25.43		
  3.19   	 -20.35		 61.85   	 -25.43		
  3.11   	 -20.35		 61.75   	 -30.52		
  3.03   	 -10.17		 61.63   	 -25.43		
  2.99   	 -15.26		 61.53   	 -25.43		
  2.93   	  -5.09		 61.42   	 -25.43		
  2.91   	  -5.09		 61.32   	 -25.43		
  2.89   	   0.00		 61.22   	 -25.43		
  2.89   	   0.00		 61.12   	 -20.35		
  2.89   	   0.00		 61.04   	 -20.35		
  2.89   	  10.17		 60.96   	 -20.35		
  2.93   	  10.17		 60.87   	 -25.43		
  2.97   	  10.17		 60.77   	 -20.35		
  3.01   	  15.26		 60.69   	 -20.35		
  3.07   	  20.35		 60.61   	 -25.43		
  3.15   	  15.26		 60.51   	 -25.43		
  3.21   	  20.35		 60.41   	 -25.43		
  3.30   	  20.35		 60.30   	 -25.43		
  3.38   	  20.35		 60.20   	 -25.43		
  3.46   	  20.35		 60.10   	 -25.43		
  3.54   	  20.35		 60.00   	 -30.52		
  3.62   	  20.35		 59.88   	 -25.43		
  3.70   	  25.43		 59.78   	 -25.43		
  3.80   	  15.26		 59.67   	 -30.52		
  3.87   	  20.35		 59.55   	 -25.43		
  3.95   	  15.26		 59.45   	 -25.43		
  4.01   	  10.17		 59.35   	 -30.52		
  4.05   	  10.17		 59.23   	 -25.43		
  4.09   	  10.17		 59.12   	 -25.43		
  4.13   	   5.09		 59.02   	 -25.43		
  4.15   	   5.09		 58.92   	 -25.43		
  4.17   	   5.09		 58.82   	 -20.35		
  4.19   	   0.00		 58.74   	 -20.35		
  4.19   	   0.00		 58.66   	 -15.26		
  4.19   	  -5.09		 58.60   	 -20.35		
  4.17   	  -5.09		 58.51   	 -15.26		
  4.15   	 -10.17		 58.45   	 -20.35		
  4.11   	 -10.17		 58.37   	 -20.35		
  4.07   	 -10.17		 58.29   	 -15.26		
  4.03   	 -10.17		 58.23   	 -20.35		
  3.99   	 -10.17		 58.15   	 -20.35		
  3.95   	  -5.09		 58.07   	 -15.26		
  3.93   	 -10.17		 58.01   	 -15.26		
  3.89   	 -10.17		 57.94   	 -15.26		
  3.85   	  -5.09		 57.88   	 -15.26		
  3.83   	  -5.09		 57.82   	 -20.35		
  3.80   	   0.00		 57.74   	 -15.26		
  3.80   	   5.09		 57.68   	 -25.43		
  3.83   	  10.17		 57.58   	 -20.35		
  3.87   	  10.17		 57.50   	 -20.35		
  3.91   	  15.26		 57.42   	 -20.35		
  3.97   	  15.26		 57.33   	 -25.43		
  4.03   	  15.26		 57.23   	 -20.35		
  4.09   	  10.17		 57.15   	 -20.35		
  4.13   	  10.17		 57.07   	 -25.43		
  4.17   	   5.09		 56.97   	 -25.43		
  4.19   	  10.17		 56.87   	 -20.35		
  4.23   	  10.17		 56.79   	 -20.35		
  4.27   	  10.17		 56.70   	 -20.35		
  4.31   	  10.17		 56.62   	 -20.35		
  4.35   	  15.26		 56.54   	 -25.43		
  4.42   	  10.17		 56.44   	 -25.43		
  4.46   	  10.17		 56.34   	 -25.43		
  4.50   	  15.26		 56.24   	 -20.35		
  4.56   	  15.26		 56.15   	 -15.26		
  4.62   	  15.26		 56.09   	 -15.26		
  4.68   	  20.35		 56.03   	 -20.35		
  4.76   	  20.35		 55.95   	 -20.35		
  4.84   	  30.52		 55.87   	 -20.35		
  4.96   	  25.43		 55.79   	 -20.35		
  5.07   	  30.52		 55.71   	 -20.35		
  5.19   	  25.43		 55.63   	 -25.43		
  5.29   	  30.52		 55.52   	 -25.43		
  5.41   	  30.52		 55.42   	 -30.52		
  5.53(E)	  25.43		 55.30   	 -35.61		
  5.64   	  25.43		 55.16   	 -35.61		
  5.74   	  20.35		 55.02   	 -30.52		
  5.82   	  20.35		 54.89   	 -30.52		
  5.90   	  15.26		 54.77   	 -25.43		
  5.96   	   5.09		 54.67   	 -30.52		
  5.98   	  -5.09		 54.55   	 -25.43		
  5.96   	 -20.35		 54.45   	 -25.43		
  5.88   	 -40.69		 54.34   	 -20.35		
  5.72   	 -50.86		 54.26   	 -20.35		
  5.51   	 -66.12		 54.18   	 -15.26		
  5.25   	 -66.12		 54.12   	 -15.26		
  4.98   	 -66.12		 54.06   	 -10.17		
  4.72   	 -61.04		 54.02   	 -15.26		
  4.48   	 -61.04		 53.96   	 -15.26		
  4.23   	 -50.86		 53.90   	 -20.35		
  4.03   	 -30.52		 53.81   	 -25.43		
  3.91   	   5.09		 53.71   	 -15.26		
  3.93   	  61.04		 53.65   	 -20.35		
  4.17   	 127.16		 53.57   	 -15.26		
  4.68   	 167.85		 53.51   	 -15.26		
  5.35   	 208.54		 53.45   	 -20.35		
  6.19   	 228.89		 53.37   	 -15.26		
  7.10   	 269.58		 53.31   	 -20.35		
  8.18   	 284.84		 53.22   	 -20.35		
  9.32   	 295.01		 53.14   	 -20.35		
 10.50   	 320.45		 53.06   	 -20.35		
 11.78   	 340.79		 52.98   	 -20.35		
 13.14   	 366.22		 52.90   	 -20.35		
 14.61   	 381.48		 52.82   	 -25.43		
 16.13   	 391.66		 52.72   	 -20.35		
 17.70   	 401.83		 52.63   	 -20.35		
 19.31   	 406.92		 52.55   	 -20.35		
 20.94   	 412.00		 52.47   	 -15.26		
 22.58   	 406.92		 52.41   	 -15.26		
 24.21   	 406.92		 52.35   	 -20.35		
 25.84   	 406.92		 52.27   	 -15.26		
 27.47   	 396.74		 52.21   	 -10.17		
 29.05   	 381.48		 52.17   	 -10.17		
 30.58   	 350.97		 52.13   	  -5.09		
 31.98   	 330.62		 52.11   	  -5.09		
 33.31   	 300.10		 52.09   	  -5.09		
 34.51   	 274.67		 52.06   	 -10.17		
 35.61   	 249.24		 52.02   	 -10.17		
 36.60   	 223.80		 51.98   	 -15.26		
 37.50   	 188.20		 51.92   	 -15.26		
 38.25   	 167.85		 51.86   	 -15.26		
 38.92   	 127.16		 51.80   	 -15.26		
 39.43   	 101.73		 51.74   	 -15.26		
 39.84   	  66.12		 51.68   	 -15.26		
 40.10   	  35.61		 51.62   	 -20.35		
 40.24   	  10.17		 51.54   	 -20.35		
 40.28   	 -20.35		 51.45   	 -20.35		
 40.20   	 -35.61		 51.37   	 -25.43		
 40.06   	 -55.95		 51.27   	 -20.35		
 39.84   	 -71.21		 51.19   	 -15.26		
 39.55   	 -76.30		 51.13   	 -10.17		
 39.25   	 -86.47		 51.09   	 -10.17		
 38.90   	 -86.47		 51.05(D)	   5.09		
 38.56   	 -91.56		 51.07   	  10.17		
 38.19   	 -86.47		 51.11   	  40.69		
 37.84   	 -81.38		 51.27   	  71.21		
 37.52   	 -76.30		 51.56   	 132.25		
 37.21   	 -66.12		 52.09   	 198.37		
 36.95   	 -55.95		 52.88   	 279.75		
 36.72   	 -45.78		 54.00   	 366.22		
 36.54   	 -30.52		 55.46   	 432.35		
 36.42   	 -20.35		 57.19   	 478.13		
 36.34   	   0.00		 59.10   	 493.39		
 36.34   	  10.17		 61.08   	 488.30		
 36.38   	  20.35		 63.03   	 462.87		
 36.46   	  35.61		 64.88   	 417.09		
 36.60   	  45.78		 66.55   	 366.22		
 36.79   	  55.95		 68.02   	 320.45		
 37.01   	  66.12		 69.30   	 264.50		
 37.27   	  71.21		 70.36   	 218.72		
 37.56   	  76.30		 71.23   	 172.94		
 37.86   	  81.38		 71.92   	 132.25		
 38.19   	  81.38		 72.45   	 116.99		
 38.51   	  86.47		 72.92   	 111.90		
 38.86   	  86.47		 73.37   	 116.99		
 39.21   	  81.38		 73.83   	 132.25		
 39.53   	  81.38		 74.36   	 147.51		
 39.86   	  76.30		 74.95   	 167.85		
 40.16   	  76.30		 75.63   	 193.29		
 40.47   	  66.12		 76.40   	 218.72		
 40.73   	  61.04		 77.27   	 239.06		
 40.98   	  50.86		 78.23   	 259.41		
 41.18   	  45.78		 79.27   	 274.67		
 41.36   	  30.52		 80.37   	 279.75		
 41.49   	  25.43		 81.48   	 284.84		
 41.59   	   5.09		 82.62   	 284.84		
 41.61(S)	   0.00		 83.76   	 274.67		
 41.61   	 -20.35		 84.86   	 259.41		
 41.53   	 -35.61		 85.90   	 233.98		
 41.38   	 -50.86		 86.84   	 218.72		
 41.18   	 -76.30		 87.71   	 193.29		
 40.87   	 -91.56		 88.48   	 167.85		
 40.51   	-116.99		 89.16   	 147.51		
 40.04   	-142.42		 89.75   	 122.07		
 39.47   	-157.68		 90.23   	 101.73		
 38.84   	-183.11		 90.64   	  86.47		
 38.11   	-203.46		 90.99   	  71.21		
 37.29   	-228.89		 91.27   	  55.95		
 36.38   	-249.24		 91.50   	  35.61		
 35.38   	-284.84		 91.64   	  20.35		
 34.24   	-320.45		 91.72   	  10.17		
 32.96   	-356.05		 91.76(S)	  -5.09		
 31.54   	-401.83		 91.74   	 -25.43		
 29.93   	-422.18		 91.64   	 -35.61		
 28.24   	-427.26		 91.50   	 -50.86		
 26.53   	-432.35		 91.29   	 -66.12		
 24.80   	-437.43		 91.03   	 -76.30		
 23.05   	-437.43		 90.72   	 -86.47		
 21.30   	-432.35		 90.38   	-101.73		
 19.57   	-432.35		 89.97   	-116.99		
 17.84   	-427.26		 89.50   	-127.16		
 16.13   	-417.09		 88.99   	-132.25		
 14.47   	-406.92		 88.46   	-142.42		
 12.84   	-386.57		 87.89   	-152.59		
 11.29   	-366.22		 87.28   	-152.59		
  9.83   	-345.88		 86.67   	-157.68		
  8.44   	-320.45		 86.04   	-157.68		
  7.16   	-295.01		 85.41   	-162.77		
  5.98   	-269.58		 84.76   	-162.77		
  4.90   	-244.15		 84.11   	-157.68		
  3.93   	-213.63		 83.48   	-162.77		
  3.07   	-188.20		 82.83   	-162.77		
  2.32   	-162.77		 82.18   	-162.77		
  1.67   	-127.16		 81.53   	-167.85		
  1.16   	-106.82		 80.85   	-162.77		
  0.73   	 -76.30		 80.20   	-167.85		
  0.43   	 -61.04		 79.53   	-167.85		
  0.18   	 -35.61		 78.86   	-167.85		
  0.04   	 -20.35		 78.19   	-167.85		
 -0.04   	  -5.09		 77.52   	-172.94		
 -0.06(D)	   5.09		 76.83   	-172.94		
 -0.04   	  15.26		 76.13   	-172.94		
  0.02   	  20.35		 75.44   	-162.77		
  0.10   	  25.43		 74.79   	-157.68		
  0.20   	  25.43		 74.16   	-152.59		
  0.31   	  25.43		 73.55   	-147.51		
  0.41   	  25.43		 72.96   	-142.42		
  0.51   	  25.43		 72.39   	-132.25		
  0.61   	  25.43		 71.86   	-116.99		
  0.71   	  20.35		 71.39   	-111.90		
  0.79   	  25.43		 70.95   	-101.73		
  0.90   	  20.35		 70.54   	 -91.56		
  0.98   	  20.35		 70.17   	 -91.56		
  1.06   	  20.35		 69.81   	 -86.47		
  1.14   	  20.35		 69.46   	 -81.38		
  1.22   	  20.35		 69.14   	 -81.38		
  1.30   	  20.35		 68.81   	 -76.30		
  1.38   	  25.43		 68.50   	 -76.30		
  1.49   	  30.52		 68.20   	 -76.30		
  1.61   	  25.43		 67.89   	 -76.30		
  1.71   	  35.61		 67.59   	 -71.21		
  1.85   	  30.52		 67.30   	 -71.21		
  1.97   	  35.61		 67.02   	 -71.21		
  2.12   	  30.52		 66.73   	 -66.12		
  2.24   	  35.61		 66.47   	 -66.12		
  2.38   	  30.52		 66.21   	 -61.04		
  2.50   	  30.52		 65.96   	 -55.95		
  2.62   	  30.52		 65.74   	 -50.86		
  2.75   	  25.43		 65.53   	 -50.86		
  2.85   	  25.43		 65.33   	 -55.95		
  2.95   	  25.43		 65.11   	 -45.78		
  3.05   	  20.35		 64.92   	 -40.69		
  3.13   	  15.26		 64.76   	 -40.69		
  3.19   	  15.26		 64.60   	 -35.61		
  3.26   	  15.26		 64.46   	 -30.52		
  3.32   	   5.09		 64.33   	 -30.52		
  3.34   	   5.09		 64.21   	 -30.52		
  3.36   	   0.00		 64.09   	 -35.61		
  3.36   	  -5.09		 63.95   	 -30.52		
  3.34   	   0.00		 63.82   	 -30.52		
  3.34   	  -5.09		 63.70   	 -25.43		
  3.32   	  -5.09		 63.60   	 -30.52		
  3.30   	 -10.17		 63.48   	 -25.43		
  3.26   	  -5.09		 63.38   	 -30.52		
  3.23   	 -10.17		 63.26   	 -25.43		
  3.19   	 -15.26		 63.15   	 -25.43		
  3.13   	  -5.09		 63.05   	 -25.43		
  3.11   	 -10.17		 62.95   	 -25.43		
  3.07   	   0.00		 62.85   	 -20.35		
  3.07   	   0.00		 62.77   	 -20.35		
  3.07   	   5.09		 62.69   	 -20.35		
  3.09   	   5.09		 62.60   	 -20.35		
  3.11   	  10.17		 62.52   	 -20.35		
  3.15   	  10.17		 62.44   	 -20.35		
  3.19   	  15.26		 62.36   	 -20.35		
  3.26   	  15.26		 62.28   	 -15.26		
  3.32   	  15.26		 62.22   	 -20.35		
  3.38   	  15.26		 62.14   	 -25.43		
  3.44   	  20.35		 62.03   	 -20.35		
  3.52   	  20.35		 61.95   	 -25.43		
  3.60   	  20.35		 61.85   	 -25.43		
  3.68   	  15.26		 61.75   	 -25.43		
  3.74   	  20.35		 61.65   	 -30.52		
  3.83   	  20.35		 61.53   	 -25.43		
  3.91   	  15.26		 61.42   	 -20.35		
  3.97   	  15.26		 61.34   	 -25.43		
  4.03   	  15.26		 61.24   	 -20.35		
  4.09   	  10.17		 61.16   	 -25.43		
  4.13   	  15.26		 61.06   	 -20.35		
  4.19   	  10.17		 60.98   	 -20.35		
  4.23   	   5.09		 60.89   	 -20.35		
  4.25   	  10.17		 60.81   	 -20.35		
  4.29   	   0.00		 60.73   	 -20.35		
  4.29   	   0.00		 60.65   	 -20.35		
  4.29   	  -5.09		 60.57   	 -20.35		
  4.27   	  -5.09		 60.49   	 -20.35		
  4.25   	 -10.17		 60.41   	 -20.35		
  4.21   	 -15.26		 60.33   	 -20.35		
  4.15   	 -10.17		 60.24   	 -20.35		
  4.11   	 -10.17		 60.16   	 -20.35		
  4.07   	 -15.26		 60.08   	 -25.43		
  4.01   	 -10.17		 59.98   	 -20.35		
  3.97   	  -5.09		 59.90   	 -30.52		
  3.95   	  -5.09		 59.78   	 -25.43		
  3.93   	   0.00		 59.67   	 -25.43		
  3.93   	   5.09		 59.57   	 -25.43		
  3.95   	   5.09		 59.47   	 -25.43		
  3.97   	   5.09		 59.37   	 -25.43		
  3.99   	   5.09		 59.27   	 -30.52		
  4.01   	   5.09		 59.15   	 -25.43		
  4.03   	   0.00		 59.04   	 -30.52		
  4.03   	   0.00		 58.92   	 -20.35		
  4.03   	  -5.09		 58.84   	 -25.43		
  4.01   	  -5.09		 58.74   	 -25.43		
  3.99   	  -5.09		 58.64   	 -25.43		
  3.97   	  -5.09		 58.53   	 -25.43		
  3.95   	   5.09		 58.43   	 -25.43		
  3.97(E)	   0.00		 58.33   	 -25.43		
  3.97   	  10.17		 58.23   	 -25.43		
  4.01   	  10.17		 58.13   	 -20.35		
  4.05   	  15.26		 58.05   	 -25.43		
  4.11   	  20.35		 57.94   	 -20.35		
  4.19   	  25.43		 57.86   	 -25.43		
  4.29   	  30.52		 57.76   	 -20.35		
  4.42   	  25.43		 57.68   	 -30.52		
  4.52   	  30.52		 57.56   	 -25.43		
  4.64   	  30.52		 57.46   	 -25.43		
  4.76   	  30.52		 57.35   	 -30.52		
  4.88   	  30.52		 57.23   	 -30.52		
  5.01   	  30.52		 57.11   	 -25.43		
  5.13   	  25.43		 57.01   	 -30.52		
  5.23   	  25.43		 56.89   	 -25.43		
  5.33   	  25.43		 56.79   	 -35.61		
  5.43   	  15.26		 56.64   	 -25.43		
  5.49   	  15.26		 56.54   	 -30.52		
  5.55   	   5.09		 56.42   	 -30.52		
  5.57   	  -5.09		 56.30   	 -25.43		
  5.55   	 -15.26		 56.20   	 -30.52		
  5.49   	 -30.52		 56.07   	 -25.43		
  5.37   	 -50.86		 55.97   	 -25.43		
  5.17   	 -66.12		 55.87   	 -25.43		
  4.90   	 -76.30		 55.77   	 -20.35		
  4.60   	 -76.30		 55.69   	 -25.43		
  4.29   	 -71.21		 55.58   	 -25.43		
  4.01   	 -61.04		 55.48   	 -20.35		
  3.76   	 -55.95		 55.40   	 -20.35		
  3.54   	 -45.78		 55.32   	 -25.43		
  3.36   	 -20.35		 55.22   	 -20.35		
  3.28   	  10.17		 55.14   	 -15.26		
  3.32   	  66.12		 55.08   	 -15.26		
  3.58   	 116.99		 55.02   	 -15.26		
  4.05   	 162.77		 54.95   	 -15.26		
  4.70   	 198.37		 54.89   	 -15.26		
  5.49   	 208.54		 54.83   	 -20.35		
  6.33   	 208.54		 54.75   	 -25.43		
  7.16   	 203.46		 54.65   	 -20.35		
  7.98   	 193.29		 54.57   	 -20.35		
  8.75   	 244.15		 54.49   	 -25.43		
  9.73   	 274.67		 54.38   	 -25.43		
 10.82   	 295.01		 54.28   	 -25.43		
 12.00   	 330.62		 54.18   	 -25.43		
 13.33   	 345.88		 54.08   	 -20.35		
 14.71   	 366.22		 54.00   	 -15.26		
 16.17   	 366.22		 53.94   	 -20.35		
 17.64   	 361.14		 53.86   	 -15.26		
 19.08   	 366.22		 53.79   	 -20.35		
 20.55   	 366.22		 53.71   	 -10.17		
 22.01   	 371.31		 53.67   	 -15.26		
 23.50   	 376.40		 53.61   	 -10.17		
 25.00   	 376.40		 53.57   	 -15.26		
 26.51   	 366.22		 53.51   	 -10.17		
 27.98   	 361.14		 53.47   	 -15.26		
 29.42   	 345.88		 53.41   	 -10.17		
 30.80   	 325.53		 53.37   	 -15.26		
 32.11   	 295.01		 53.31   	 -10.17		
 33.29   	 269.58		 53.27   	 -20.35		
 34.36   	 228.89		 53.18   	 -15.26		
 35.28   	 188.20		 53.12   	 -15.26		
 36.03   	 152.59		 53.06   	 -20.35		
 36.64   	 111.90		 52.98   	 -20.35		
 37.09   	  81.38		 52.90   	 -15.26		
 37.42   	  45.78		 52.84   	 -20.35		
 37.60   	  15.26		 52.76   	 -20.35		
 37.66   	  -5.09		 52.68   	 -15.26		
 37.64   	 -30.52		 52.61   	 -20.35		
 37.52   	 -50.86		 52.53   	 -15.26		
 37.31   	 -66.12		 52.47   	 -15.26		
 37.05   	 -76.30		 52.41   	 -10.17		
 36.74   	 -86.47		 52.37   	  -5.09		
 36.40   	 -86.47		 52.35   	 -10.17		
 36.05   	 -81.38		 52.31   	 -10.17		
 35.73   	 -81.38		 52.27(D)	   0.00		
 35.40   	 -71.21		 52.27   	  10.17		
 35.12   	 -66.12		 52.31   	  20.35		
 34.85   	 -55.95		 52.39   	  40.69		
 34.63   	 -40.69		 52.55   	  86.47		
 34.47   	 -35.61		 52.90   	 137.33		
 34.32   	 -20.35		 53.45   	 203.46		
 34.24   	  -5.09		 54.26   	 284.84		
 34.22   	   5.09		 55.40   	 350.97		
 34.24   	  20.35		 56.81   	 406.92		
 34.32   	  30.52		 58.43   	 442.52		
 34.45   	  45.78		 60.20   	 452.69		
 34.63   	  50.86		 62.01   	 442.52		
 34.83   	  61.04		 63.78   	 417.09		
 35.08   	  71.21		 65.45   	 376.40		
 35.36   	  71.21		 66.96   	 330.62		
 35.65   	  81.38		 68.28   	 289.93		
 35.97   	  81.38		 69.44   	 244.15		
 36.30   	  86.47		 70.42   	 203.46		
 36.64   	  91.56		 71.23   	 167.85		
 37.01   	  86.47		 71.90   	 137.33		
 37.35   	  91.56		 72.45   	 122.07		
 37.72   	  86.47		 72.94   	 116.99		
 38.07   	  81.38		 73.41   	 127.16		
 38.39   	  81.38		 73.92   	 132.25		
 38.72   	  76.30		 74.45   	 152.59		
 39.02   	  71.21		 75.06   	 172.94		
 39.31   	  71.21		 75.75   	 198.37		
 39.59   	  61.04		 76.54   	 213.63		
 39.84   	  50.86		 77.40   	 233.98		
 40.04   	  50.86		 78.33   	 244.15		
 40.24   	  35.61		 79.31   	 249.24		
 40.39   	  30.52		 80.30   	 259.41		
 40.51   	  20.35		 81.34   	 259.41		
 40.59   	  10.17		 82.38   	 254.32		
 40.63   	   0.00		 83.40   	 249.24		
 40.63   	 -10.17		 84.39   	 233.98		
 40.59   	 -25.43		 85.33   	 208.54		
 40.49   	 -40.69		 86.16   	 193.29		
 40.33   	 -55.95		 86.94   	 167.85		
 40.10   	 -71.21		 87.61   	 152.59		
 39.82   	 -86.47		 88.22   	 127.16		
 39.47   	-106.82		 88.73   	 106.82		
 39.04   	-122.07		 89.16   	  91.56		
 38.56   	-147.51		 89.52   	  71.21		
 37.97   	-167.85		 89.81   	  50.86		
 37.29   	-183.11		 90.01   	  40.69		
 36.56   	-208.54		 90.17   	  25.43		
 35.73   	-228.89		 90.27   	   5.09		
 34.81   	  N/A		 90.29   	  N/A		
