WITTCASE NUMBER: HA001844
SAMPLE NUMBER:   13
TIME RESOLUTION: 4 ms/sample
mmHg RESOLUTION: 0.0203458 mmHg/unit
DATA UNITS:      mmHg, mmHg/sec

------------------------- Begin Data -------------------------
  MPA     	  MPA'		  AO     	  AO'		
 31.72   	 -45.78		 76.26   	   0.00		
 31.54   	 -45.78		 76.26   	 -20.35		
 31.35   	 -55.95		 76.17   	 -35.61		
 31.13   	 -55.95		 76.03   	 -55.95		
 30.91   	 -55.95		 75.81   	 -61.04		
 30.68   	 -66.12		 75.56   	 -81.38		
 30.42   	 -66.12		 75.24   	 -81.38		
 30.15   	 -71.21		 74.91   	 -91.56		
 29.87   	 -81.38		 74.55   	 -96.64		
 29.54   	 -81.38		 74.16   	 -96.64		
 29.22   	 -91.56		 73.77   	-101.73		
 28.85   	-106.82		 73.37   	-101.73		
 28.42   	-122.07		 72.96   	-106.82		
 27.93   	-137.33		 72.53   	-106.82		
 27.39   	-152.59		 72.11   	-111.90		
 26.78   	-162.77		 71.66   	-116.99		
 26.12   	-162.77		 71.19   	-116.99		
 25.47   	-162.77		 70.72   	-127.16		
 24.82   	-162.77		 70.21   	-122.07		
 24.17   	-147.51		 69.73   	-132.25		
 23.58   	-132.25		 69.20   	-137.33		
 23.05   	-111.90		 68.65   	-142.42		
 22.60   	 -91.56		 68.08   	-152.59		
 22.24   	 -81.38		 67.47   	-162.77		
 21.91   	 -71.21		 66.82   	-178.03		
 21.63   	 -55.95		 66.10   	-198.37		
 21.40   	 -40.69		 65.31   	-208.54		
 21.24   	 -35.61		 64.48   	-218.72		
 21.10   	 -30.52		 63.60   	-228.89		
 20.98   	 -20.35		 62.69   	-228.89		
 20.90   	 -15.26		 61.77   	-228.89		
 20.83   	 -15.26		 60.85   	-218.72		
 20.77   	 -15.26		 59.98   	-203.46		
 20.71   	 -10.17		 59.17   	-188.20		
 20.67   	 -10.17		 58.41   	-167.85		
 20.63   	 -15.26		 57.74   	-152.59		
 20.57   	 -20.35		 57.13   	-132.25		
 20.49   	 -25.43		 56.60   	-122.07		
 20.39   	 -25.43		 56.11   	-106.82		
 20.28   	 -35.61		 55.69   	 -96.64		
 20.14   	 -35.61		 55.30   	 -81.38		
 20.00   	 -40.69		 54.97   	 -81.38		
 19.84   	 -45.78		 54.65   	 -76.30		
 19.65   	 -50.86		 54.34   	 -66.12		
 19.45   	 -61.04		 54.08   	 -66.12		
 19.21   	 -61.04		 53.81   	 -71.21		
 18.96   	 -66.12		 53.53   	 -66.12		
 18.70   	 -71.21		 53.27   	 -61.04		
 18.41   	 -71.21		 53.02   	 -66.12		
 18.13   	 -81.38		 52.76   	 -55.95		
 17.80   	 -81.38		 52.53   	 -61.04		
 17.48   	 -76.30		 52.29   	 -55.95		
 17.17   	 -76.30		 52.06   	 -50.86		
 16.87   	 -71.21		 51.86   	 -55.95		
 16.58   	 -66.12		 51.64   	 -55.95		
 16.32   	 -71.21		 51.41   	 -55.95		
 16.03   	 -66.12		 51.19   	 -55.95		
 15.77   	 -61.04		 50.97   	 -55.95		
 15.52   	 -61.04		 50.74   	 -61.04		
 15.28   	 -61.04		 50.50   	 -61.04		
 15.04   	 -61.04		 50.25   	 -61.04		
 14.79   	 -61.04		 50.01   	 -61.04		
 14.55   	 -55.95		 49.77   	 -55.95		
 14.32   	 -55.95		 49.54   	 -66.12		
 14.10   	 -55.95		 49.28   	 -61.04		
 13.88   	 -50.86		 49.03   	 -61.04		
 13.67   	 -40.69		 48.79   	 -55.95		
 13.51   	 -40.69		 48.57   	 -61.04		
 13.35   	 -45.78		 48.32   	 -61.04		
 13.16   	 -35.61		 48.08   	 -55.95		
 13.02   	 -40.69		 47.85   	 -61.04		
 12.86   	 -35.61		 47.61   	 -55.95		
 12.72   	 -30.52		 47.39   	 -61.04		
 12.59   	 -35.61		 47.14   	 -61.04		
 12.45   	 -35.61		 46.90   	 -55.95		
 12.31   	 -25.43		 46.67   	 -55.95		
 12.21   	 -25.43		 46.45   	 -55.95		
 12.11   	 -15.26		 46.23   	 -55.95		
 12.04   	   0.00		 46.00   	 -55.95		
 12.04   	  20.35		 45.78   	 -45.78		
 12.13   	  30.52		 45.59   	 -45.78		
 12.25   	  30.52		 45.41   	 -40.69		
 12.37   	  55.95		 45.25   	 -35.61		
 12.59   	  86.47		 45.11   	 -40.69		
 12.94   	 116.99		 44.94   	 -40.69		
 13.41   	 142.42		 44.78   	 -35.61		
 13.98   	 157.68		 44.64   	 -40.69		
 14.61   	 178.03		 44.48   	 -40.69		
 15.32   	 203.46		 44.31   	 -45.78		
 16.13   	 218.72		 44.13   	 -50.86		
 17.01   	 233.98		 43.93   	 -50.86		
 17.94   	 249.24		 43.72   	 -50.86		
 18.94   	 249.24		 43.52   	 -50.86		
 19.94   	 254.32		 43.32   	 -45.78		
 20.96   	 254.32		 43.13   	 -50.86		
 21.97   	 244.15		 42.93   	 -45.78		
 22.95   	 239.06		 42.75   	 -45.78		
 23.91   	 228.89		 42.56   	 -40.69		
 24.82   	 218.72		 42.40   	 -40.69		
 25.70   	 203.46		 42.24   	 -40.69		
 26.51   	 188.20		 42.08   	 -35.61		
 27.26   	 172.94		 41.93   	 -25.43		
 27.96   	 162.77		 41.83   	 -20.35		
 28.61   	 142.42		 41.75   	 -10.17		
 29.18   	 127.16		 41.71   	   5.09		
 29.68   	 106.82		 41.73   	  30.52		
 30.11   	  96.64		 41.85   	  55.95		
 30.50   	  86.47		 42.08   	  86.47		
 30.84   	  71.21		 42.42   	 127.16		
 31.13   	  61.04		 42.93   	 157.68		
 31.37   	  55.95		 43.56   	 198.37		
 31.60   	  45.78		 44.35   	 239.06		
 31.78   	  40.69		 45.31   	 274.67		
 31.94   	  35.61		 46.41   	 305.19		
 32.09   	  35.61		 47.63   	 340.79		
 32.23   	  25.43		 48.99   	 366.22		
 32.33   	  20.35		 50.46   	 381.48		
 32.41   	  20.35		 51.98   	 396.74		
 32.49   	  15.26		 53.57   	 396.74		
 32.55   	  15.26		 55.16   	 391.66		
 32.61   	  10.17		 56.72   	 386.57		
 32.66   	  15.26		 58.27   	 376.40		
 32.72   	  15.26		 59.78   	 366.22		
 32.78   	  10.17		 61.24   	 350.97		
 32.82   	  10.17		 62.64   	 330.62		
 32.86   	  10.17		 63.97   	 320.45		
 32.90   	  10.17		 65.25   	 295.01		
 32.94   	   5.09		 66.43   	 284.84		
 32.96   	   5.09		 67.57   	 259.41		
 32.98(S)	   0.00		 68.61   	 244.15		
 32.98   	  -5.09		 69.58   	 223.80		
 32.96   	  -5.09		 70.48   	 198.37		
 32.94   	  -5.09		 71.27   	 178.03		
 32.92   	 -15.26		 71.98   	 157.68		
 32.86   	 -10.17		 72.61   	 127.16		
 32.82   	 -20.35		 73.12   	 106.82		
 32.74   	 -25.43		 73.55   	  81.38		
 32.63   	 -30.52		 73.88   	  61.04		
 32.51   	 -35.61		 74.12   	  40.69		
 32.37   	 -40.69		 74.28   	  15.26		
 32.21   	 -45.78		 74.34(S)	   0.00		
 32.02   	 -50.86		 74.34   	 -15.26		
 31.82   	 -55.95		 74.28   	 -35.61		
 31.60   	 -61.04		 74.14   	 -45.78		
 31.35   	 -61.04		 73.96   	 -55.95		
 31.11   	 -66.12		 73.73   	 -76.30		
 30.84   	 -71.21		 73.43   	 -81.38		
 30.56   	 -76.30		 73.10   	 -86.47		
 30.25   	 -81.38		 72.76   	 -96.64		
 29.93   	 -86.47		 72.37   	-101.73		
 29.58   	 -96.64		 71.96   	-106.82		
 29.20   	-106.82		 71.54   	-111.90		
 28.77   	-127.16		 71.09   	-116.99		
 28.26   	-147.51		 70.62   	-122.07		
 27.67   	-157.68		 70.13   	-122.07		
 27.04   	-162.77		 69.64   	-122.07		
 26.39   	-157.68		 69.16   	-127.16		
 25.76   	-152.59		 68.65   	-127.16		
 25.15   	-147.51		 68.14   	-137.33		
 24.56   	-137.33		 67.59   	-142.42		
 24.01   	-122.07		 67.02   	-152.59		
 23.52   	-111.90		 66.41   	-157.68		
 23.07   	 -91.56		 65.78   	-167.85		
 22.71   	 -81.38		 65.11   	-183.11		
 22.38   	 -66.12		 64.37   	-188.20		
 22.12   	 -50.86		 63.62   	-203.46		
 21.91   	 -40.69		 62.81   	-203.46		
 21.75   	 -35.61		 61.99   	-213.63		
 21.61   	 -25.43		 61.14   	-203.46		
 21.51   	 -15.26		 60.33   	-198.37		
 21.44   	 -10.17		 59.53   	-188.20		
 21.40   	 -10.17		 58.78   	-178.03		
 21.36   	  -5.09		 58.07   	-157.68		
 21.34   	  -5.09		 57.44   	-152.59		
 21.32   	 -10.17		 56.83   	-137.33		
 21.28   	 -10.17		 56.28   	-127.16		
 21.24   	 -20.35		 55.77   	-122.07		
 21.16   	 -20.35		 55.28   	-111.90		
 21.08   	 -25.43		 54.83   	-101.73		
 20.98   	 -30.52		 54.43   	 -96.64		
 20.85   	 -40.69		 54.04   	 -86.47		
 20.69   	 -50.86		 53.69   	 -81.38		
 20.49   	 -55.95		 53.37   	 -71.21		
 20.26   	 -61.04		 53.08   	 -71.21		
 20.02   	 -71.21		 52.80   	 -71.21		
 19.74   	 -76.30		 52.51   	 -66.12		
 19.43   	 -81.38		 52.25   	 -66.12		
 19.10   	 -81.38		 51.98   	 -61.04		
 18.78   	 -91.56		 51.74   	 -66.12		
 18.41   	 -91.56		 51.47   	 -61.04		
 18.05   	 -91.56		 51.23   	 -55.95		
 17.68   	 -91.56		 51.01   	 -61.04		
 17.31   	 -86.47		 50.76   	 -61.04		
 16.97   	 -81.38		 50.52   	 -55.95		
 16.64   	 -76.30		 50.29   	 -55.95		
 16.34   	 -76.30		 50.07   	 -50.86		
 16.03   	 -71.21		 49.87   	 -50.86		
 15.75   	 -66.12		 49.66   	 -45.78		
 15.48   	 -71.21		 49.48   	 -45.78		
 15.20   	 -71.21		 49.30   	 -55.95		
 14.91   	 -66.12		 49.07   	 -50.86		
 14.65   	 -50.86		 48.87   	 -61.04		
 14.45   	 -66.12		 48.63   	 -71.21		
 14.18   	 -61.04		 48.34   	 -66.12		
 13.94   	 -55.95		 48.08   	 -71.21		
 13.71   	 -55.95		 47.79   	 -66.12		
 13.49   	 -45.78		 47.53   	 -61.04		
 13.31   	 -45.78		 47.28   	 -61.04		
 13.12   	 -40.69		 47.04   	 -50.86		
 12.96   	 -40.69		 46.84   	 -45.78		
 12.80   	 -40.69		 46.65   	 -45.78		
 12.63   	 -35.61		 46.47   	 -40.69		
 12.49   	 -30.52		 46.31   	 -40.69		
 12.37   	 -25.43		 46.14   	 -40.69		
 12.27   	 -25.43		 45.98   	 -35.61		
 12.17   	 -15.26		 45.84   	 -35.61		
 12.11   	 -20.35		 45.70   	 -40.69		
 12.02   	 -10.17		 45.53   	 -40.69		
 11.98(D)	   0.00		 45.37   	 -40.69		
 11.98   	  20.35		 45.21   	 -40.69		
 12.07   	  35.61		 45.05   	 -45.78		
 12.21   	  71.21		 44.86   	 -40.69		
 12.49   	 122.07		 44.70   	 -45.78		
 12.98   	 147.51		 44.52   	 -45.78		
 13.57   	 147.51		 44.33   	 -50.86		
 14.16   	 152.59		 44.13   	 -50.86		
 14.77   	 172.94		 43.93   	 -55.95		
 15.46   	 188.20		 43.70   	 -55.95		
 16.22   	 203.46		 43.48   	 -50.86		
 17.03   	 218.72		 43.28   	 -55.95		
 17.90   	 223.80		 43.05   	 -50.86		
 18.80   	 228.89		 42.85   	 -45.78		
 19.72   	 239.06		 42.67   	 -50.86		
 20.67   	 233.98		 42.46   	 -45.78		
 21.61   	 228.89		 42.28   	 -50.86		
 22.52   	 228.89		 42.08   	 -40.69		
 23.44   	 213.63		 41.91   	 -45.78		
 24.29   	 208.54		 41.73   	 -35.61		
 25.13   	 198.37		 41.59   	 -35.61		
 25.92   	 188.20		 41.44   	 -25.43		
 26.67   	 172.94		 41.34   	 -20.35		
 27.37   	 157.68		 41.26   	 -15.26		
 28.00   	 137.33		 41.20(D)	   0.00		
 28.55   	 127.16		 41.20   	  10.17		
 29.05   	 111.90		 41.24   	  30.52		
 29.50   	 101.73		 41.36   	  55.95		
 29.91   	  86.47		 41.59   	  81.38		
 30.25   	  71.21		 41.91   	 111.90		
 30.54   	  66.12		 42.36   	 147.51		
 30.80   	  66.12		 42.95   	 188.20		
 31.07   	  55.95		 43.70   	 223.80		
 31.29   	  50.86		 44.60   	 264.50		
 31.50   	  45.78		 45.66   	 300.10		
 31.68   	  40.69		 46.86   	 340.79		
 31.84   	  40.69		 48.22   	 361.14		
 32.00   	  35.61		 49.66   	 386.57		
 32.15   	  30.52		 51.21   	 396.74		
 32.27   	  25.43		 52.80   	 406.92		
 32.37   	  25.43		 54.43   	 401.83		
 32.47   	  25.43		 56.03   	 396.74		
 32.57   	  20.35		 57.62   	 386.57		
 32.66   	  15.26		 59.17   	 366.22		
 32.72   	  15.26		 60.63   	 350.97		
 32.78   	  15.26		 62.03   	 335.71		
 32.84   	  10.17		 63.38   	 310.27		
 32.88   	  10.17		 64.62   	 295.01		
 32.92   	   5.09		 65.80   	 279.75		
 32.94(S)	   0.00		 66.92   	 254.32		
 32.94   	   0.00		 67.93   	 244.15		
 32.94   	  -5.09		 68.91   	 223.80		
 32.92   	 -10.17		 69.81   	 203.46		
 32.88   	 -15.26		 70.62   	 193.29		
 32.82   	 -15.26		 71.39   	 167.85		
 32.76   	 -20.35		 72.06   	 142.42		
 32.68   	 -30.52		 72.63   	 122.07		
 32.55   	 -30.52		 73.12   	 101.73		
 32.43   	 -35.61		 73.53   	  71.21		
 32.29   	 -35.61		 73.81   	  55.95		
 32.15   	 -45.78		 74.04   	  35.61		
 31.96   	 -45.78		 74.18   	  10.17		
 31.78   	 -45.78		 74.22(S)	  -5.09		
 31.60   	 -50.86		 74.20   	 -30.52		
 31.39   	 -55.95		 74.08   	 -45.78		
 31.17   	 -55.95		 73.90   	 -61.04		
 30.95   	 -55.95		 73.65   	 -71.21		
 30.72   	 -61.04		 73.37   	 -86.47		
 30.48   	 -61.04		 73.02   	 -91.56		
 30.23   	 -71.21		 72.65   	 -96.64		
 29.95   	 -81.38		 72.27   	-101.73		
 29.62   	 -86.47		 71.86   	-101.73		
 29.28   	-101.73		 71.45   	-106.82		
 28.87   	-111.90		 71.03   	-106.82		
 28.42   	-132.25		 70.60   	-106.82		
 27.89   	-142.42		 70.17   	-106.82		
 27.32   	-147.51		 69.75   	-106.82		
 26.73   	-142.42		 69.32   	-106.82		
 26.16   	-142.42		 68.89   	-111.90		
 25.60   	-132.25		 68.44   	-111.90		
 25.07   	-122.07		 68.00   	-122.07		
 24.58   	-111.90		 67.51   	-122.07		
 24.13   	-101.73		 67.02   	-132.25		
 23.72   	 -86.47		 66.49   	-147.51		
 23.38   	 -76.30		 65.90   	-167.85		
 23.07   	 -61.04		 65.23   	-178.03		
 22.83   	 -45.78		 64.52   	-198.37		
 22.64   	 -35.61		 63.72   	-213.63		
 22.50   	 -25.43		 62.87   	-223.80		
 22.40   	 -15.26		 61.97   	-223.80		
 22.34   	 -15.26		 61.08   	-223.80		
 22.28   	  -5.09		 60.18   	-213.63		
 22.26   	   0.00		 59.33   	-198.37		
 22.26   	   0.00		 58.53   	-183.11		
 22.26   	  -5.09		 57.80   	-167.85		
 22.24   	  -5.09		 57.13   	-152.59		
 22.22   	 -10.17		 56.52   	-132.25		
 22.18   	 -20.35		 55.99   	-116.99		
 22.10   	 -20.35		 55.52   	-111.90		
 22.01   	 -25.43		 55.08   	 -96.64		
 21.91   	 -35.61		 54.69   	 -91.56		
 21.77   	 -40.69		 54.32   	 -81.38		
 21.61   	 -45.78		 54.00   	 -76.30		
 21.42   	 -55.95		 53.69   	 -76.30		
 21.20   	 -61.04		 53.39   	 -66.12		
 20.96   	 -61.04		 53.12   	 -66.12		
 20.71   	 -71.21		 52.86   	 -61.04		
 20.43   	 -76.30		 52.61   	 -61.04		
 20.12   	 -71.21		 52.37   	 -61.04		
 19.84   	 -76.30		 52.13   	 -61.04		
 19.53   	 -66.12		 51.88   	 -61.04		
 19.27   	 -66.12		 51.64   	 -55.95		
 19.00   	 -61.04		 51.41   	 -55.95		
 18.76   	 -55.95		 51.19   	 -55.95		
 18.54   	 -61.04		 50.97   	 -50.86		
 18.29   	 -50.86		 50.76   	 -50.86		
 18.09   	 -50.86		 50.56   	 -55.95		
 17.88   	 -50.86		 50.34   	 -45.78		
 17.68   	 -45.78		 50.15   	 -50.86		
 17.50   	 -45.78		 49.95   	 -50.86		
 17.31   	 -40.69		 49.75   	 -45.78		
 17.15   	 -40.69		 49.56   	 -45.78		
 16.99   	 -40.69		 49.38   	 -50.86		
 16.83   	 -45.78		 49.18   	 -50.86		
 16.64   	 -40.69		 48.97   	 -61.04		
 16.48   	 -30.52		 48.73   	 -55.95		
 16.36   	 -30.52		 48.50   	 -66.12		
 16.24   	 -15.26		 48.24   	 -61.04		
 16.17   	 -10.17		 48.00   	 -66.12		
 16.13   	  -5.09		 47.73   	 -61.04		
 16.11(D)	  10.17		 47.49   	 -61.04		
 16.15   	  15.26		 47.24   	 -61.04		
 16.22   	  15.26		 47.00   	 -55.95		
 16.28   	  20.35		 46.77   	 -50.86		
 16.36   	  25.43		 46.57   	 -50.86		
 16.46   	  15.26		 46.37   	 -50.86		
 16.52   	  20.35		 46.16   	 -45.78		
 16.60   	  15.26		 45.98   	 -50.86		
 16.66   	  15.26		 45.78   	 -45.78		
 16.72   	  15.26		 45.59   	 -45.78		
 16.79   	  20.35		 45.41   	 -45.78		
 16.87   	  30.52		 45.23   	 -40.69		
 16.99   	  40.69		 45.07   	 -40.69		
 17.15   	  50.86		 44.90   	 -35.61		
 17.35   	  66.12		 44.76   	 -35.61		
 17.62   	  86.47		 44.62   	 -35.61		
 17.97   	 132.25		 44.48   	 -35.61		
 18.49   	 172.94		 44.33   	 -35.61		
 19.19   	 178.03		 44.19   	 -35.61		
 19.90   	 172.94		 44.05   	 -40.69		
 20.59   	 172.94		 43.89   	 -45.78		
 21.28   	 183.11		 43.70   	 -45.78		
 22.01   	 183.11		 43.52   	 -50.86		
 22.75   	 183.11		 43.32   	 -55.95		
 23.48   	 172.94		 43.09   	 -50.86		
 24.17   	 172.94		 42.89   	 -50.86		
 24.86   	 167.85		 42.69   	 -45.78		
 25.53   	 162.77		 42.50   	 -50.86		
 26.19   	 152.59		 42.30   	 -40.69		
 26.80   	 152.59		 42.14   	 -40.69		
 27.41   	 147.51		 41.97   	 -30.52		
 28.00   	 137.33		 41.85   	 -20.35		
 28.55   	 137.33		 41.77   	 -15.26		
 29.09   	 132.25		 41.71(D)	   0.00		
 29.62   	 122.07		 41.71   	  10.17		
 30.11   	 116.99		 41.75   	  35.61		
 30.58   	 111.90		 41.89   	  55.95		
 31.03   	 106.82		 42.12   	  86.47		
 31.45   	 101.73		 42.46   	 122.07		
 31.86   	  91.56		 42.95   	 157.68		
 32.23   	  91.56		 43.58   	 193.29		
 32.59   	  81.38		 44.35   	 228.89		
 32.92   	  81.38		 45.27   	 274.67		
 33.25   	  71.21		 46.37   	 305.19		
 33.53   	  66.12		 47.59   	 340.79		
 33.79   	  61.04		 48.95   	 371.31		
 34.04   	  55.95		 50.44   	 386.57		
 34.26   	  50.86		 51.98   	 406.92		
 34.47   	  45.78		 53.61   	 412.00		
 34.65   	  40.69		 55.26   	 412.00		
 34.81   	  35.61		 56.91   	 406.92		
 34.95   	  30.52		 58.53   	 401.83		
 35.08   	  25.43		 60.14   	 391.66		
 35.18   	  20.35		 61.71   	 376.40		
 35.26   	  15.26		 63.21   	 361.14		
 35.32   	  15.26		 64.66   	 345.88		
 35.38   	  10.17		 66.04   	 330.62		
 35.42   	   5.09		 67.36   	 305.19		
 35.44(S)	   0.00		 68.59   	 289.93		
 35.44   	   0.00		 69.75   	 269.58		
 35.44   	  -5.09		 70.82   	 244.15		
 35.42   	 -10.17		 71.80   	 223.80		
 35.38   	 -10.17		 72.70   	 198.37		
 35.34   	 -15.26		 73.49   	 172.94		
 35.28   	 -15.26		 74.18   	 147.51		
 35.22   	 -20.35		 74.77   	 127.16		
 35.14   	 -25.43		 75.28   	 101.73		
 35.04   	 -30.52		 75.69   	  76.30		
 34.91   	 -30.52		 75.99   	  55.95		
 34.79   	 -30.52		 76.22   	  35.61		
 34.67   	 -40.69		 76.36   	  10.17		
 34.51   	 -35.61		 76.40(S)	   0.00		
 34.36   	 -45.78		 76.40   	 -25.43		
 34.18   	 -40.69		 76.30   	 -35.61		
 34.02   	 -50.86		 76.15   	 -55.95		
 33.81   	 -50.86		 75.93   	 -66.12		
 33.61   	 -55.95		 75.67   	 -81.38		
 33.39   	 -66.12		 75.34   	 -91.56		
 33.12   	 -66.12		 74.97   	-101.73		
 32.86   	 -71.21		 74.57   	-111.90		
 32.57   	 -81.38		 74.12   	-116.99		
 32.25   	 -86.47		 73.65   	-127.16		
 31.90   	-101.73		 73.14   	-127.16		
 31.50   	-122.07		 72.63   	-127.16		
 31.01   	-137.33		 72.13   	-122.07		
 30.46   	-152.59		 71.64   	-122.07		
 29.85   	-157.68		 71.15   	-122.07		
 29.22   	-157.68		 70.66   	-116.99		
 28.59   	-152.59		 70.19   	-116.99		
 27.98   	-147.51		 69.73   	-116.99		
 27.39   	-127.16		 69.26   	-127.16		
 26.88   	-116.99		 68.75   	-127.16		
 26.41   	-106.82		 68.24   	-142.42		
 25.98   	 -91.56		 67.67   	-152.59		
 25.62   	 -81.38		 67.06   	-167.85		
 25.29   	 -61.04		 66.39   	-183.11		
 25.05   	 -45.78		 65.66   	-198.37		
 24.86   	 -25.43		 64.86   	-208.54		
 24.76   	 -25.43		 64.03   	-223.80		
 24.66   	 -15.26		 63.13   	-223.80		
 24.60   	 -15.26		 62.24   	-223.80		
 24.54   	  -5.09		 61.34   	-213.63		
 24.52   	  -5.09		 60.49   	-203.46		
 24.50   	  -5.09		 59.67   	-188.20		
 24.48   	 -10.17		 58.92   	-172.94		
 24.44   	 -15.26		 58.23   	-152.59		
 24.37   	 -20.35		 57.62   	-142.42		
 24.29   	 -25.43		 57.05   	-122.07		
 24.19   	 -35.61		 56.56   	-116.99		
 24.05   	 -35.61		 56.09   	-101.73		
 23.91   	 -50.86		 55.69   	 -96.64		
 23.70   	 -50.86		 55.30   	 -86.47		
 23.50   	 -61.04		 54.95   	 -81.38		
 23.26   	 -61.04		 54.63   	 -76.30		
 23.01   	 -66.12		 54.32   	 -76.30		
 22.75   	 -66.12		 54.02   	 -66.12		
 22.48   	 -66.12		 53.75   	 -61.04		
 22.22   	 -76.30		 53.51   	 -61.04		
 21.91   	 -71.21		 53.27   	 -61.04		
 21.63   	 -66.12		 53.02   	 -55.95		
 21.36   	 -66.12		 52.80   	 -61.04		
 21.10   	 -61.04		 52.55   	 -55.95		
 20.85   	 -55.95		 52.33   	 -61.04		
 20.63   	 -55.95		 52.09   	 -61.04		
 20.41   	 -55.95		 51.84   	 -55.95		
 20.18   	 -50.86		 51.62   	 -61.04		
 19.98   	 -50.86		 51.37   	 -61.04		
 19.78   	 -45.78		 51.13   	 -55.95		
 19.59   	 -45.78		 50.91   	 -61.04		
 19.41   	 -40.69		 50.66   	 -61.04		
 19.25   	 -40.69		 50.42   	 -55.95		
 19.08   	 -35.61		 50.19   	 -55.95		
 18.94   	 -40.69		 49.97   	 -55.95		
 18.78   	 -35.61		 49.75   	 -55.95		
 18.64   	 -35.61		 49.52   	 -61.04		
 18.49   	 -40.69		 49.28   	 -55.95		
 18.33   	 -35.61		 49.05   	 -61.04		
 18.19   	 -40.69		 48.81   	 -61.04		
 18.03   	 -35.61		 48.57   	 -61.04		
 17.88   	 -40.69		 48.32   	 -55.95		
 17.72   	 -40.69		 48.10   	 -66.12		
 17.56   	 -40.69		 47.83   	 -61.04		
 17.40   	 -45.78		 47.59   	 -55.95		
 17.21   	 -40.69		 47.37   	 -61.04		
 17.05   	 -40.69		 47.12   	 -50.86		
 16.89   	 -45.78		 46.92   	 -55.95		
 16.70   	 -40.69		 46.69   	 -50.86		
 16.54   	 -50.86		 46.49   	 -50.86		
 16.34   	 -45.78		 46.29   	 -45.78		
 16.15   	 -45.78		 46.10   	 -50.86		
 15.97   	 -35.61		 45.90   	 -45.78		
 15.83   	 -20.35		 45.72   	 -40.69		
 15.75(D)	  25.43		 45.55   	 -40.69		
 15.85   	  55.95		 45.39   	 -40.69		
 16.07   	  55.95		 45.23   	 -45.78		
 16.30   	  66.12		 45.05   	 -45.78		
 16.56   	  81.38		 44.86   	 -45.78		
 16.89   	 101.73		 44.68   	 -45.78		
 17.29   	 122.07		 44.50   	 -50.86		
 17.78   	 147.51		 44.29   	 -45.78		
 18.37   	 162.77		 44.11   	 -45.78		
 19.02   	 178.03		 43.93   	 -45.78		
 19.74   	 193.29		 43.74   	 -50.86		
 20.51   	 203.46		 43.54   	 -50.86		
 21.32   	 208.54		 43.34   	 -45.78		
 22.16   	 213.63		 43.15   	 -45.78		
 23.01   	 218.72		 42.97   	 -45.78		
 23.89   	 213.63		 42.79   	 -45.78		
 24.74   	 213.63		 42.60   	 -35.61		
 25.60   	 203.46		 42.46   	 -40.69		
 26.41   	 198.37		 42.30   	 -30.52		
 27.20   	 188.20		 42.18   	 -25.43		
 27.96   	 172.94		 42.08   	 -20.35		
 28.65   	 162.77		 41.99   	  -5.09		
 29.30   	 152.59		 41.97(D)	  15.26		
 29.91   	 137.33		 42.03   	  30.52		
 30.46   	 122.07		 42.16   	  61.04		
 30.95   	 111.90		 42.40   	  86.47		
 31.39   	  96.64		 42.75   	 127.16		
 31.78   	  86.47		 43.26   	 167.85		
 32.13   	  81.38		 43.93   	 208.54		
 32.45   	  66.12		 44.76   	 249.24		
 32.72   	  55.95		 45.76   	 284.84		
 32.94   	  50.86		 46.90   	 320.45		
 33.14   	  40.69		 48.18   	 350.97		
 33.31   	  35.61		 49.58   	 371.31		
 33.45   	  25.43		 51.07   	 391.66		
 33.55   	  25.43		 52.63   	 406.92		
 33.65   	  10.17		 54.26   	 406.92		
 33.69   	  15.26		 55.89   	 412.00		
 33.75   	   5.09		 57.54   	 401.83		
 33.77   	  10.17		 59.15   	 391.66		
 33.81   	   5.09		 60.71   	 381.48		
 33.84   	   5.09		 62.24   	 371.31		
 33.86(S)	   0.00		 63.72   	 356.05		
 33.86   	   0.00		 65.15   	 340.79		
 33.86   	   0.00		 66.51   	 325.53		
 33.86   	  -5.09		 67.81   	 305.19		
 33.84   	  -5.09		 69.03   	 284.84		
 33.81   	  -5.09		 70.17   	 269.58		
 33.79   	 -10.17		 71.25   	 249.24		
 33.75   	 -15.26		 72.25   	 228.89		
 33.69   	 -15.26		 73.16   	 208.54		
 33.63   	 -20.35		 74.00   	 178.03		
 33.55   	 -25.43		 74.71   	 157.68		
 33.45   	 -25.43		 75.34   	 132.25		
 33.35   	 -25.43		 75.87   	 106.82		
 33.25   	 -30.52		 76.30   	  76.30		
 33.12   	 -35.61		 76.60   	  55.95		
 32.98   	 -35.61		 76.83   	  30.52		
 32.84   	 -45.78		 76.95   	   5.09		
 32.66   	 -40.69		 76.97(S)	 -10.17		
 32.49   	 -50.86		 76.93   	 -35.61		
 32.29   	 -50.86		 76.79   	 -55.95		
 32.09   	 -55.95		 76.56   	 -61.04		
 31.86   	 -61.04		 76.32   	 -76.30		
 31.62   	 -61.04		 76.01   	 -86.47		
 31.37   	 -71.21		 75.67   	 -91.56		
 31.09   	 -71.21		 75.30   	 -96.64		
 30.80   	 -86.47		 74.91   	-106.82		
 30.46   	 -86.47		 74.49   	-106.82		
 30.11   	-101.73		 74.06   	-111.90		
 29.70   	-111.90		 73.61   	-111.90		
 29.26   	-132.25		 73.16   	-111.90		
 28.73   	-152.59		 72.72   	-116.99		
 28.12   	-162.77		 72.25   	-111.90		
 27.47   	-167.85		 71.80   	-116.99		
 26.80   	-167.85		 71.33   	-116.99		
 26.12   	-167.85		 70.86   	-122.07		
 25.45   	-167.85		 70.38   	-122.07		
 24.78   	-152.59		 69.89   	-127.16		
 24.17   	-132.25		 69.38   	-132.25		
 23.64   	-111.90		 68.85   	-142.42		
 23.19   	 -96.64		 68.28   	-152.59		
 22.81   	 -86.47		 67.67   	-162.77		
 22.46   	 -66.12		 67.02   	-183.11		
 22.20   	 -55.95		 66.29   	-198.37		
 21.97   	 -40.69		 65.49   	-213.63		
 21.81   	 -40.69		 64.64   	-223.80		
 21.65   	 -30.52		 63.74   	-228.89		
 21.53   	 -25.43		 62.83   	-228.89		
 21.42   	 -25.43		 61.91   	-228.89		
 21.32   	 -20.35		 61.00   	-213.63		
 21.24   	 -20.35		 60.14   	-203.46		
 21.16   	 -20.35		 59.33   	-183.11		
 21.08   	 -20.35		 58.60   	-172.94		
 21.00   	 -20.35		 57.90   	-152.59		
 20.92   	 -25.43		 57.29   	-132.25		
 20.81   	 -30.52		 56.76   	-122.07		
 20.69   	 -30.52		 56.28   	-101.73		
 20.57   	 -35.61		 55.87   	 -96.64		
 20.43   	 -35.61		 55.48   	 -86.47		
 20.28   	 -40.69		 55.14   	 -76.30		
 20.12   	 -50.86		 54.83   	 -76.30		
 19.92   	 -50.86		 54.53   	 -71.21		
 19.72   	 -55.95		 54.24   	 -66.12		
 19.49   	 -61.04		 53.98   	 -71.21		
 19.25   	 -61.04		 53.69   	 -66.12		
 19.00   	 -71.21		 53.43   	 -71.21		
 18.72   	 -76.30		 53.14   	 -66.12		
 18.41   	 -76.30		 52.88   	 -71.21		
 18.11   	 -76.30		 52.59   	 -66.12		
 17.80   	 -71.21		 52.33   	 -61.04		
 17.52   	 -71.21		 52.09   	 -61.04		
 17.23   	 -71.21		 51.84   	 -66.12		
 16.95   	 -71.21		 51.58   	 -55.95		
 16.66   	 -66.12		 51.35   	 -61.04		
 16.40   	 -61.04		 51.11   	 -55.95		
 16.15   	 -66.12		 50.88   	 -55.95		
 15.89   	 -61.04		 50.66   	 -50.86		
 15.65   	 -61.04		 50.46   	 -55.95		
 15.40   	 -55.95		 50.23   	 -50.86		
 15.18   	 -55.95		 50.03   	 -55.95		
 14.95   	 -50.86		 49.81   	 -50.86		
 14.75   	 -55.95		 49.60   	 -66.12		
 14.53   	 -50.86		 49.34   	 -61.04		
 14.32   	 -50.86		 49.09   	 -66.12		
 14.12   	 -45.78		 48.83   	 -66.12		
 13.94   	 -45.78		 48.57   	 -66.12		
 13.75   	 -40.69		 48.30   	 -66.12		
 13.59   	 -45.78		 48.04   	 -66.12		
 13.41   	 -40.69		 47.77   	 -66.12		
 13.25   	 -40.69		 47.51   	 -61.04		
 13.08   	 -40.69		 47.26   	 -55.95		
 12.92   	 -35.61		 47.04   	 -55.95		
 12.78   	 -40.69		 46.82   	 -50.86		
 12.61   	 -35.61		 46.61   	 -50.86		
 12.47   	 -35.61		 46.41   	 -55.95		
 12.33   	 -20.35		 46.18   	 -45.78		
 12.25   	 -10.17		 46.00   	 -50.86		
 12.21(D)	   5.09		 45.80   	 -50.86		
 12.23   	  20.35		 45.59   	 -45.78		
 12.31   	  25.43		 45.41   	 -40.69		
 12.41   	  40.69		 45.25   	 -45.78		
 12.57   	  71.21		 45.07   	 -40.69		
 12.86   	 101.73		 44.90   	 -40.69		
 13.27   	 127.16		 44.74   	 -45.78		
 13.77   	 147.51		 44.56   	 -40.69		
 14.36   	 178.03		 44.39   	 -45.78		
 15.08   	 203.46		 44.21   	 -45.78		
 15.89   	 223.80		 44.03   	 -45.78		
 16.79   	 233.98		 43.85   	 -55.95		
 17.72   	 239.06		 43.62   	 -50.86		
 18.68   	 254.32		 43.42   	 -55.95		
 19.69   	 254.32		 43.19   	 -45.78		
 20.71   	 259.41		 43.01   	 -45.78		
 21.75   	 249.24		 42.83   	 -40.69		
 22.75   	 244.15		 42.67   	 -35.61		
 23.72   	 233.98		 42.52   	 -35.61		
 24.66   	 228.89		 42.38   	 -35.61		
 25.57   	 208.54		 42.24   	 -30.52		
 26.41   	 198.37		 42.12   	 -25.43		
 27.20   	 178.03		 42.01   	 -20.35		
 27.91   	 167.85		 41.93   	 -20.35		
 28.59   	 147.51		 41.85   	  -5.09		
 29.18   	 132.25		 41.83(D)	   5.09		
 29.70   	 116.99		 41.85   	  25.43		
 30.17   	 106.82		 41.95   	  45.78		
 30.60   	  96.64		 42.14   	  76.30		
 30.99   	  76.30		 42.44   	 106.82		
 31.29   	  66.12		 42.87   	 142.42		
 31.56   	  55.95		 43.44   	 188.20		
 31.78   	  45.78		 44.19   	 223.80		
 31.96   	  45.78		 45.09   	 264.50		
 32.15   	  35.61		 46.14   	 300.10		
 32.29   	  30.52		 47.34   	 335.71		
 32.41   	  25.43		 48.69   	 356.05		
 32.51   	  20.35		 50.11   	 376.40		
 32.59   	  20.35		 51.62   	 391.66		
 32.68   	  15.26		 53.18   	 391.66		
 32.74   	  15.26		 54.75   	 396.74		
 32.80   	  15.26		 56.34   	 386.57		
 32.86   	  15.26		 57.88   	 376.40		
 32.92   	  10.17		 59.39   	 366.22		
 32.96   	  15.26		 60.85   	 350.97		
 33.02   	  10.17		 62.26   	 330.62		
 33.06   	  10.17		 63.58   	 320.45		
 33.10   	   5.09		 64.86   	 295.01		
 33.12   	  10.17		 66.04   	 284.84		
 33.16   	   0.00		 67.18   	 259.41		
 33.16   	   5.09		 68.22   	 244.15		
 33.18(S)	  -5.09		 69.20   	 228.89		
 33.16   	  -5.09		 70.11   	 208.54		
 33.14   	  -5.09		 70.95   	 188.20		
 33.12   	 -15.26		 71.70   	 167.85		
 33.06   	 -20.35		 72.37   	 137.33		
 32.98   	 -20.35		 72.92   	 116.99		
 32.90   	 -25.43		 73.39   	  91.56		
 32.80   	 -35.61		 73.75   	  66.12		
 32.66   	 -30.52		 74.02   	  45.78		
 32.53   	 -40.69		 74.20   	  20.35		
 32.37   	 -40.69		 74.28(S)	   0.00		
 32.21   	 -45.78		 74.28   	 -15.26		
 32.02   	 -45.78		 74.22   	 -30.52		
 31.84   	 -50.86		 74.10   	 -50.86		
 31.64   	 -61.04		 73.90   	 -55.95		
 31.39   	 -61.04		 73.67   	 -76.30		
 31.15   	 -66.12		 73.37   	 -91.56		
 30.88   	 -71.21		 73.00   	 -96.64		
 30.60   	 -81.38		 72.61   	-101.73		
 30.27   	 -86.47		 72.21   	-106.82		
 29.93   	 -96.64		 71.78   	-106.82		
 29.54   	-111.90		 71.35   	-116.99		
 29.09   	-122.07		 70.88   	-116.99		
 28.61   	-147.51		 70.42   	-116.99		
 28.02   	-157.68		 69.95   	-116.99		
 27.39   	-157.68		 69.48   	-116.99		
 26.75   	-157.68		 69.01   	-122.07		
 26.12   	-157.68		 68.52   	-122.07		
 25.49   	-152.59		 68.04   	-132.25		
 24.88   	-137.33		 67.51   	-132.25		
 24.33   	-132.25		 66.98   	-142.42		
 23.80   	-111.90		 66.41   	-147.51		
 23.36   	-101.73		 65.82   	-162.77		
 22.95   	 -86.47		 65.17   	-172.94		
 22.60   	 -71.21		 64.48   	-188.20		
 22.32   	 -55.95		 63.72   	-198.37		
 22.10   	 -50.86		 62.93   	-208.54		
 21.89   	 -35.61		 62.10   	-213.63		
 21.75   	 -25.43		 61.24   	-218.72		
 21.65   	 -15.26		 60.37   	-213.63		
 21.59   	 -10.17		 59.51   	-203.46		
 21.55   	 -15.26		 58.70   	-193.29		
 21.49   	 -10.17		 57.92   	-178.03		
 21.44   	 -10.17		 57.21   	-162.77		
 21.40   	 -10.17		 56.56   	-142.42		
 21.36   	 -20.35		 55.99   	-132.25		
 21.28   	 -20.35		 55.46   	-116.99		
 21.20   	 -30.52		 54.99   	-101.73		
 21.08   	 -30.52		 54.59   	 -96.64		
 20.96   	 -35.61		 54.20   	 -86.47		
 20.81   	 -45.78		 53.86   	 -81.38		
 20.63   	 -50.86		 53.53   	 -76.30		
 20.43   	 -50.86		 53.22   	 -71.21		
 20.22   	 -66.12		 52.94   	 -71.21		
 19.96   	 -66.12		 52.65   	 -71.21		
 19.69   	 -66.12		 52.37   	 -61.04		
 19.43   	 -76.30		 52.13   	 -61.04		
 19.13   	 -76.30		 51.88   	 -61.04		
 18.82   	 -76.30		 51.64   	 -55.95		
 18.51   	 -86.47		 51.41   	 -55.95		
 18.17   	 -81.38		 51.19   	 -50.86		
 17.84   	 -81.38		 50.99   	 -55.95		
 17.52   	 -76.30		 50.76   	 -50.86		
 17.21   	 -76.30		 50.56   	 -50.86		
 16.91   	 -76.30		 50.36   	 -50.86		
 16.60   	 -71.21		 50.15   	 -50.86		
 16.32   	 -61.04		 49.95   	 -55.95		
 16.07   	 -66.12		 49.73   	 -50.86		
 15.81   	 -61.04		 49.52   	 -55.95		
 15.56   	 -66.12		 49.30   	 -55.95		
 15.30   	 -61.04		 49.07   	 -50.86		
 15.06   	 -61.04		 48.87   	 -55.95		
 14.81   	 -71.21		 48.65   	 -55.95		
 14.53   	 -61.04		 48.42   	 -61.04		
 14.28   	 -61.04		 48.18   	 -55.95		
 14.04   	 -55.95		 47.96   	 -61.04		
 13.81   	 -55.95		 47.71   	 -50.86		
 13.59   	 -50.86		 47.51   	 -55.95		
 13.39   	 -45.78		 47.28   	 -50.86		
 13.20   	 -40.69		 47.08   	 -55.95		
 13.04   	 -35.61		 46.86   	 -50.86		
 12.90   	 -30.52		 46.65   	 -50.86		
 12.78   	 -30.52		 46.45   	 -50.86		
 12.66   	 -25.43		 46.25   	 -50.86		
 12.55   	 -20.35		 46.04   	 -55.95		
 12.47   	 -20.35		 45.82   	 -50.86		
 12.39   	 -15.26		 45.62   	 -55.95		
 12.33   	 -10.17		 45.39   	 -50.86		
 12.29(D)	   0.00		 45.19   	 -50.86		
 12.29   	  10.17		 44.98   	 -50.86		
 12.33   	  20.35		 44.78   	 -45.78		
 12.41   	  45.78		 44.60   	 -40.69		
 12.59   	  71.21		 44.44   	 -35.61		
 12.88   	  91.56		 44.29   	 -40.69		
 13.25   	 127.16		 44.13   	 -40.69		
 13.75   	 172.94		 43.97   	 -40.69		
 14.45   	 213.63		 43.80   	 -40.69		
 15.30   	 213.63		 43.64   	 -45.78		
 16.15   	 203.46		 43.46   	 -50.86		
 16.97   	 203.46		 43.26   	 -45.78		
 17.78   	 223.80		 43.07   	 -55.95		
 18.68   	 239.06		 42.85   	 -45.78		
 19.63   	 228.89		 42.67   	 -50.86		
 20.55   	 228.89		 42.46   	 -40.69		
 21.46   	 218.72		 42.30   	 -40.69		
 22.34   	 223.80		 42.14   	 -40.69		
 23.23   	 213.63		 41.97   	 -40.69		
 24.09   	 208.54		 41.81   	 -35.61		
 24.92   	 198.37		 41.67   	 -30.52		
 25.72   	 183.11		 41.55   	 -30.52		
 26.45   	 172.94		 41.42   	 -30.52		
 27.14   	 162.77		 41.30   	 -20.35		
 27.79   	 152.59		 41.22   	 -10.17		
 28.40   	 137.33		 41.18   	  -5.09		
 28.95   	 122.07		 41.16(D)	  15.26		
 29.44   	 111.90		 41.22   	  30.52		
 29.89   	  96.64		 41.34   	  55.95		
 30.27   	  86.47		 41.57   	  86.47		
 30.62   	  81.38		 41.91   	 116.99		
 30.95   	  71.21		 42.38   	 152.59		
 31.23   	  61.04		 42.99   	 188.20		
 31.47   	  55.95		 43.74   	 228.89		
 31.70   	  45.78		 44.66   	 269.58		
 31.88   	  45.78		 45.74   	 305.19		
 32.06   	  40.69		 46.96   	 335.71		
 32.23   	  35.61		 48.30   	 366.22		
 32.37   	  30.52		 49.77   	 386.57		
 32.49   	  25.43		 51.31   	 391.66		
 32.59   	  25.43		 52.88   	 406.92		
 32.70   	  20.35		 54.51   	 401.83		
 32.78   	  25.43		 56.11   	 391.66		
 32.88   	  15.26		 57.68   	 381.48		
 32.94   	  20.35		 59.21   	 371.31		
 33.02   	  15.26		 60.69   	 350.97		
 33.08   	  15.26		 62.10   	 335.71		
 33.14   	  10.17		 63.44   	 310.27		
 33.18   	   5.09		 64.68   	 295.01		
 33.20   	   5.09		 65.86   	 269.58		
 33.22   	   5.09		 66.94   	 254.32		
 33.25(S)	  -5.09		 67.95   	 233.98		
 33.22   	  -5.09		 68.89   	 218.72		
 33.20   	 -10.17		 69.77   	 203.46		
 33.16   	 -10.17		 70.58   	 178.03		
 33.12   	 -15.26		 71.29   	 162.77		
 33.06   	 -20.35		 71.94   	 132.25		
 32.98   	 -25.43		 72.47   	 116.99		
 32.88   	 -30.52		 72.94   	  91.56		
 32.76   	 -30.52		 73.31   	  71.21		
 32.63   	 -35.61		 73.59   	  45.78		
 32.49   	 -40.69		 73.77   	  20.35		
 32.33   	 -45.78		 73.86(S)	   0.00		
 32.15   	 -45.78		 73.86   	 -15.26		
 31.96   	 -50.86		 73.79   	 -35.61		
 31.76   	 -55.95		 73.65   	 -50.86		
 31.54   	 -61.04		 73.45   	 -66.12		
 31.29   	 -61.04		 73.18   	 -81.38		
 31.05   	 -66.12		 72.86   	 -86.47		
 30.78   	 -76.30		 72.51   	 -91.56		
 30.48   	 -76.30		 72.15   	 -96.64		
 30.17   	 -81.38		 71.76   	-106.82		
 29.85   	 -96.64		 71.33   	-106.82		
 29.46   	-116.99		 70.91   	-111.90		
 28.99   	-132.25		 70.46   	-111.90		
 28.46   	-147.51		 70.01   	-111.90		
 27.87   	-157.68		 69.56   	-116.99		
 27.24   	-162.77		 69.09   	-111.90		
 26.59   	-162.77		 68.65   	-116.99		
 25.94   	-157.68		 68.18   	-111.90		
 25.31   	-142.42		 67.73   	-122.07		
 24.74   	-137.33		 67.24   	-122.07		
 24.19   	-122.07		 66.75   	-132.25		
 23.70   	-111.90		 66.23   	-142.42		
 23.26   	-101.73		 65.66   	-152.59		
 22.85   	 -86.47		 65.05   	-167.85		
 22.50   	 -71.21		 64.37   	-178.03		
 22.22   	 -61.04		 63.66   	-198.37		
 21.97   	 -40.69		 62.87   	-208.54		
 21.81   	 -20.35		 62.03   	-218.72		
 21.73   	 -15.26		 61.16   	-223.80		
 21.67   	 -10.17		 60.26   	-218.72		
 21.63   	   0.00		 59.39   	-208.54		
 21.63   	  -5.09		 58.56   	-198.37		
 21.61   	   0.00		 57.76   	-188.20		
 21.61   	  -5.09		 57.01   	-167.85		
 21.59   	  -5.09		 56.34   	-147.51		
 21.57   	 -15.26		 55.75   	-137.33		
 21.51   	 -15.26		 55.20   	-116.99		
 21.44   	 -30.52		 54.73   	-101.73		
 21.32   	 -35.61		 54.32   	 -91.56		
 21.18   	 -40.69		 53.96   	 -81.38		
 21.02   	 -50.86		 53.63   	 -76.30		
 20.81   	 -61.04		 53.33   	 -76.30		
 20.57   	 -61.04		 53.02   	 -66.12		
 20.33   	 -66.12		 52.76   	 -71.21		
 20.06   	 -76.30		 52.47   	 -61.04		
 19.76   	 -81.38		 52.23   	 -66.12		
 19.43   	 -81.38		 51.96   	 -61.04		
 19.10   	 -86.47		 51.72   	 -61.04		
 18.76   	 -81.38		 51.47   	 -61.04		
 18.43   	 -86.47		 51.23   	 -55.95		
 18.09   	 -86.47		 51.01   	 -55.95		
 17.74   	 -81.38		 50.78   	 -55.95		
 17.42   	 -71.21		 50.56   	 -55.95		
 17.13   	 -71.21		 50.34   	 -55.95		
 16.85   	 -76.30		 50.11   	 -50.86		
 16.54   	 -71.21		 49.91   	 -55.95		
 16.26   	 -66.12		 49.68   	 -55.95		
 15.99   	 -66.12		 49.46   	 -50.86		
 15.73   	 -66.12		 49.26   	 -55.95		
 15.46   	 -50.86		 49.03   	 -50.86		
 15.26   	 -20.35		 48.83   	 -45.78		
 15.18(D)	   5.09		 48.65   	 -50.86		
 15.20   	  15.26		 48.44   	 -50.86		
 15.26   	  30.52		 48.24   	 -50.86		
 15.38   	  40.69		 48.04   	 -55.95		
 15.54   	  40.69		 47.81   	 -50.86		
 15.71   	  40.69		 47.61   	 -50.86		
 15.87   	  50.86		 47.41   	 -50.86		
 16.07   	  55.95		 47.20   	 -50.86		
 16.30   	  55.95		 47.00   	 -55.95		
 16.52   	  61.04		 46.77   	 -50.86		
 16.76   	  55.95		 46.57   	 -55.95		
 16.99   	  61.04		 46.35   	 -55.95		
 17.23   	  61.04		 46.12   	 -50.86		
 17.48   	  61.04		 45.92   	 -55.95		
 17.72   	  66.12		 45.70   	 -55.95		
 17.99   	  66.12		 45.47   	 -50.86		
 18.25   	  71.21		 45.27   	 -50.86		
 18.54   	  71.21		 45.07   	 -55.95		
 18.82   	  71.21		 44.84   	 -50.86		
 19.10   	  71.21		 44.64   	 -45.78		
 19.39   	  66.12		 44.46   	 -45.78		
 19.65   	  61.04		 44.27   	 -40.69		
 19.90   	  61.04		 44.11   	 -35.61		
 20.14   	  61.04		 43.97   	 -40.69		
 20.39   	  71.21		 43.80   	 -35.61		
 20.67   	  76.30		 43.66   	 -40.69		
 20.98   	  76.30		 43.50   	 -35.61		
 21.28   	  71.21		 43.36   	 -35.61		
 21.57   	  71.21		 43.21   	 -35.61		
 21.85   	  66.12		 43.07   	 -35.61		
 22.12   	  71.21		 42.93   	 -35.61		
 22.40   	  81.38		 42.79   	 -35.61		
 22.73   	  91.56		 42.64   	 -35.61		
 23.09   	  91.56		 42.50   	 -40.69		
 23.46   	 106.82		 42.34   	 -30.52		
 23.89   	 111.90		 42.22   	 -35.61		
 24.33   	 122.07		 42.08   	 -35.61		
 24.82   	 132.25		 41.93   	 -30.52		
 25.35   	 137.33		 41.81   	 -25.43		
 25.90   	 137.33		 41.71   	 -25.43		
 26.45   	 147.51		 41.61   	 -20.35		
 27.04   	 142.42		 41.53   	 -15.26		
 27.61   	 142.42		 41.46   	  -5.09		
 28.18   	 147.51		 41.44(D)	  10.17		
 28.77   	 147.51		 41.49   	  30.52		
 29.36   	 167.85		 41.61   	  61.04		
 30.03   	 178.03		 41.85   	  91.56		
 30.74   	 147.51		 42.22   	 132.25		
 31.33   	 106.82		 42.75   	 172.94		
 31.76   	 116.99		 43.44   	 208.54		
 32.23   	 137.33		 44.27   	 254.32		
 32.78   	 111.90		 45.29   	 289.93		
 33.22   	  71.21		 46.45   	 325.53		
 33.51   	  45.78		 47.75   	 356.05		
 33.69   	  40.69		 49.18   	 386.57		
 33.86   	  40.69		 50.72   	 396.74		
 34.02   	  25.43		 52.31   	 412.00		
 34.12   	  10.17		 53.96   	 417.09		
 34.16   	   0.00		 55.63   	 412.00		
 34.16   	   5.09		 57.27   	 396.74		
 34.18(S)	  -5.09		 58.86   	 386.57		
 34.16   	   0.00		 60.41   	 371.31		
 34.16   	  -5.09		 61.89   	 350.97		
 34.14   	  -5.09		 63.30   	 330.62		
 34.12   	  -5.09		 64.62   	 310.27		
 34.10   	  -5.09		 65.86   	 289.93		
 34.08   	  -5.09		 67.02   	 274.67		
 34.06   	  -5.09		 68.12   	 249.24		
 34.04   	   0.00		 69.11   	 233.98		
 34.04   	 -10.17		 70.05   	 218.72		
 34.00   	  -5.09		 70.93   	 193.29		
 33.98   	  -5.09		 71.70   	 178.03		
 33.96   	 -10.17		 72.41   	 152.59		
 33.92   	 -10.17		 73.02   	 132.25		
 33.88   	 -15.26		 73.55   	 111.90		
 33.81   	 -15.26		 74.00   	  81.38		
 33.75   	 -20.35		 74.32   	  61.04		
 33.67   	 -25.43		 74.57   	  40.69		
 33.57   	 -30.52		 74.73   	  10.17		
 33.45   	 -30.52		 74.77(S)	  -5.09		
 33.33   	 -35.61		 74.75   	 -25.43		
 33.18   	 -40.69		 74.65   	 -40.69		
 33.02   	 -45.78		 74.49   	 -61.04		
 32.84   	 -45.78		 74.24   	 -66.12		
 32.66   	 -55.95		 73.98   	 -86.47		
 32.43   	 -61.04		 73.63   	 -86.47		
 32.19   	 -71.21		 73.29   	 -96.64		
 31.90   	 -71.21		 72.90   	-101.73		
 31.62   	 -86.47		 72.49   	-106.82		
 31.27   	 -96.64		 72.06   	-101.73		
 30.88   	-106.82		 71.66   	-106.82		
 30.46   	-127.16		 71.23   	-106.82		
 29.95   	-147.51		 70.80   	-111.90		
 29.36   	-147.51		 70.36   	-111.90		
 28.77   	-142.42		 69.91   	-111.90		
 28.20   	-142.42		 69.46   	-116.99		
 27.63   	-142.42		 68.99   	-122.07		
 27.06   	-132.25		 68.50   	-122.07		
 26.53   	-122.07		 68.02   	-137.33		
 26.04   	-106.82		 67.47   	-137.33		
 25.62   	 -96.64		 66.92   	-152.59		
 25.23   	 -81.38		 66.31   	-167.85		
 24.90   	 -71.21		 65.64   	-178.03		
 24.62   	 -55.95		 64.92   	-198.37		
 24.39   	 -40.69		 64.13   	-203.46		
 24.23   	 -35.61		 63.32   	-218.72		
 24.09   	 -25.43		 62.44   	-223.80		
 23.99   	 -15.26		 61.55   	-218.72		
 23.93   	 -15.26		 60.67   	-213.63		
 23.87   	 -10.17		 59.82   	-203.46		
 23.82   	 -10.17		 59.00   	-188.20		
 23.78   	 -10.17		 58.25   	-172.94		
 23.74   	 -15.26		 57.56   	-152.59		
 23.68   	 -15.26		 56.95   	-142.42		
 23.62   	 -20.35		 56.38   	-122.07		
 23.54   	 -25.43		 55.89   	-111.90		
 23.44   	 -30.52		 55.44   	 -96.64		
 23.32   	 -40.69		 55.06   	 -91.56		
 23.15   	 -45.78		 54.69   	 -81.38		
 22.97   	 -45.78		 54.36   	 -76.30		
 22.79   	 -55.95		 54.06   	 -76.30		
 22.56   	 -61.04		 53.75   	 -76.30		
 22.32   	 -55.95		 53.45   	 -71.21		
 22.10   	 -61.04		 53.16   	 -66.12		
 21.85   	 -61.04		 52.90   	 -66.12		
 21.61   	 -61.04		 52.63   	 -66.12		
 21.36   	 -66.12		 52.37   	 -66.12		
 21.10   	 -55.95		 52.11   	 -61.04		
 20.87   	 -61.04		 51.86   	 -55.95		
 20.63   	 -50.86		 51.64   	 -55.95		
 20.43   	 -50.86		 51.41   	 -55.95		
 20.22   	 -45.78		 51.19   	 -50.86		
 20.04   	 -50.86		 50.99   	 -55.95		
 19.84   	 -45.78		 50.76   	 -50.86		
 19.65   	 -40.69		 50.56   	 -55.95		
 19.49   	 -40.69		 50.34   	 -50.86		
 19.33   	 -35.61		 50.13   	 -50.86		
 19.19   	 -40.69		 49.93   	 -55.95		
 19.02   	 -35.61		 49.70   	 -50.86		
 18.88   	 -40.69		 49.50   	 -55.95		
 18.72   	 -35.61		 49.28   	 -50.86		
 18.58   	 -35.61		 49.07   	 -61.04		
 18.43   	 -25.43		 48.83   	 -61.04		
 18.33   	 -20.35		 48.59   	 -55.95		
 18.25   	 -15.26		 48.36   	 -55.95		
 18.19   	 -10.17		 48.14   	 -55.95		
 18.15(D)	   0.00		 47.91   	 -61.04		
 18.15   	  10.17		 47.67   	 -55.95		
 18.19   	  10.17		 47.45   	 -50.86		
 18.23   	  20.35		 47.24   	 -55.95		
 18.31   	  20.35		 47.02   	 -55.95		
 18.39   	  20.35		 46.80   	 -55.95		
 18.47   	  20.35		 46.57   	 -50.86		
 18.56   	  20.35		 46.37   	 -50.86		
 18.64   	  15.26		 46.16   	 -50.86		
 18.70   	  10.17		 45.96   	 -50.86		
 18.74   	  10.17		 45.76   	 -45.78		
 18.78   	  15.26		 45.57   	 -50.86		
 18.84   	  10.17		 45.37   	 -50.86		
 18.88   	  20.35		 45.17   	 -45.78		
 18.96   	  30.52		 44.98   	 -40.69		
 19.08   	  30.52		 44.82   	 -40.69		
 19.21   	  35.61		 44.66   	 -40.69		
 19.35   	  45.78		 44.50   	 -40.69		
 19.53   	  66.12		 44.33   	 -40.69		
 19.80   	  81.38		 44.17   	 -40.69		
 20.12   	  96.64		 44.01   	 -40.69		
 20.51   	 116.99		 43.85   	 -45.78		
 20.98   	 152.59		 43.66   	 -40.69		
 21.59   	 198.37		 43.50   	 -40.69		
 22.38   	 213.63		 43.34   	 -45.78		
 23.23   	 193.29		 43.15   	 -45.78		
 24.01   	 193.29		 42.97   	 -45.78		
 24.78   	 188.20		 42.79   	 -40.69		
 25.53   	 183.11		 42.62   	 -45.78		
 26.27   	 167.85		 42.44   	 -40.69		
 26.94   	 157.68		 42.28   	 -40.69		
 27.57   	 147.51		 42.12   	 -30.52		
 28.16   	 142.42		 41.99   	 -30.52		
 28.73   	 137.33		 41.87   	 -20.35		
 29.28   	 122.07		 41.79   	 -10.17		
 29.77   	 116.99		 41.75(D)	   5.09		
 30.23   	 111.90		 41.77   	  15.26		
 30.68   	 101.73		 41.83   	  45.78		
 31.09   	 101.73		 42.01   	  71.21		
 31.50   	  86.47		 42.30   	 106.82		
 31.84   	  86.47		 42.73   	 137.33		
 32.19   	  81.38		 43.28   	 183.11		
 32.51   	  81.38		 44.01   	 218.72		
 32.84   	  71.21		 44.88   	 254.32		
 33.12   	  66.12		 45.90   	 295.01		
 33.39   	  66.12		 47.08   	 325.53		
 33.65   	  61.04		 48.38   	 356.05		
 33.90   	  55.95		 49.81   	 376.40		
 34.12   	  50.86		 51.31   	 401.83		
 34.32   	  50.86		 52.92   	 406.92		
 34.53   	  45.78		 54.55   	 417.09		
 34.71   	  40.69		 56.22   	 417.09		
 34.87   	  35.61		 57.88   	 412.00		
 35.02   	  35.61		 59.53   	 401.83		
 35.16   	  30.52		 61.14   	 386.57		
 35.28   	  25.43		 62.69   	 376.40		
 35.38   	  20.35		 64.19   	 356.05		
 35.46   	  20.35		 65.62   	 335.71		
 35.54   	  10.17		 66.96   	 320.45		
 35.58   	  10.17		 68.24   	 305.19		
 35.63   	  10.17		 69.46   	 279.75		
 35.67(S)	   0.00		 70.58   	 264.50		
 35.67   	   0.00		 71.64   	 249.24		
 35.67   	 -10.17		 72.63   	 218.72		
 35.63   	  -5.09		 73.51   	 203.46		
 35.61   	 -15.26		 74.32   	 172.94		
 35.54   	 -15.26		 75.01   	 147.51		
 35.48   	 -25.43		 75.60   	 122.07		
 35.38   	 -30.52		 76.09   	  96.64		
 35.26   	 -30.52		 76.48   	  71.21		
 35.14   	 -35.61		 76.76   	  50.86		
 34.99   	 -45.78		 76.97   	  25.43		
 34.81   	 -40.69		 77.07   	  10.17		
 34.65   	 -50.86		 77.11(S)	 -15.26		
 34.45   	 -55.95		 77.05   	 -35.61		
 34.22   	 -55.95		 76.91   	 -61.04		
 34.00   	 -61.04		 76.66   	 -71.21		
 33.75   	 -71.21		 76.38   	 -86.47		
 33.47   	 -66.12		 76.03   	 -96.64		
 33.20   	 -76.30		 75.65   	-106.82		
 32.90   	 -81.38		 75.22   	-111.90		
 32.57   	 -86.47		 74.77   	-116.99		
 32.23   	 -91.56		 74.30   	-116.99		
 31.86   	-101.73		 73.83   	-116.99		
 31.45   	-116.99		 73.37   	-116.99		
 30.99   	-137.33		 72.90   	-116.99		
 30.44   	-157.68		 72.43   	-111.90		
 29.81   	-167.85		 71.98   	-106.82		
 29.14   	-167.85		 71.56   	-111.90		
 28.46   	-162.77		 71.11   	-116.99		
 27.81   	-162.77		 70.64   	-116.99		
 27.16   	-162.77		 70.17   	-127.16		
 26.51   	-147.51		 69.66   	-132.25		
 25.92   	-122.07		 69.14   	-142.42		
 25.43   	-101.73		 68.57   	-147.51		
 25.03   	 -86.47		 67.98   	-167.85		
 24.68   	 -76.30		 67.30   	-178.03		
 24.37   	 -61.04		 66.59   	-188.20		
 24.13   	 -50.86		 65.84   	-208.54		
 23.93   	 -45.78		 65.00   	-218.72		
 23.74   	 -35.61		 64.13   	-228.89		
 23.60   	 -30.52		 63.21   	-228.89		
 23.48   	 -20.35		 62.30   	-228.89		
 23.40   	 -25.43		 61.38   	-223.80		
 23.30   	 -20.35		 60.49   	-208.54		
 23.21   	 -20.35		 59.65   	-188.20		
 23.13   	 -25.43		 58.90   	-172.94		
 23.03   	 -30.52		 58.21   	-157.68		
 22.91   	 -35.61		 57.58   	-137.33		
 22.77   	 -35.61		 57.03   	-122.07		
 22.62   	 -45.78		 56.54   	-111.90		
 22.44   	 -50.86		 56.09   	 -96.64		
 22.24   	 -55.95		 55.71   	 -91.56		
 22.01   	 -55.95		 55.34   	 -81.38		
 21.79   	 -61.04		 55.02   	 -76.30		
 21.55   	 -66.12		 54.71   	 -71.21		
 21.28   	 -66.12		 54.43   	 -71.21		
 21.02   	 -71.21		 54.14   	 -71.21		
 20.73   	 -71.21		 53.86   	 -66.12		
 20.45   	 -71.21		 53.59   	 -61.04		
 20.16   	 -76.30		 53.35   	 -66.12		
 19.86   	 -71.21		 53.08   	 -66.12		
 19.57   	 -71.21		 52.82   	 -66.12		
 19.29   	 -66.12		 52.55   	 -71.21		
 19.02   	 -66.12		 52.27   	 -66.12		
 18.76   	 -61.04		 52.00   	 -66.12		
 18.51   	 -61.04		 51.74   	 -66.12		
 18.27   	 -55.95		 51.47   	 -61.04		
 18.05   	 -61.04		 51.23   	 -61.04		
 17.80   	 -55.95		 50.99   	 -55.95		
 17.58   	 -50.86		 50.76   	 -50.86		
 17.38   	 -55.95		 50.56   	 -55.95		
 17.15   	 -55.95		 50.34   	 -50.86		
 16.93   	 -50.86		 50.13   	 -55.95		
 16.72   	 -50.86		 49.91   	 -50.86		
 16.52   	 -50.86		 49.70   	 -55.95		
 16.32   	 -50.86		 49.48   	 -66.12		
 16.11   	 -55.95		 49.22   	 -66.12		
 15.89   	 -50.86		 48.95   	 -66.12		
 15.69   	 -50.86		 48.69   	 -66.12		
 15.48   	 -55.95		 48.42   	 -61.04		
 15.26   	 -50.86		 48.18   	 -66.12		
 15.06   	 -55.95		 47.91   	 -61.04		
 14.83   	 -55.95		 47.67   	 -66.12		
 14.61   	 -50.86		 47.41   	 -61.04		
 14.40   	 -55.95		 47.16   	 -66.12		
 14.18   	 -50.86		 46.90   	 -55.95		
 13.98   	 -50.86		 46.67   	 -55.95		
 13.77   	 -50.86		 46.45   	 -50.86		
 13.57   	 -45.78		 46.25   	 -50.86		
 13.39   	 -40.69		 46.04   	 -50.86		
 13.22   	 -20.35		 45.84   	 -45.78		
 13.14   	 -10.17		 45.66   	 -40.69		
 13.10(D)	   5.09		 45.49   	 -40.69		
 13.12   	   5.09		 45.33   	 -35.61		
 13.14   	  30.52		 45.19   	 -40.69		
 13.27   	  66.12		 45.03   	 -35.61		
 13.53   	  91.56		 44.88   	 -40.69		
 13.90   	 111.90		 44.72   	 -40.69		
 14.34   	 137.33		 44.56   	 -40.69		
 14.89   	 172.94		 44.39   	 -45.78		
 15.58   	 193.29		 44.21   	 -50.86		
 16.36   	 218.72		 44.01   	 -45.78		
 17.23   	 239.06		 43.82   	 -55.95		
 18.19   	 244.15		 43.60   	 -50.86		
 19.17   	 249.24		 43.40   	 -50.86		
 20.16   	 249.24		 43.19   	 -50.86		
 21.16   	 254.32		 42.99   	 -50.86		
 22.18   	 249.24		 42.79   	 -45.78		
 23.17   	 244.15		 42.60   	 -40.69		
 24.15   	 233.98		 42.44   	 -35.61		
 25.09   	 218.72		 42.30   	 -35.61		
 25.96   	 208.54		 42.16   	 -30.52		
 26.80   	 193.29		 42.03   	 -30.52		
 27.57   	 183.11		 41.91   	 -20.35		
 28.30   	 157.68		 41.83   	 -15.26		
 28.93   	 137.33		 41.77(D)	   0.00		
 29.48   	 116.99		 41.77   	  10.17		
 29.95   	 106.82		 41.81   	  20.35		
 30.38   	  91.56		 41.89   	  35.61		
 30.74   	  76.30		 42.03   	  61.04		
 31.05   	  66.12		 42.28   	  91.56		
 31.31   	  61.04		 42.64   	 142.42		
 31.56   	  50.86		 43.21   	 188.20		
 31.76   	  50.86		 43.97   	 233.98		
 31.96   	  40.69		 44.90   	 279.75		
 32.13   	  40.69		 46.02   	 340.79		
 32.29   	  35.61		 47.39   	 381.48		
 32.43   	  30.52		 48.91   	 417.09		
 32.55   	  30.52		 50.58   	 442.52		
 32.68   	  25.43		 52.35   	 447.61		
 32.78   	  20.35		 54.14   	 457.78		
 32.86   	  15.26		 55.97   	 447.61		
 32.92   	  10.17		 57.76   	 432.35		
 32.96   	  15.26		 59.49   	 406.92		
 33.02   	  15.26		 61.12   	 386.57		
 33.08   	  20.35		 62.67   	 361.14		
 33.16   	  15.26		 64.11   	 325.53		
 33.22   	  15.26		 65.41   	 295.01		
 33.29   	  10.17		 66.59   	 269.58		
 33.33   	  10.17		 67.67   	 244.15		
 33.37   	  10.17		 68.65   	 218.72		
 33.41(S)	   0.00		 69.52   	 198.37		
 33.41   	   0.00		 70.32   	 183.11		
 33.41   	 -10.17		 71.05   	 162.77		
 33.37   	  -5.09		 71.70   	 147.51		
 33.35   	 -15.26		 72.29   	 132.25		
 33.29   	 -20.35		 72.82   	 116.99		
 33.20   	 -25.43		 73.29   	 101.73		
 33.10   	 -30.52		 73.69   	  86.47		
 32.98   	 -35.61		 74.04   	  66.12		
 32.84   	 -40.69		 74.30   	  45.78		
 32.68   	 -40.69		 74.49   	  30.52		
 32.51   	 -50.86		 74.61   	  15.26		
 32.31   	 -50.86		 74.67(S)	   0.00		
 32.11   	 -55.95		 74.67   	 -25.43		
 31.88   	 -61.04		 74.57   	 -35.61		
 31.64   	 -66.12		 74.42   	 -61.04		
 31.37   	 -71.21		 74.18   	 -71.21		
 31.09   	 -71.21		 73.90   	 -81.38		
 30.80   	 -76.30		 73.57   	 -96.64		
 30.50   	 -81.38		 73.18   	-106.82		
 30.17   	 -86.47		 72.76   	-106.82		
 29.83   	 -96.64		 72.33   	-111.90		
 29.44   	-111.90		 71.88   	-116.99		
 28.99   	-122.07		 71.41   	-111.90		
 28.50   	-147.51		 70.97   	-111.90		
 27.91   	-157.68		 70.52   	-116.99		
 27.28   	-162.77		 70.05   	-111.90		
 26.63   	-162.77		 69.60   	-111.90		
 25.98   	-162.77		 69.16   	-116.99		
 25.33   	-152.59		 68.69   	-122.07		
 24.72   	-142.42		 68.20   	-127.16		
 24.15   	-127.16		 67.69   	-137.33		
 23.64   	-116.99		 67.14   	-147.51		
 23.17   	-101.73		 66.55   	-162.77		
 22.77   	 -91.56		 65.90   	-178.03		
 22.40   	 -81.38		 65.19   	-188.20		
 22.08   	 -61.04		 64.44   	-208.54		
 21.83   	 -45.78		 63.60   	-213.63		
 21.65   	 -30.52		 62.75   	-228.89		
 21.53   	 -20.35		 61.83   	-223.80		
 21.44   	 -15.26		 60.94   	-223.80		
 21.38   	 -10.17		 60.04   	-213.63		
 21.34   	 -10.17		 59.19   	-198.37		
 21.30   	  -5.09		 58.39   	-188.20		
 21.28   	  -5.09		 57.64   	-167.85		
 21.26   	  -5.09		 56.97   	-152.59		
 21.24   	 -20.35		 56.36   	-137.33		
 21.16   	 -20.35		 55.81   	-116.99		
 21.08   	 -30.52		 55.34   	-106.82		
 20.96   	 -35.61		 54.91   	 -96.64		
 20.81   	 -40.69		 54.53   	 -86.47		
 20.65   	 -50.86		 54.18   	 -81.38		
 20.45   	 -50.86		 53.86   	 -71.21		
 20.24   	 -50.86		 53.57   	 -71.21		
 20.04   	 -61.04		 53.29   	 -66.12		
 19.80   	 -71.21		 53.02   	 -66.12		
 19.51   	 -71.21		 52.76   	 -66.12		
 19.23   	 -81.38		 52.49   	 -61.04		
 18.90   	 -81.38		 52.25   	 -61.04		
 18.58   	 -81.38		 52.00   	 -61.04		
 18.25   	 -81.38		 51.76   	 -55.95		
 17.92   	 -76.30		 51.54   	 -55.95		
 17.62   	 -81.38		 51.31   	 -50.86		
 17.29   	 -71.21		 51.11   	 -55.95		
 17.01   	 -71.21		 50.88   	 -50.86		
 16.72   	 -71.21		 50.68   	 -50.86		
 16.44   	 -66.12		 50.48   	 -50.86		
 16.17   	 -66.12		 50.27   	 -50.86		
 15.91   	 -61.04		 50.07   	 -55.95		
 15.67   	 -61.04		 49.85   	 -50.86		
 15.42   	 -61.04		 49.64   	 -50.86		
 15.18   	 -61.04		 49.44   	 -55.95		
 14.93   	 -61.04		 49.22   	 -55.95		
 14.69   	 -61.04		 48.99   	 -66.12		
 14.45   	 -66.12		 48.73   	 -61.04		
 14.18   	 -55.95		 48.48   	 -61.04		
 13.96   	 -55.95		 48.24   	 -61.04		
 13.73   	 -50.86		 48.00   	 -61.04		
 13.53   	 -50.86		 47.75   	 -55.95		
 13.33   	 -50.86		 47.53   	 -61.04		
 13.12   	 -40.69		 47.28   	 -50.86		
 12.96   	 -45.78		 47.08   	 -55.95		
 12.78   	 -35.61		 46.86   	 -50.86		
 12.63   	 -30.52		 46.65   	 -50.86		
 12.51   	 -25.43		 46.45   	 -55.95		
 12.41   	 -25.43		 46.23   	 -50.86		
 12.31   	 -20.35		 46.02   	 -50.86		
 12.23   	 -15.26		 45.82   	 -50.86		
 12.17   	 -10.17		 45.62   	 -50.86		
 12.13   	  -5.09		 45.41   	 -55.95		
 12.11(D)	  10.17		 45.19   	 -50.86		
 12.15   	  25.43		 44.98   	 -50.86		
 12.25   	  40.69		 44.78   	 -45.78		
 12.41   	  71.21		 44.60   	 -45.78		
 12.70   	  96.64		 44.41   	 -45.78		
 13.08   	 116.99		 44.23   	 -45.78		
 13.55   	 142.42		 44.05   	 -40.69		
 14.12   	 172.94		 43.89   	 -40.69		
 14.81   	 198.37		 43.72   	 -40.69		
 15.61   	 244.15		 43.56   	 -40.69		
 16.58   	 269.58		 43.40   	 -35.61		
 17.66   	 259.41		 43.26   	 -45.78		
 18.70   	 239.06		 43.07   	 -40.69		
 19.65   	 244.15		 42.91   	 -40.69		
 20.63   	 254.32		 42.75   	 -45.78		
 21.65   	 249.24		 42.56   	 -45.78		
 22.64   	 233.98		 42.38   	 -45.78		
 23.58   	 223.80		 42.20   	 -45.78		
 24.48   	 213.63		 42.01   	 -45.78		
 25.33   	 203.46		 41.83   	 -40.69		
 26.14   	 193.29		 41.67   	 -35.61		
 26.92   	 167.85		 41.53   	 -25.43		
 27.59   	 157.68		 41.42   	 -20.35		
 28.22   	 142.42		 41.34   	 -10.17		
 28.79   	 132.25		 41.30   	  -5.09		
 29.32   	 111.90		 41.28(D)	  15.26		
 29.77   	 106.82		 41.34   	  30.52		
 30.19   	  91.56		 41.46   	  61.04		
 30.56   	  86.47		 41.71   	  86.47		
 30.91   	  71.21		 42.05   	 122.07		
 31.19   	  66.12		 42.54   	 157.68		
 31.45   	  55.95		 43.17   	 193.29		
 31.68   	  55.95		 43.95   	 233.98		
 31.90   	  45.78		 44.88   	 274.67		
 32.09   	  40.69		 45.98   	 305.19		
 32.25   	  35.61		 47.20   	 335.71		
 32.39   	  30.52		 48.55   	 366.22		
 32.51   	  35.61		 50.01   	 386.57		
 32.66   	  25.43		 51.56   	 396.74		
 32.76   	  25.43		 53.14   	 396.74		
 32.86   	  25.43		 54.73   	 396.74		
 32.96   	  25.43		 56.32   	 391.66		
 33.06   	  20.35		 57.88   	 376.40		
 33.14   	  20.35		 59.39   	 361.14		
 33.22   	  15.26		 60.83   	 345.88		
 33.29   	  15.26		 62.22   	 325.53		
 33.35   	  10.17		 63.52   	 305.19		
 33.39   	  10.17		 64.74   	 289.93		
 33.43   	   5.09		 65.90   	 269.58		
 33.45   	   5.09		 66.98   	 249.24		
 33.47(S)	   0.00		 67.98   	 233.98		
 33.47   	  -5.09		 68.91   	 208.54		
 33.45   	 -10.17		 69.75   	 198.37		
 33.41   	 -10.17		 70.54   	 172.94		
 33.37   	 -15.26		 71.23   	 152.59		
 33.31   	 -25.43		 71.84   	 127.16		
 33.20   	 -25.43		 72.35   	 111.90		
 33.10   	 -30.52		 72.80   	  81.38		
 32.98   	 -35.61		 73.12   	  66.12		
 32.84   	 -40.69		 73.39   	  45.78		
 32.68   	 -40.69		 73.57   	  20.35		
 32.51   	 -45.78		 73.65(S)	   0.00		
 32.33   	 -50.86		 73.65   	 -15.26		
 32.13   	 -50.86		 73.59   	 -30.52		
 31.92   	 -61.04		 73.47   	 -45.78		
 31.68   	 -61.04		 73.29   	 -55.95		
 31.43   	 -66.12		 73.06   	 -66.12		
 31.17   	 -66.12		 72.80   	 -76.30		
 30.91   	 -76.30		 72.49   	 -91.56		
 30.60   	 -81.38		 72.13   	 -96.64		
 30.27   	 -86.47		 71.74   	-101.73		
 29.93   	-101.73		 71.33   	-106.82		
 29.52   	-111.90		 70.91   	-116.99		
 29.07   	-137.33		 70.44   	-116.99		
 28.52   	-152.59		 69.97   	-122.07		
 27.91   	-152.59		 69.48   	-122.07		
 27.30   	-162.77		 68.99   	-122.07		
 26.65   	-162.77		 68.50   	-127.16		
 26.00   	-157.68		 68.00   	-122.07		
 25.37   	-152.59		 67.51   	-132.25		
 24.76   	-137.33		 66.98   	-132.25		
 24.21   	-137.33		 66.45   	-142.42		
 23.66   	-116.99		 65.88   	-152.59		
 23.19   	 -91.56		 65.27   	-162.77		
 22.83   	 -71.21		 64.62   	-172.94		
 22.54   	 -50.86		 63.93   	-193.29		
 22.34   	 -40.69		 63.15   	-198.37		
 22.18   	 -30.52		 62.36   	-208.54		
 22.05   	 -20.35		 61.53   	-218.72		
 21.97   	 -15.26		 60.65   	-213.63		
 21.91   	  -5.09		 59.80   	-213.63		
 21.89   	 -10.17		 58.94   	-198.37		
 21.85   	  -5.09		 58.15   	-188.20		
 21.83   	  -5.09		 57.40   	-178.03		
 21.81   	 -10.17		 56.68   	-157.68		
 21.77   	 -20.35		 56.05   	-142.42		
 21.69   	 -20.35		 55.48   	-132.25		
 21.61   	 -30.52		 54.95   	-116.99		
 21.49   	 -40.69		 54.49   	-101.73		
 21.32   	 -45.78		 54.08   	 -96.64		
 21.14   	 -55.95		 53.69   	 -81.38		
 20.92   	 -61.04		 53.37   	 -81.38		
 20.67   	 -66.12		 53.04   	 -71.21		
 20.41   	 -71.21		 52.76   	 -66.12		
 20.12   	 -76.30		 52.49   	 -71.21		
 19.82   	 -71.21		 52.21   	 -61.04		
 19.53   	 -61.04		 51.96   	 -61.04		
 19.29   	 -40.69		 51.72   	 -66.12		
 19.13   	 -20.35		 51.45   	 -61.04		
 19.04(D)	   0.00		 51.21   	 -55.95		
 19.04   	  15.26		 50.99   	 -61.04		
 19.10   	  25.43		 50.74   	 -55.95		
 19.21   	  30.52		 50.52   	 -55.95		
 19.33   	  30.52		 50.29   	 -50.86		
 19.45   	  35.61		 50.09   	 -50.86		
 19.59   	  35.61		 49.89   	 -45.78		
 19.74   	  40.69		 49.70   	 -50.86		
 19.90   	  50.86		 49.50   	 -45.78		
 20.10   	  50.86		 49.32   	 -45.78		
 20.31   	  50.86		 49.14   	 -50.86		
 20.51   	  50.86		 48.93   	 -45.78		
 20.71   	  55.95		 48.75   	 -50.86		
 20.94   	  61.04		 48.55   	 -50.86		
 21.18   	  71.21		 48.34   	 -61.04		
 21.46   	  71.21		 48.10   	 -55.95		
 21.75   	  71.21		 47.87   	 -61.04		
 22.03   	  66.12		 47.63   	 -55.95		
 22.30   	  71.21		 47.41   	 -55.95		
 22.58   	  66.12		 47.18   	 -55.95		
 22.85   	  71.21		 46.96   	 -61.04		
 23.13   	  71.21		 46.71   	 -55.95		
 23.42   	  71.21		 46.49   	 -55.95		
 23.70   	  71.21		 46.27   	 -50.86		
 23.99   	  71.21		 46.06   	 -50.86		
 24.27   	  71.21		 45.86   	 -50.86		
 24.56   	  71.21		 45.66   	 -50.86		
 24.84   	  66.12		 45.45   	 -45.78		
 25.11   	  66.12		 45.27   	 -40.69		
 25.37   	  66.12		 45.11   	 -45.78		
 25.64   	  66.12		 44.92   	 -45.78		
 25.90   	  66.12		 44.74   	 -40.69		
 26.16   	  76.30		 44.58   	 -45.78		
 26.47   	  66.12		 44.39   	 -40.69		
 26.73   	  55.95		 44.23   	 -45.78		
 26.96   	  66.12		 44.05   	 -40.69		
 27.22   	  71.21		 43.89   	 -45.78		
 27.51   	  76.30		 43.70   	 -45.78		
 27.81   	  71.21		 43.52   	 -45.78		
 28.10   	  66.12		 43.34   	 -50.86		
 28.36   	  66.12		 43.13   	 -45.78		
 28.63   	  66.12		 42.95   	 -50.86		
 28.89   	  61.04		 42.75   	 -45.78		
 29.14   	  55.95		 42.56   	 -50.86		
 29.36   	  45.78		 42.36   	 -45.78		
 29.54   	  45.78		 42.18   	 -45.78		
 29.73   	  35.61		 41.99   	 -45.78		
 29.87   	  20.35		 41.81   	 -40.69		
 29.95   	  15.26		 41.65   	 -35.61		
 30.01   	  15.26		 41.51   	 -35.61		
 30.07   	  10.17		 41.36   	 -30.52		
 30.11   	   0.00		 41.24   	 -30.52		
 30.11   	  -5.09		 41.12   	 -20.35		
 30.09   	   0.00		 41.04   	 -15.26		
 30.09   	   0.00		 40.98   	  -5.09		
 30.09   	  -5.09		 40.96(D)	   5.09		
 30.07   	   5.09		 40.98   	  20.35		
 30.09   	   0.00		 41.06   	  40.69		
 30.09   	  10.17		 41.22   	  66.12		
 30.13   	  15.26		 41.49   	 101.73		
 30.19   	  15.26		 41.89   	 137.33		
 30.25   	  25.43		 42.44   	 178.03		
 30.36   	  25.43		 43.15   	 213.63		
 30.46   	  30.52		 44.01   	 249.24		
 30.58   	  35.61		 45.00   	 289.93		
 30.72   	  40.69		 46.16   	 325.53		
 30.88   	  40.69		 47.47   	 350.97		
 31.05   	  45.78		 48.87   	 376.40		
 31.23   	  40.69		 50.38   	 391.66		
 31.39   	  50.86		 51.94   	 396.74		
 31.60   	  45.78		 53.53   	 396.74		
 31.78   	  40.69		 55.12   	 391.66		
 31.94   	  40.69		 56.68   	 386.57		
 32.11   	  35.61		 58.23   	 371.31		
 32.25   	  35.61		 59.71   	 356.05		
 32.39   	  25.43		 61.14   	 335.71		
 32.49   	  25.43		 62.48   	 320.45		
 32.59   	  20.35		 63.76   	 300.10		
 32.68   	  10.17		 64.96   	 279.75		
 32.72   	  10.17		 66.08   	 264.50		
 32.76   	   5.09		 67.14   	 249.24		
 32.78   	   5.09		 68.14   	 233.98		
 32.80(S)	  -5.09		 69.07   	 213.63		
 32.78   	  -5.09		 69.93   	 193.29		
 32.76   	 -15.26		 70.70   	 178.03		
 32.70   	 -20.35		 71.41   	 152.59		
 32.61   	 -25.43		 72.02   	 132.25		
 32.51   	 -30.52		 72.55   	 106.82		
 32.39   	 -30.52		 72.98   	  81.38		
 32.27   	 -35.61		 73.31   	  55.95		
 32.13   	 -40.69		 73.53   	  35.61		
 31.96   	 -45.78		 73.67   	  15.26		
 31.78   	 -50.86		 73.73(S)	  -5.09		
 31.58   	 -50.86		 73.71   	 -20.35		
 31.37   	 -61.04		 73.63   	 -35.61		
 31.13   	 -55.95		 73.49   	 -50.86		
 30.91   	 -61.04		 73.29   	 -66.12		
 30.66   	 -66.12		 73.02   	 -71.21		
 30.40   	 -71.21		 72.74   	 -86.47		
 30.11   	 -81.38		 72.39   	 -96.64		
 29.79   	 -81.38		 72.00   	 -96.64		
 29.46   	 -91.56		 71.62   	-101.73		
 29.09   	-101.73		 71.21   	-106.82		
 28.69   	-116.99		 70.78   	-101.73		
 28.22   	-127.16		 70.38   	-111.90		
 27.71   	-132.25		 69.93   	-106.82		
 27.18   	-122.07		 69.50   	-106.82		
 26.69   	-122.07		 69.07   	-106.82		
 26.21   	-116.99		 68.65   	-116.99		
 25.74   	-116.99		 68.18   	-116.99		
 25.27   	-111.90		 67.71   	-127.16		
 24.82   	-101.73		 67.20   	-132.25		
 24.41   	 -86.47		 66.67   	-142.42		
 24.07   	 -81.38		 66.10   	-152.59		
 23.74   	 -66.12		 65.49   	-167.85		
 23.48   	 -61.04		 64.82   	-178.03		
 23.23   	 -50.86		 64.11   	-193.29		
 23.03   	 -45.78		 63.34   	-203.46		
 22.85   	 -35.61		 62.52   	-213.63		
 22.71   	 -30.52		 61.67   	-213.63		
 22.58   	 -25.43		 60.81   	-213.63		
 22.48   	 -25.43		 59.96   	-208.54		
 22.38   	 -20.35		 59.12   	-198.37		
 22.30   	 -20.35		 58.33   	-183.11		
 22.22   	 -20.35		 57.60   	-178.03		
 22.14   	 -20.35		 56.89   	-162.77		
 22.05   	 -25.43		 56.24   	-147.51		
 21.95   	 -30.52		 55.65   	-127.16		
 21.83   	 -35.61		 55.14   	-122.07		
 21.69   	 -35.61		 54.65   	-101.73		
 21.55   	 -35.61		 54.24   	 -91.56		
 21.40   	 -45.78		 53.88   	 -81.38		
 21.22   	 -45.78		 53.55   	 -76.30		
 21.04   	 -50.86		 53.24   	 -66.12		
 20.83   	 -50.86		 52.98   	 -55.95		
 20.63   	 -50.86		 52.76   	 -61.04		
 20.43   	 -50.86		 52.51   	 -50.86		
 20.22   	 -40.69		 52.31   	 -55.95		
 20.06   	 -25.43		 52.09   	 -50.86		
 19.96   	 -10.17		 51.88   	 -55.95		
 19.92   	  10.17		 51.66   	 -55.95		
 19.96   	  30.52		 51.43   	 -55.95		
 20.08   	  35.61		 51.21   	 -55.95		
 20.22   	  40.69		 50.99   	 -61.04		
 20.39   	  40.69		 50.74   	 -55.95		
 20.55   	  40.69		 50.52   	 -55.95		
 20.71   	  45.78		 50.29   	 -55.95		
 20.90   	  50.86		 50.07   	 -55.95		
 21.10   	  50.86		 49.85   	 -55.95		
 21.30   	  61.04		 49.62   	 -50.86		
 21.55   	  61.04		 49.42   	 -50.86		
 21.79   	  61.04		 49.22   	 -50.86		
 22.03   	  61.04		 49.01   	 -50.86		
 22.28   	  66.12		 48.81   	 -45.78		
 22.54   	  71.21		 48.63   	 -55.95		
 22.83   	  76.30		 48.40   	 -55.95		
 23.13   	  71.21		 48.18   	 -50.86		
 23.42   	  71.21		 47.98   	 -55.95		
 23.70   	  76.30		 47.75   	 -61.04		
 24.01   	  71.21		 47.51   	 -55.95		
 24.29   	  71.21		 47.28   	 -55.95		
 24.58   	  71.21		 47.06   	 -55.95		
 24.86   	  71.21		 46.84   	 -50.86		
 25.15   	  66.12		 46.63   	 -55.95		
 25.41   	  71.21		 46.41   	 -55.95		
 25.70   	  66.12		 46.18   	 -50.86		
 25.96   	  66.12		 45.98   	 -50.86		
 26.23   	  66.12		 45.78   	 -45.78		
 26.49   	  71.21		 45.59   	 -50.86		
 26.78   	  71.21		 45.39   	 -45.78		
 27.06   	  71.21		 45.21   	 -45.78		
 27.34   	  71.21		 45.03   	 -45.78		
 27.63   	  71.21		 44.84   	 -40.69		
 27.91   	  55.95		 44.68   	 -35.61		
 28.14   	  50.86		 44.54   	 -35.61		
 28.34   	  61.04		 44.39   	 -40.69		
 28.59   	  50.86		 44.23   	 -45.78		
 28.79   	  50.86		 44.05   	 -40.69		
 28.99   	  30.52		 43.89   	 -45.78		
 29.11   	  20.35		 43.70   	 -45.78		
 29.20   	  15.26		 43.52   	 -45.78		
 29.26   	  10.17		 43.34   	 -45.78		
 29.30   	   5.09		 43.15   	 -45.78		
 29.32   	  10.17		 42.97   	 -40.69		
 29.36   	  10.17		 42.81   	 -35.61		
 29.40   	  10.17		 42.67   	 -40.69		
 29.44   	  20.35		 42.50   	 -35.61		
 29.52   	  30.52		 42.36   	 -40.69		
 29.64   	  71.21		 42.20   	 -35.61		
 29.93   	 101.73		 42.05   	 -30.52		
 30.34   	  71.21		 41.93   	 -35.61		
 30.62   	  15.26		 41.79   	 -30.52		
 30.68   	  20.35		 41.67   	 -25.43		
 30.76   	  61.04		 41.57   	 -15.26		
 31.01   	  86.47		 41.51   	 -10.17		
 31.35   	  96.64		 41.46(D)	  15.26		
 31.74   	  86.47		 41.53   	  40.69		
 32.09   	  61.04		 41.69   	  66.12		
 32.33   	  55.95		 41.95   	 101.73		
 32.55   	  61.04		 42.36   	 137.33		
 32.80   	  71.21		 42.91   	 178.03		
 33.08   	  61.04		 43.62   	 223.80		
 33.33   	  50.86		 44.52   	 259.41		
 33.53   	  50.86		 45.55   	 295.01		
 33.73   	  55.95		 46.73   	 335.71		
 33.96   	  55.95		 48.08   	 361.14		
 34.18   	  50.86		 49.52   	 381.48		
 34.38   	  50.86		 51.05   	 401.83		
 34.59   	  50.86		 52.65   	 406.92		
 34.79   	  50.86		 54.28   	 412.00		
 34.99   	  45.78		 55.93   	 401.83		
 35.18   	  45.78		 57.54   	 396.74		
 35.36   	  40.69		 59.12   	 386.57		
 35.52   	  40.69		 60.67   	 371.31		
 35.69   	  30.52		 62.16   	 356.05		
 35.81   	  35.61		 63.58   	 340.79		
 35.95   	  25.43		 64.94   	 325.53		
 36.05   	  20.35		 66.25   	 315.36		
 36.13   	  20.35		 67.51   	 295.01		
 36.22   	  10.17		 68.69   	 279.75		
 36.26   	  10.17		 69.81   	 264.50		
 36.30(S)	   0.00		 70.86   	 239.06		
 36.30   	   0.00		 71.82   	 213.63		
 36.30   	 -10.17		 72.68   	 193.29		
 36.26   	 -15.26		 73.45   	 172.94		
 36.20   	 -15.26		 74.14   	 142.42		
 36.13   	 -25.43		 74.71   	 116.99		
 36.03   	 -25.43		 75.18   	  91.56		
 35.93   	 -35.61		 75.54   	  66.12		
 35.79   	 -35.61		 75.81   	  45.78		
 35.65   	 -40.69		 75.99   	  20.35		
 35.48   	 -45.78		 76.07(S)	  -5.09		
 35.30   	 -50.86		 76.05   	 -20.35		
 35.10   	 -50.86		 75.97   	 -35.61		
 34.89   	 -50.86		 75.83   	 -55.95		
 34.69   	 -55.95		 75.60   	 -71.21		
 34.47   	 -61.04		 75.32   	 -81.38		
 34.22   	 -66.12		 74.99   	 -96.64		
 33.96   	 -66.12		 74.61   	-101.73		
 33.69   	 -76.30		 74.20   	-106.82		
 33.39   	 -81.38		 73.77   	-116.99		
 33.06   	 -91.56		 73.31   	-116.99		
 32.70   	-101.73		 72.84   	-116.99		
 32.29   	-111.90		 72.37   	-122.07		
 31.84   	-137.33		 71.88   	-116.99		
 31.29   	-152.59		 71.41   	-116.99		
 30.68   	-167.85		 70.95   	-116.99		
 30.01   	-167.85		 70.48   	-116.99		
 29.34   	-172.94		 70.01   	-122.07		
 28.65   	-157.68		 69.52   	-116.99		
 28.02   	-142.42		 69.05   	-127.16		
 27.45   	-127.16		 68.55   	-127.16		
 26.94   	-116.99		 68.04   	-142.42		
 26.47   	 -96.64		 67.47   	-147.51		
 26.08   	 -81.38		 66.88   	-157.68		
 25.76   	 -66.12		 66.25   	-178.03		
 25.49   	 -55.95		 65.53   	-188.20		
 25.27   	 -40.69		 64.78   	-203.46		
 25.11   	 -30.52		 63.97   	-213.63		
 24.98   	 -25.43		 63.11   	-223.80		
 24.88   	 -20.35		 62.22   	-223.80		
 24.80   	 -10.17		 61.32   	-218.72		
 24.76   	 -10.17		 60.45   	-203.46		
 24.72   	 -10.17		 59.63   	-198.37		
 24.68   	 -15.26		 58.84   	-178.03		
 24.62   	 -15.26		 58.13   	-162.77		
 24.56   	 -25.43		 57.48   	-147.51		
 24.46   	 -25.43		 56.89   	-127.16		
 24.35   	 -35.61		 56.38   	-116.99		
 24.21   	 -40.69		 55.91   	-106.82		
 24.05   	 -45.78		 55.48   	 -91.56		
 23.87   	 -50.86		 55.12   	 -86.47		
 23.66   	 -55.95		 54.77   	 -76.30		
 23.44   	 -66.12		 54.47   	 -76.30		
 23.17   	 -61.04		 54.16   	 -76.30		
 22.93   	 -66.12		 53.86   	 -66.12		
 22.67   	 -66.12		 53.59   	 -71.21		
 22.40   	 -61.04		 53.31   	 -66.12		
 22.16   	 -66.12		 53.04   	 -61.04		
 21.89   	 -61.04		 52.80   	 -66.12		
 21.65   	 -61.04		 52.53   	 -61.04		
 21.40   	 -61.04		 52.29   	 -61.04		
 21.16   	 -55.95		 52.04   	 -55.95		
 20.94   	 -55.95		 51.82   	 -61.04		
 20.71   	 -50.86		 51.58   	 -61.04		
 20.51   	 -55.95		 51.33   	 -55.95		
 20.28   	 -50.86		 51.11   	 -61.04		
 20.08   	 -50.86		 50.86   	 -50.86		
 19.88   	 -50.86		 50.66   	 -55.95		
 19.67   	 -45.78		 50.44   	 -50.86		
 19.49   	 -50.86		 50.23   	 -55.95		
 19.29   	 -45.78		 50.01   	 -50.86		
 19.10   	 -50.86		 49.81   	 -50.86		
 18.90   	 -45.78		 49.60   	 -50.86		
 18.72   	 -45.78		 49.40   	 -61.04		
 18.54   	 -45.78		 49.16   	 -61.04		
 18.35   	 -40.69		 48.91   	 -61.04		
 18.19   	 -40.69		 48.67   	 -66.12		
 18.03   	 -30.52		 48.40   	 -61.04		
 17.90   	 -20.35		 48.16   	 -61.04		
 17.82   	 -20.35		 47.91   	 -61.04		
 17.74   	 -10.17		 47.67   	 -61.04		
 17.70   	  N/A		 47.43   	  N/A		
