WITTCASE NUMBER: HA002728
SAMPLE NUMBER:   2
TIME RESOLUTION: 4 ms/sample
mmHg RESOLUTION: 0.0203458 mmHg/unit
DATA UNITS:      mmHg, mmHg/sec

------------------------- Begin Data -------------------------
  RV     	  RV'		  RFA     	  RFA'		
 15.28   	 116.99		 60.39   	 -30.52		
 15.75   	 116.99		 60.26   	 -20.35		
 16.22   	 111.90		 60.18   	 -20.35		
 16.66   	 101.73		 60.10   	 -15.26		
 17.07   	  81.38		 60.04   	 -15.26		
 17.40   	  71.21		 59.98   	 -15.26		
 17.68   	  50.86		 59.92   	 -20.35		
 17.88   	  15.26		 59.84   	 -25.43		
 17.94   	 -15.26		 59.74   	 -25.43		
 17.88   	 -40.69		 59.63   	 -35.61		
 17.72   	 -45.78		 59.49   	 -35.61		
 17.54   	 -50.86		 59.35   	 -35.61		
 17.33   	 -55.95		 59.21   	 -30.52		
 17.11   	 -55.95		 59.08   	 -30.52		
 16.89   	 -40.69		 58.96   	 -30.52		
 16.72   	 -25.43		 58.84   	 -30.52		
 16.62   	 -15.26		 58.72   	 -20.35		
 16.56   	 -10.17		 58.64   	 -15.26		
 16.52   	   0.00		 58.58   	 -20.35		
 16.52   	   5.09		 58.49   	 -20.35		
 16.54   	  20.35		 58.41   	 -25.43		
 16.62   	  35.61		 58.31   	 -25.43		
 16.76   	  61.04		 58.21   	 -30.52		
 17.01   	  96.64		 58.09   	 -35.61		
 17.40   	 127.16		 57.94   	 -40.69		
 17.90   	 162.77		 57.78   	 -45.78		
 18.56   	 193.29		 57.60   	 -45.78		
 19.33   	 228.89		 57.42   	 -50.86		
 20.24   	 264.50		 57.21   	 -40.69		
 21.30   	 371.31		 57.05   	 -35.61		
 22.79   	 396.74		 56.91   	 -25.43		
 24.37   	 422.18		 56.81   	 -15.26		
 26.06   	 447.61		 56.74   	 -10.17		
 27.85   	 473.04		 56.70   	 -10.17		
 29.75   	 503.56		 56.66   	  -5.09		
 31.76   	 523.90		 56.64   	  -5.09		
 33.86   	 523.90		 56.62   	   0.00		
 35.95   	 513.73		 56.62   	 -10.17		
 38.01   	 508.65		 56.58   	 -10.17		
 40.04   	 503.56		 56.54   	 -15.26		
 42.05   	 503.56		 56.48   	 -20.35		
 44.07   	 488.30		 56.40   	 -20.35		
 46.02   	 473.04		 56.32   	 -15.26		
 47.91   	 442.52		 56.26   	 -15.26		
 49.68   	 412.00		 56.20   	 -15.26		
 51.33   	 376.40		 56.13   	 -15.26		
 52.84   	 345.88		 56.07   	 -10.17		
 54.22   	 315.36		 56.03   	 -10.17		
 55.48   	 284.84		 55.99   	  -5.09		
 56.62   	 249.24		 55.97   	 -10.17		
 57.62   	 223.80		 55.93   	 -20.35		
 58.51   	 193.29		 55.85   	 -20.35		
 59.29   	 172.94		 55.77   	 -25.43		
 59.98   	 157.68		 55.67   	 -30.52		
 60.61   	 142.42		 55.54   	 -40.69		
 61.18   	 111.90		 55.38   	 -40.69		
 61.63   	  91.56		 55.22   	 -35.61		
 61.99   	 111.90		 55.08   	 -40.69		
 62.44   	 147.51		 54.91   	 -40.69		
 63.03   	 172.94		 54.75   	 -40.69		
 63.72   	 178.03		 54.59   	 -30.52		
 64.44   	 172.94		 54.47   	 -30.52		
 65.13   	 167.85		 54.34   	 -20.35		
 65.80   	 172.94		 54.26   	 -25.43		
 66.49   	 172.94		 54.16   	 -20.35		
 67.18   	 203.46		 54.08   	 -20.35		
 68.00   	 244.15		 54.00   	 -10.17		
 68.97   	 274.67		 53.96   	   0.00		
 70.07   	 325.53		 53.96   	  10.17		
 71.37   	 345.88		 54.00   	  35.61		
 72.76   	 335.71		 54.14   	  66.12		
 74.10   	 315.36		 54.40   	 122.07		
 75.36   	 315.36		 54.89   	 193.29		
 76.62   	 320.45		 55.67   	 269.58		
 77.90   	 305.19		 56.74   	 340.79		
 79.12   	 279.75		 58.11   	 396.74		
 80.24   	 249.24		 59.69   	 427.26		
 81.24   	 223.80		 61.40   	 422.18		
 82.14   	 213.63		 63.09   	 386.57		
 82.99   	 198.37		 64.64   	 284.84		
 83.78   	 178.03		 65.78   	 208.54		
 84.50   	 157.68		 66.61   	 152.59		
 85.13   	 137.33		 67.22   	 127.16		
 85.68   	 122.07		 67.73   	 116.99		
 86.16   	 111.90		 68.20   	 132.25		
 86.61   	 101.73		 68.73   	 172.94		
 87.02   	  86.47		 69.42   	 228.89		
 87.36   	  76.30		 70.34   	 274.67		
 87.67   	  66.12		 71.43   	 305.19		
 87.93   	  55.95		 72.65   	 335.71		
 88.16   	  45.78		 74.00   	 340.79		
 88.34   	  35.61		 75.36   	 340.79		
 88.48   	  25.43		 76.72   	 315.36		
 88.59   	  15.26		 77.99   	 279.75		
 88.65   	   5.09		 79.10   	 239.06		
 88.67(S)	 -10.17		 80.06   	 213.63		
 88.63   	 -35.61		 80.92   	 183.11		
 88.48   	 -50.86		 81.65   	 162.77		
 88.28   	 -71.21		 82.30   	 142.42		
 88.00   	 -86.47		 82.87   	 132.25		
 87.65   	-116.99		 83.40   	 132.25		
 87.18   	-142.42		 83.93   	 127.16		
 86.61   	-172.94		 84.44   	 132.25		
 85.92   	-193.29		 84.96   	 122.07		
 85.15   	-223.80		 85.45   	 111.90		
 84.25   	-259.41		 85.90   	 106.82		
 83.21   	-295.01		 86.33   	  91.56		
 82.03   	-330.62		 86.69   	  81.38		
 80.71   	-366.22		 87.02   	  66.12		
 79.25   	-412.00		 87.28   	  50.86		
 77.60   	-452.69		 87.49   	  35.61		
 75.79   	-478.13		 87.63   	  20.35		
 73.88   	-503.56		 87.71   	   5.09		
 71.86   	-523.90		 87.73   	   5.09		
 69.77   	-539.16		 87.75(S)	 -10.17		
 67.61   	-549.34		 87.71   	 -20.35		
 65.41   	-559.51		 87.63   	 -30.52		
 63.17   	-569.68		 87.51   	 -35.61		
 60.89   	-569.68		 87.36   	 -45.78		
 58.62   	-569.68		 87.18   	 -55.95		
 56.34   	-569.68		 86.96   	 -66.12		
 54.06   	-564.60		 86.69   	 -76.30		
 51.80   	-554.42		 86.39   	 -91.56		
 49.58   	-549.34		 86.02   	-101.73		
 47.39   	-534.08		 85.62   	-111.90		
 45.25   	-523.90		 85.17   	-127.16		
 43.15   	-518.82		 84.66   	-132.25		
 41.08   	-508.65		 84.13   	-137.33		
 39.04   	-493.39		 83.58   	-147.51		
 37.07   	-488.30		 82.99   	-152.59		
 35.12   	-473.04		 82.38   	-162.77		
 33.22   	-452.69		 81.73   	-162.77		
 31.41   	-442.52		 81.08   	-167.85		
 29.64   	-417.09		 80.41   	-167.85		
 27.98   	-401.83		 79.74   	-172.94		
 26.37   	-376.40		 79.04   	-167.85		
 24.86   	-350.97		 78.37   	-167.85		
 23.46   	-330.62		 77.70   	-172.94		
 22.14   	-300.10		 77.01   	-162.77		
 20.94   	-279.75		 76.36   	-157.68		
 19.82   	-259.41		 75.73   	-147.51		
 18.78   	-233.98		 75.14   	-137.33		
 17.84   	-213.63		 74.59   	-116.99		
 16.99   	-193.29		 74.12   	-111.90		
 16.22   	-178.03		 73.67   	 -96.64		
 15.50   	-162.77		 73.29   	 -86.47		
 14.85   	-147.51		 72.94   	 -76.30		
 14.26   	-132.25		 72.63   	 -86.47		
 13.73   	-122.07		 72.29   	 -86.47		
 13.25   	-106.82		 71.94   	 -86.47		
 12.82   	 -96.64		 71.60   	 -91.56		
 12.43   	 -91.56		 71.23   	-101.73		
 12.07   	 -81.38		 70.82   	-101.73		
 11.74   	 -76.30		 70.42   	-106.82		
 11.43   	 -71.21		 69.99   	-106.82		
 11.15   	 -66.12		 69.56   	-101.73		
 10.89   	 -55.95		 69.16   	-101.73		
 10.66   	 -50.86		 68.75   	 -91.56		
 10.46   	 -40.69		 68.38   	 -86.47		
 10.29   	 -40.69		 68.04   	 -81.38		
 10.13   	 -45.78		 67.71   	 -76.30		
  9.95   	 -61.04		 67.41   	 -66.12		
  9.70   	-116.99		 67.14   	 -66.12		
  9.24   	-157.68		 66.88   	 -66.12		
  8.61   	-111.90		 66.61   	 -55.95		
  8.16   	 -30.52		 66.39   	 -55.95		
  8.04(D)	  15.26		 66.16   	 -55.95		
  8.10   	  30.52		 65.94   	 -61.04		
  8.22   	  20.35		 65.70   	 -61.04		
  8.30   	  -5.09		 65.45   	 -55.95		
  8.28   	 -20.35		 65.23   	 -55.95		
  8.20   	 -15.26		 65.00   	 -55.95		
  8.14   	  20.35		 64.78   	 -55.95		
  8.22   	  45.78		 64.56   	 -50.86		
  8.40   	  50.86		 64.35   	 -45.78		
  8.61   	  50.86		 64.17   	 -50.86		
  8.81   	  40.69		 63.97   	 -50.86		
  8.97   	  35.61		 63.76   	 -55.95		
  9.11   	  35.61		 63.54   	 -45.78		
  9.26   	  35.61		 63.36   	 -50.86		
  9.40   	  35.61		 63.15   	 -45.78		
  9.54   	  45.78		 62.97   	 -40.69		
  9.73   	  45.78		 62.81   	 -40.69		
  9.91   	  40.69		 62.64   	 -35.61		
 10.07   	  40.69		 62.50   	 -30.52		
 10.23   	  35.61		 62.38   	 -30.52		
 10.38   	  35.61		 62.26   	 -35.61		
 10.52   	  25.43		 62.12   	 -30.52		
 10.62   	  15.26		 61.99   	 -35.61		
 10.68   	  15.26		 61.85   	 -30.52		
 10.74   	   0.00		 61.73   	 -35.61		
 10.74   	  -5.09		 61.59   	 -30.52		
 10.72   	  10.17		 61.46   	 -35.61		
 10.76   	  25.43		 61.32   	 -30.52		
 10.86   	  35.61		 61.20   	 -35.61		
 11.01   	  45.78		 61.06   	 -30.52		
 11.19   	  50.86		 60.94   	 -25.43		
 11.39   	  50.86		 60.83   	 -25.43		
 11.60   	  50.86		 60.73   	 -30.52		
 11.80   	  55.95		 60.61   	 -25.43		
 12.02   	  61.04		 60.51   	 -25.43		
 12.27   	  81.38		 60.41   	 -20.35		
 12.59   	  86.47		 60.33   	 -20.35		
 12.94   	  91.56		 60.24   	 -25.43		
 13.31   	 101.73		 60.14   	 -20.35		
 13.71   	 111.90		 60.06   	 -15.26		
 14.16   	 111.90		 60.00   	 -20.35		
 14.61   	 122.07		 59.92   	 -25.43		
 15.10   	 122.07		 59.82   	 -20.35		
 15.58   	 122.07		 59.74   	 -25.43		
 16.07   	 116.99		 59.63   	 -20.35		
 16.54   	 106.82		 59.55   	 -25.43		
 16.97   	  86.47		 59.45   	 -25.43		
 17.31   	  71.21		 59.35   	 -25.43		
 17.60   	  55.95		 59.25   	 -25.43		
 17.82   	  35.61		 59.15   	 -25.43		
 17.97   	  10.17		 59.04   	 -20.35		
 18.01   	 -15.26		 58.96   	 -15.26		
 17.94   	 -30.52		 58.90   	 -25.43		
 17.82   	 -35.61		 58.80   	 -25.43		
 17.68(E)	 -35.61		 58.70   	 -40.69		
 17.54   	 -40.69		 58.53   	 -30.52		
 17.38   	 -35.61		 58.41   	 -35.61		
 17.23   	 -30.52		 58.27   	 -71.21		
 17.11   	 -20.35		 57.99   	 -86.47		
 17.03   	 -10.17		 57.64   	 -66.12		
 16.99   	  -5.09		 57.38   	 -66.12		
 16.97   	  -5.09		 57.11   	 -61.04		
 16.95   	   0.00		 56.87   	 -40.69		
 16.95   	  10.17		 56.70   	  -5.09		
 16.99   	  30.52		 56.68   	  15.26		
 17.11   	  50.86		 56.74   	  30.52		
 17.31   	  91.56		 56.87   	  40.69		
 17.68   	 116.99		 57.03   	  50.86		
 18.15   	 147.51		 57.23   	  55.95		
 18.74   	 178.03		 57.46   	  40.69		
 19.45   	 223.80		 57.62   	  25.43		
 20.35   	 269.58		 57.72   	   5.09		
 21.42   	 401.83		 57.74   	 -20.35		
 23.03   	 422.18		 57.66   	 -40.69		
 24.72   	 452.69		 57.50   	 -40.69		
 26.53   	 467.95		 57.33   	 -40.69		
 28.40   	 493.39		 57.17   	 -40.69		
 30.38   	 513.73		 57.01   	 -40.69		
 32.43   	 534.08		 56.85   	 -45.78		
 34.57   	 534.08		 56.66   	 -40.69		
 36.70   	 528.99		 56.50   	 -35.61		
 38.82   	 518.82		 56.36   	 -40.69		
 40.90   	 503.56		 56.20   	 -35.61		
 42.91   	 503.56		 56.05   	 -35.61		
 44.92   	 488.30		 55.91   	 -30.52		
 46.88   	 478.13		 55.79   	 -25.43		
 48.79   	 447.61		 55.69   	 -20.35		
 50.58   	 406.92		 55.61   	 -15.26		
 52.21   	 376.40		 55.54   	 -15.26		
 53.71   	 330.62		 55.48   	 -20.35		
 55.04   	 295.01		 55.40   	 -20.35		
 56.22   	 264.50		 55.32   	 -15.26		
 57.27   	 233.98		 55.26   	 -20.35		
 58.21   	 208.54		 55.18   	 -20.35		
 59.04   	 183.11		 55.10   	 -10.17		
 59.78   	 162.77		 55.06   	  -5.09		
 60.43   	 132.25		 55.04   	   5.09		
 60.96   	  91.56		 55.06   	 -30.52		
 61.32   	 106.82		 54.93   	 -35.61		
 61.75   	 137.33		 54.79   	 -40.69		
 62.30   	 157.68		 54.63   	 -45.78		
 62.93   	 162.77		 54.45   	 -55.95		
 63.58   	 167.85		 54.22   	 -40.69		
 64.25   	 162.77		 54.06   	 -40.69		
 64.90   	 167.85		 53.90   	 -40.69		
 65.57   	 183.11		 53.73   	 -40.69		
 66.31   	 188.20		 53.57   	 -40.69		
 67.06   	 203.46		 53.41   	 -40.69		
 67.87   	 218.72		 53.24   	 -45.78		
 68.75   	 233.98		 53.06   	 -35.61		
 69.68   	 284.84		 52.92   	 -20.35		
 70.82   	 340.79		 52.84(D)	  10.17		
 72.19   	 361.14		 52.88   	  40.69		
 73.63   	 330.62		 53.04   	  91.56		
 74.95   	 305.19		 53.41   	 152.59		
 76.17   	 310.27		 54.02   	 233.98		
 77.42   	 310.27		 54.95   	 310.27		
 78.66   	 300.10		 56.20   	 376.40		
 79.86   	 269.58		 57.70   	 427.26		
 80.94   	 249.24		 59.41   	 432.35		
 81.93   	 223.80		 61.14   	 412.00		
 82.83   	 203.46		 62.79   	 361.14		
 83.64   	 193.29		 64.23   	 259.41		
 84.41   	 172.94		 65.27   	 193.29		
 85.11   	 157.68		 66.04   	 152.59		
 85.74   	 137.33		 66.65   	 127.16		
 86.29   	 116.99		 67.16   	 142.42		
 86.75   	 101.73		 67.73   	 167.85		
 87.16   	  91.56		 68.40   	 213.63		
 87.53   	  81.38		 69.26   	 249.24		
 87.85   	  71.21		 70.25   	 295.01		
 88.14   	  61.04		 71.43   	 325.53		
 88.38   	  55.95		 72.74   	 340.79		
 88.61   	  40.69		 74.10   	 335.71		
 88.77   	  30.52		 75.44   	 325.53		
 88.89   	  15.26		 76.74   	 300.10		
 88.95   	  10.17		 77.94   	 269.58		
 88.99(S)	 -10.17		 79.02   	 228.89		
 88.95   	 -25.43		 79.94   	 203.46		
 88.85   	 -40.69		 80.75   	 178.03		
 88.69   	 -61.04		 81.46   	 152.59		
 88.44   	 -86.47		 82.07   	 142.42		
 88.10   	-111.90		 82.64   	 137.33		
 87.65   	-132.25		 83.19   	 132.25		
 87.12   	-157.68		 83.72   	 127.16		
 86.49   	-188.20		 84.23   	 116.99		
 85.74   	-213.63		 84.70   	 111.90		
 84.88   	-249.24		 85.15   	 101.73		
 83.89   	-279.75		 85.55   	  91.56		
 82.77   	-315.36		 85.92   	  81.38		
 81.51   	-350.97		 86.25   	  61.04		
 80.10   	-386.57		 86.49   	  50.86		
 78.56   	-427.26		 86.69   	  35.61		
 76.85   	-462.87		 86.84   	  30.52		
 74.99   	-488.30		 86.96   	  15.26		
 73.04   	-508.65		 87.02   	   5.09		
 71.01   	-523.90		 87.04(S)	   0.00		
 68.91   	-539.16		 87.04   	 -10.17		
 66.75   	-559.51		 87.00   	 -20.35		
 64.52   	-564.60		 86.92   	 -30.52		
 62.26   	-569.68		 86.80   	 -45.78		
 59.98   	-564.60		 86.61   	 -50.86		
 57.72   	-569.68		 86.41   	 -71.21		
 55.44   	-569.68		 86.12   	 -76.30		
 53.16   	-559.51		 85.82   	 -91.56		
 50.93   	-549.34		 85.45   	-106.82		
 48.73   	-539.16		 85.03   	-111.90		
 46.57   	-528.99		 84.58   	-127.16		
 44.46   	-518.82		 84.07   	-132.25		
 42.38   	-513.73		 83.54   	-132.25		
 40.33   	-503.56		 83.01   	-142.42		
 38.31   	-493.39		 82.44   	-172.94		
 36.34   	-483.21		 81.75   	-142.42		
 34.40   	-467.95		 81.18   	-147.51		
 32.53   	-452.69		 80.59   	-178.03		
 30.72   	-437.43		 79.88   	-157.68		
 28.97   	-412.00		 79.25   	-162.77		
 27.32   	-391.66		 78.60   	-172.94		
 25.76   	-371.31		 77.90   	-167.85		
 24.27   	-340.79		 77.23   	-167.85		
 22.91   	-320.45		 76.56   	-167.85		
 21.63   	-289.93		 75.89   	-157.68		
 20.47   	-274.67		 75.26   	-147.51		
 19.37   	-249.24		 74.67   	-132.25		
 18.37   	-233.98		 74.14   	-122.07		
 17.44   	-218.72		 73.65   	-106.82		
 16.56   	-193.29		 73.22   	 -96.64		
 15.79   	-183.11		 72.84   	 -81.38		
 15.06   	-162.77		 72.51   	 -76.30		
 14.40   	-147.51		 72.21   	 -71.21		
 13.81   	-132.25		 71.92   	 -76.30		
 13.29   	-116.99		 71.62   	 -81.38		
 12.82   	-106.82		 71.29   	 -86.47		
 12.39   	 -96.64		 70.95   	 -91.56		
 12.00   	 -91.56		 70.58   	-101.73		
 11.64   	 -76.30		 70.17   	-101.73		
 11.33   	 -66.12		 69.77   	-106.82		
 11.07   	 -61.04		 69.34   	 -96.64		
 10.82   	 -55.95		 68.95   	 -96.64		
 10.60   	 -55.95		 68.57   	 -86.47		
 10.38   	 -45.78		 68.22   	 -86.47		
 10.19   	 -45.78		 67.87   	 -76.30		
 10.01   	 -45.78		 67.57   	 -71.21		
  9.83   	 -66.12		 67.28   	 -71.21		
  9.56   	-122.07		 67.00   	 -66.12		
  9.07   	-142.42		 66.73   	 -61.04		
  8.50   	-101.73		 66.49   	 -55.95		
  8.10   	 -30.52		 66.27   	 -61.04		
  7.98(D)	  10.17		 66.02   	 -50.86		
  8.02   	  20.35		 65.82   	 -61.04		
  8.10   	  10.17		 65.57   	 -55.95		
  8.14   	  -5.09		 65.35   	 -61.04		
  8.12   	 -10.17		 65.11   	 -61.04		
  8.08   	  15.26		 64.86   	 -61.04		
  8.14   	  35.61		 64.62   	 -61.04		
  8.28   	  55.95		 64.37   	 -61.04		
  8.50   	  50.86		 64.13   	 -61.04		
  8.71   	  50.86		 63.89   	 -61.04		
  8.91   	  45.78		 63.64   	 -55.95		
  9.09   	  40.69		 63.42   	 -55.95		
  9.26   	  45.78		 63.19   	 -45.78		
  9.44   	  45.78		 63.01   	 -35.61		
  9.62   	  45.78		 62.87   	 -40.69		
  9.81   	  40.69		 62.71   	 -40.69		
  9.97   	  40.69		 62.54   	 -40.69		
 10.13   	  30.52		 62.38   	 -35.61		
 10.25   	  15.26		 62.24   	 -40.69		
 10.32   	  15.26		 62.08   	 -40.69		
 10.38   	  10.17		 61.91   	 -40.69		
 10.42   	  10.17		 61.75   	 -35.61		
 10.46   	   0.00		 61.61   	 -30.52		
 10.46   	   0.00		 61.49   	 -30.52		
 10.46   	  10.17		 61.36   	 -25.43		
 10.50   	  25.43		 61.26   	 -25.43		
 10.60   	  30.52		 61.16   	 -30.52		
 10.72   	  35.61		 61.04   	 -30.52		
 10.86   	  35.61		 60.92   	 -30.52		
 11.01   	  40.69		 60.79   	 -35.61		
 11.17   	  45.78		 60.65   	 -35.61		
 11.35   	  50.86		 60.51   	 -40.69		
 11.56   	  66.12		 60.35   	 -30.52		
 11.82   	  81.38		 60.22   	 -30.52		
 12.15   	  91.56		 60.10   	 -30.52		
 12.51   	  96.64		 59.98   	 -20.35		
 12.90   	 106.82		 59.90   	 -15.26		
 13.33   	 106.82		 59.84   	 -15.26		
 13.75   	 116.99		 59.78   	 -25.43		
 14.22   	 127.16		 59.67   	  -5.09		
 14.73   	 127.16		 59.65   	  30.52		
 15.24   	 132.25		 59.78   	 -55.95		
 15.77   	 132.25		 59.55   	 -55.95		
 16.30   	 122.07		 59.33   	  10.17		
 16.79   	 116.99		 59.37   	 -61.04		
 17.25   	  96.64		 59.12   	 -25.43		
 17.64   	  86.47		 59.02   	 -15.26		
 17.99   	  61.04		 58.96   	 -30.52		
 18.23   	  40.69		 58.84   	 -20.35		
 18.39   	   5.09		 58.76   	 -20.35		
 18.41   	 -20.35		 58.68   	 -15.26		
 18.33   	 -35.61		 58.62   	 -20.35		
 18.19(E)	 -35.61		 58.53   	 -20.35		
 18.05   	 -45.78		 58.45   	 -25.43		
 17.86   	 -45.78		 58.35   	 -20.35		
 17.68   	 -50.86		 58.27   	 -20.35		
 17.48   	 -40.69		 58.19   	 -25.43		
 17.31   	 -30.52		 58.09   	 -25.43		
 17.19   	 -30.52		 57.99   	 -25.43		
 17.07   	 -20.35		 57.88   	 -25.43		
 16.99   	 -15.26		 57.78   	 -30.52		
 16.93   	   0.00		 57.66   	 -30.52		
 16.93   	  15.26		 57.54   	 -30.52		
 16.99   	  45.78		 57.42   	 -35.61		
 17.17   	  71.21		 57.27   	 -40.69		
 17.46   	 101.73		 57.11   	 -40.69		
 17.86   	 127.16		 56.95   	 -40.69		
 18.37   	 157.68		 56.79   	 -40.69		
 19.00   	 208.54		 56.62   	 -40.69		
 19.84   	 310.27		 56.46   	 -35.61		
 21.08   	 345.88		 56.32   	 -30.52		
 22.46   	 376.40		 56.20   	 -20.35		
 23.97   	 396.74		 56.11   	 -20.35		
 25.55   	 422.18		 56.03   	 -10.17		
 27.24   	 457.78		 55.99   	  -5.09		
 29.07   	 483.21		 55.97   	 -10.17		
 31.01   	 513.73		 55.93   	 -10.17		
 33.06   	 523.90		 55.89   	  -5.09		
 35.16   	 528.99		 55.87   	 -10.17		
 37.27   	 518.82		 55.83   	 -20.35		
 39.35   	 523.90		 55.75   	 -15.26		
 41.44   	 513.73		 55.69   	 -15.26		
 43.50   	 503.56		 55.63   	 -10.17		
 45.51   	 483.21		 55.58   	 -10.17		
 47.45   	 462.87		 55.54   	 -10.17		
 49.30   	 437.43		 55.50   	  -5.09		
 51.05   	 391.66		 55.48   	  -5.09		
 52.61   	 361.14		 55.46   	  -5.09		
 54.06   	 315.36		 55.44   	 -15.26		
 55.32   	 274.67		 55.38   	 -20.35		
 56.42   	 223.80		 55.30   	 -15.26		
 57.31   	 183.11		 55.24   	 -15.26		
 58.05   	 152.59		 55.18   	 -25.43		
 58.66   	 162.77		 55.08   	 -25.43		
 59.31   	 208.54		 54.97   	 -30.52		
 60.14   	 198.37		 54.85   	 -30.52		
 60.94   	 198.37		 54.73   	 -35.61		
 61.73   	 172.94		 54.59   	 -30.52		
 62.42   	 157.68		 54.47   	 -30.52		
 63.05   	 142.42		 54.34   	 -25.43		
 63.62   	 132.25		 54.24   	 -30.52		
 64.15   	 142.42		 54.12   	 -30.52		
 64.72   	 147.51		 54.00   	 -25.43		
 65.31   	 157.68		 53.90   	 -30.52		
 65.94   	 172.94		 53.77   	 -25.43		
 66.63   	 193.29		 53.67   	 -25.43		
 67.41   	 203.46		 53.57   	 -20.35		
 68.22   	 249.24		 53.49   	 -15.26		
 69.22   	 310.27		 53.43   	  -5.09		
 70.46   	 356.05		 53.41(D)	  10.17		
 71.88   	 335.71		 53.45   	  30.52		
 73.22   	 315.36		 53.57   	  66.12		
 74.49   	 310.27		 53.83   	  91.56		
 75.73   	 315.36		 54.20   	 162.77		
 76.99   	 310.27		 54.85   	 244.15		
 78.23   	 295.01		 55.83   	 310.27		
 79.41   	 259.41		 57.07   	 376.40		
 80.45   	 239.06		 58.58   	 417.09		
 81.40   	 223.80		 60.24   	 422.18		
 82.30   	 208.54		 61.93   	 386.57		
 83.13   	 193.29		 63.48   	 310.27		
 83.91   	 167.85		 64.72   	 233.98		
 84.58   	 152.59		 65.66   	 167.85		
 85.19   	 137.33		 66.33   	 132.25		
 85.74   	 132.25		 66.86   	 122.07		
 86.27   	 111.90		 67.34   	 132.25		
 86.71   	 101.73		 67.87   	 162.77		
 87.12   	  91.56		 68.52   	 203.46		
 87.49   	  81.38		 69.34   	 259.41		
 87.81   	  71.21		 70.38   	 300.10		
 88.10   	  61.04		 71.58   	 330.62		
 88.34   	  50.86		 72.90   	 340.79		
 88.54   	  40.69		 74.26   	 335.71		
 88.71   	  25.43		 75.60   	 320.45		
 88.81   	  20.35		 76.89   	 289.93		
 88.89   	   5.09		 78.05   	 249.24		
 88.91(S)	 -10.17		 79.04   	 203.46		
 88.87   	 -20.35		 79.86   	 167.85		
 88.79   	 -45.78		 80.53   	 147.51		
 88.61   	 -66.12		 81.12   	 132.25		
 88.34   	 -91.56		 81.65   	 127.16		
 87.98   	-116.99		 82.16   	 137.33		
 87.51   	-137.33		 82.71   	 137.33		
 86.96   	-167.85		 83.26   	 132.25		
 86.29   	-193.29		 83.78   	 132.25		
 85.51   	-223.80		 84.31   	 127.16		
 84.62   	-254.32		 84.82   	 122.07		
 83.60   	-295.01		 85.31   	 111.90		
 82.42   	-325.53		 85.76   	  91.56		
 81.12   	-356.05		 86.12   	  66.12		
 79.69   	-396.74		 86.39   	  50.86		
 78.11   	-437.43		 86.59   	  35.61		
 76.36   	-473.04		 86.73   	  15.26		
 74.47   	-508.65		 86.80   	   5.09		
 72.43   	-523.90		 86.82(S)	   0.00		
 70.34   	-539.16		 86.82   	 -10.17		
 68.18   	-549.34		 86.77   	 -20.35		
 65.98   	-564.60		 86.69   	 -20.35		
 63.72   	-569.68		 86.61   	 -30.52		
 61.44   	-569.68		 86.49   	 -30.52		
 59.17   	-574.77		 86.37   	 -45.78		
 56.87   	-569.68		 86.18   	 -55.95		
 54.59   	-564.60		 85.96   	 -66.12		
 52.33   	-559.51		 85.70   	 -76.30		
 50.09   	-549.34		 85.39   	 -86.47		
 47.89   	-539.16		 85.05   	-116.99		
 45.74   	-534.08		 84.58   	-127.16		
 43.60   	-523.90		 84.07   	-137.33		
 41.51   	-518.82		 83.52   	-157.68		
 39.43   	-503.56		 82.89   	-172.94		
 37.42   	-493.39		 82.20   	-167.85		
 35.44   	-473.04		 81.53   	-162.77		
 33.55   	-457.78		 80.87   	-157.68		
 31.72   	-437.43		 80.24   	-152.59		
 29.97   	-417.09		 79.63   	-152.59		
 28.30   	-396.74		 79.02   	-147.51		
 26.71   	-381.48		 78.43   	-157.68		
 25.19   	-356.05		 77.80   	-162.77		
 23.76   	-335.71		 77.15   	-162.77		
 22.42   	-315.36		 76.50   	-167.85		
 21.16   	-289.93		 75.83   	-162.77		
 20.00   	-269.58		 75.18   	-152.59		
 18.92   	-249.24		 74.57   	-142.42		
 17.92   	-223.80		 74.00   	-122.07		
 17.03   	-198.37		 73.51   	-106.82		
 16.24   	-188.20		 73.08   	 -91.56		
 15.48   	-162.77		 72.72   	 -76.30		
 14.83   	-147.51		 72.41   	 -71.21		
 14.24   	-132.25		 72.13   	 -76.30		
 13.71   	-127.16		 71.82   	 -76.30		
 13.20   	-111.90		 71.52   	 -81.38		
 12.76   	-101.73		 71.19   	 -91.56		
 12.35   	 -91.56		 70.82   	-101.73		
 11.98   	 -86.47		 70.42   	-101.73		
 11.64   	 -81.38		 70.01   	-111.90		
 11.31   	 -66.12		 69.56   	-106.82		
 11.05   	 -66.12		 69.14   	-127.16		
 10.78   	 -61.04		 68.63   	-142.42		
 10.54   	 -50.86		 68.06   	-116.99		
 10.34   	 -45.78		 67.59   	 -96.64		
 10.15   	 -45.78		 67.20   	-122.07		
  9.97   	 -61.04		 66.71   	 -86.47		
  9.73   	-106.82		 66.37   	 -20.35		
  9.30   	-172.94		 66.29   	 -71.21		
  8.61   	-157.68		 66.00   	 -96.64		
  7.98   	 -66.12		 65.62   	 -30.52		
  7.71   	 -10.17		 65.49   	 -30.52		
  7.67(D)	  20.35		 65.37   	-116.99		
  7.75   	  30.52		 64.90   	-132.25		
  7.87   	  20.35		 64.37   	 -96.64		
  7.96   	  10.17		 63.99   	-137.33		
  8.00   	   0.00		 63.44   	-162.77		
  8.00   	   5.09		 62.79   	-116.99		
  8.02   	  30.52		 62.32   	 -40.69		
  8.14   	  50.86		 62.16   	   5.09		
  8.34   	  66.12		 62.18   	  50.86		
  8.61   	  61.04		 62.38   	  86.47		
  8.85   	  50.86		 62.73   	  96.64		
  9.05   	  40.69		 63.11   	 116.99		
  9.22   	  30.52		 63.58   	 101.73		
  9.34   	  25.43		 63.99   	  55.95		
  9.44   	  30.52		 64.21   	  15.26		
  9.56   	  35.61		 64.27   	 -15.26		
  9.70   	  35.61		 64.21   	 -61.04		
  9.85   	  45.78		 63.97   	 -61.04		
 10.03   	  45.78		 63.72   	 -50.86		
 10.21   	  50.86		 63.52   	 -45.78		
 10.42   	  45.78		 63.34   	 -71.21		
 10.60   	  40.69		 63.05   	 -81.38		
 10.76   	  45.78		 62.73   	 -71.21		
 10.95   	  50.86		 62.44   	 -55.95		
 11.15   	  61.04		 62.22   	 -66.12		
 11.39   	  66.12		 61.95   	 -81.38		
 11.66   	  76.30		 61.63   	 -76.30		
 11.96   	  76.30		 61.32   	 -61.04		
 12.27   	  76.30		 61.08   	 -55.95		
 12.57   	  76.30		 60.85   	 -50.86		
 12.88   	  71.21		 60.65   	 -30.52		
 13.16   	  71.21		 60.53   	 -20.35		
 13.45   	  71.21		 60.45   	 -15.26		
 13.73   	  76.30		 60.39   	  -5.09		
 14.04   	  81.38		 60.37   	 -25.43		
 14.36   	  81.38		 60.26   	  10.17		
 14.69   	  81.38		 60.30   	  45.78		
 15.02   	  91.56		 60.49   	  20.35		
 15.38   	 101.73		 60.57   	 -30.52		
 15.79   	 106.82		 60.45   	 -35.61		
 16.22   	 101.73		 60.30   	 -30.52		
 16.62   	  91.56		 60.18   	 -50.86		
 16.99   	  86.47		 59.98   	 -91.56		
 17.33   	  81.38		 59.61   	 -91.56		
 17.66   	  71.21		 59.25   	 -86.47		
 17.94   	  45.78		 58.90   	 -81.38		
 18.13   	  25.43		 58.58   	 -66.12		
 18.23   	  -5.09		 58.31   	 -55.95		
 18.21   	 -40.69		 58.09   	 -45.78		
 18.05   	 -50.86		 57.90   	 -30.52		
 17.84(E)	 -61.04		 57.78   	 -25.43		
 17.60   	 -55.95		 57.68   	 -20.35		
 17.38   	 -66.12		 57.60   	 -10.17		
 17.11   	 -55.95		 57.56   	 -10.17		
 16.89   	 -45.78		 57.52   	  -5.09		
 16.70   	 -35.61		 57.50   	 -10.17		
 16.56   	 -30.52		 57.46   	  -5.09		
 16.44   	 -20.35		 57.44   	  -5.09		
 16.36   	 -10.17		 57.42   	 -15.26		
 16.32   	   5.09		 57.35   	 -15.26		
 16.34   	  25.43		 57.29   	 -25.43		
 16.44   	  55.95		 57.19   	 -20.35		
 16.66   	  86.47		 57.11   	 -30.52		
 17.01   	 122.07		 56.99   	 -35.61		
 17.50   	 157.68		 56.85   	 -35.61		
 18.13   	 193.29		 56.70   	 -35.61		
 18.90   	 233.98		 56.56   	 -40.69		
 19.84   	 264.50		 56.40   	 -35.61		
 20.90   	 386.57		 56.26   	 -40.69		
 22.44   	 412.00		 56.09   	 -30.52		
 24.09   	 437.43		 55.97   	 -30.52		
 25.84   	 457.78		 55.85   	 -15.26		
 27.67   	 478.13		 55.79   	 -20.35		
 29.58   	 498.47		 55.71   	 -10.17		
 31.58   	 518.82		 55.67   	  -5.09		
 33.65   	 523.90		 55.65   	  -5.09		
 35.75   	 523.90		 55.63   	   0.00		
 37.84   	 518.82		 55.63   	  -5.09		
 39.92   	 518.82		 55.61   	   0.00		
 41.99   	 518.82		 55.61   	  10.17		
 44.07   	 503.56		 55.65   	   5.09		
 46.08   	 483.21		 55.67   	   5.09		
 48.02   	 457.78		 55.69   	   5.09		
 49.85   	 422.18		 55.71   	  10.17		
 51.54   	 386.57		 55.75   	   5.09		
 53.08   	 340.79		 55.77   	  10.17		
 54.45   	 300.10		 55.81   	   0.00		
 55.65   	 244.15		 55.81   	   0.00		
 56.62   	 193.29		 55.81   	 -10.17		
 57.40   	 183.11		 55.77   	 -10.17		
 58.13   	 203.46		 55.73   	 -15.26		
 58.94   	 213.63		 55.67   	 -20.35		
 59.80   	 203.46		 55.58   	 -40.69		
 60.61   	 193.29		 55.42   	 -15.26		
 61.38   	 178.03		 55.36   	   0.00		
 62.10   	 157.68		 55.36   	 -25.43		
 62.73   	 147.51		 55.26   	 -45.78		
 63.32   	 132.25		 55.08   	 -45.78		
 63.85   	 122.07		 54.89   	 -45.78		
 64.33   	 122.07		 54.71   	 -71.21		
 64.82   	 127.16		 54.43   	 -91.56		
 65.33   	 137.33		 54.06   	 -96.64		
 65.88   	 157.68		 53.67   	 -76.30		
 66.51   	 193.29		 53.37   	 -71.21		
 67.28   	 223.80		 53.08   	 -81.38		
 68.18   	 269.58		 52.76   	 -45.78		
 69.26   	 325.53		 52.57(D)	  15.26		
 70.56   	 376.40		 52.63   	  30.52		
 72.06   	 361.14		 52.76   	  61.04		
 73.51   	 310.27		 53.00   	 147.51		
 74.75   	 295.01		 53.59   	 223.80		
 75.93   	 310.27		 54.49   	 254.32		
 77.17   	 310.27		 55.50   	 305.19		
 78.41   	 305.19		 56.72   	 381.48		
 79.63   	 274.67		 58.25   	 427.26		
 80.73   	 244.15		 59.96   	 417.09		
 81.71   	 218.72		 61.63   	 386.57		
 82.58   	 203.46		 63.17   	 325.53		
 83.40   	 188.20		 64.48   	 274.67		
 84.15   	 167.85		 65.57   	 203.46		
 84.82   	 152.59		 66.39   	 137.33		
 85.43   	 132.25		 66.94   	 111.90		
 85.96   	 111.90		 67.39   	 127.16		
 86.41   	 106.82		 67.89   	 157.68		
 86.84   	  91.56		 68.52   	 188.20		
 87.20   	  81.38		 69.28   	 223.80		
 87.53   	  76.30		 70.17   	 269.58		
 87.83   	  61.04		 71.25   	 305.19		
 88.08   	  55.95		 72.47   	 320.45		
 88.30   	  45.78		 73.75   	 315.36		
 88.48   	  35.61		 75.01   	 295.01		
 88.63   	  25.43		 76.20   	 269.58		
 88.73   	  15.26		 77.27   	 233.98		
 88.79   	   5.09		 78.21   	 203.46		
 88.81(S)	 -15.26		 79.02   	 178.03		
 88.75   	 -35.61		 79.74   	 162.77		
 88.61   	 -55.95		 80.39   	 152.59		
 88.38   	 -76.30		 81.00   	 152.59		
 88.08   	 -91.56		 81.61   	 157.68		
 87.71   	-122.07		 82.24   	 152.59		
 87.22   	-147.51		 82.85   	 157.68		
 86.63   	-172.94		 83.48   	 147.51		
 85.94   	-208.54		 84.07   	 137.33		
 85.11   	-233.98		 84.62   	 122.07		
 84.17   	-269.58		 85.11   	  96.64		
 83.09   	-305.19		 85.49   	  86.47		
 81.87   	-340.79		 85.84   	  66.12		
 80.51   	-386.57		 86.10   	  55.95		
 78.96   	-427.26		 86.33   	  40.69		
 77.25   	-462.87		 86.49   	  35.61		
 75.40   	-488.30		 86.63   	  25.43		
 73.45   	-508.65		 86.73   	  15.26		
 71.41   	-528.99		 86.80   	   5.09		
 69.30   	-544.25		 86.82   	   5.09		
 67.12   	-564.60		 86.84(S)	 -10.17		
 64.86   	-569.68		 86.80   	 -20.35		
 62.58   	-579.86		 86.71   	 -35.61		
 60.26   	-574.77		 86.57   	 -50.86		
 57.97   	-569.68		 86.37   	 -55.95		
 55.69   	-574.77		 86.14   	 -71.21		
 53.39   	-569.68		 85.86   	 -81.38		
 51.11   	-559.51		 85.53   	 -96.64		
 48.87   	-554.42		 85.15   	-101.73		
 46.65   	-534.08		 84.74   	-116.99		
 44.52   	-528.99		 84.27   	-122.07		
 42.40   	-513.73		 83.78   	-132.25		
 40.35   	-508.65		 83.26   	-137.33		
 38.31   	-493.39		 82.71   	-142.42		
 36.34   	-483.21		 82.14   	-152.59		
 34.40   	-467.95		 81.53   	-152.59		
 32.53   	-452.69		 80.92   	-152.59		
 30.72   	-432.35		 80.30   	-162.77		
 28.99   	-412.00		 79.65   	-162.77		
 27.34   	-391.66		 79.00   	-172.94		
 25.78   	-366.22		 78.31   	-172.94		
 24.31   	-340.79		 77.62   	-172.94		
 22.95   	-315.36		 76.93   	-178.03		
 21.69   	-289.93		 76.22   	-167.85		
 20.53   	-269.58		 75.54   	-157.68		
 19.45   	-244.15		 74.91   	-147.51		
 18.47   	-228.89		 74.32   	-127.16		
 17.56   	-203.46		 73.81   	-116.99		
 16.74   	-193.29		 73.35   	 -91.56		
 15.97   	-172.94		 72.98   	 -76.30		
 15.28   	-152.59		 72.68   	 -66.12		
 14.67   	-137.33		 72.41   	 -66.12		
 14.12   	-122.07		 72.15   	 -71.21		
 13.63   	-116.99		 71.86   	 -76.30		
 13.16   	-101.73		 71.56   	 -86.47		
 12.76   	 -91.56		 71.21   	 -96.64		
 12.39   	 -91.56		 70.82   	-111.90		
 12.02   	 -81.38		 70.38   	-111.90		
 11.70   	 -76.30		 69.93   	-122.07		
 11.39   	 -71.21		 69.44   	-116.99		
 11.11   	 -71.21		 68.97   	-111.90		
 10.82   	 -61.04		 68.52   	-101.73		
 10.58   	 -61.04		 68.12   	 -96.64		
 10.34   	 -55.95		 67.73   	 -86.47		
 10.11   	 -61.04		 67.39   	 -66.12		
  9.87   	 -96.64		 67.12   	 -61.04		
  9.48   	-142.42		 66.88   	 -61.04		
  8.91   	-137.33		 66.63   	 -50.86		
  8.36   	 -81.38		 66.43   	 -55.95		
  8.04   	 -25.43		 66.21   	 -55.95		
  7.93(D)	   5.09		 65.98   	 -61.04		
  7.96   	  10.17		 65.74   	 -61.04		
  8.00   	   5.09		 65.49   	 -66.12		
  8.02   	  15.26		 65.23   	 -61.04		
  8.08   	  20.35		 64.98   	 -66.12		
  8.16   	  40.69		 64.72   	 -61.04		
  8.32   	  50.86		 64.48   	 -55.95		
  8.52   	  50.86		 64.25   	 -50.86		
  8.73   	  50.86		 64.05   	 -50.86		
  8.93   	  40.69		 63.85   	 -45.78		
  9.09   	  35.61		 63.66   	 -45.78		
  9.24   	  25.43		 63.48   	 -45.78		
  9.34   	  25.43		 63.30   	 -40.69		
  9.44   	  20.35		 63.13   	 -50.86		
  9.52   	  20.35		 62.93   	 -45.78		
  9.60   	  20.35		 62.75   	 -45.78		
  9.68   	  25.43		 62.56   	 -45.78		
  9.79   	  30.52		 62.38   	 -40.69		
  9.91   	  40.69		 62.22   	 -35.61		
 10.07   	  45.78		 62.08   	 -35.61		
 10.25   	  50.86		 61.93   	 -35.61		
 10.46   	  55.95		 61.79   	 -30.52		
 10.68   	  40.69		 61.67   	 -25.43		
 10.84   	  45.78		 61.57   	 -30.52		
 11.03   	  55.95		 61.44   	 -35.61		
 11.25   	  66.12		 61.30   	 -40.69		
 11.52   	  71.21		 61.14   	 -35.61		
 11.80   	  71.21		 61.00   	 -35.61		
 12.09   	  61.04		 60.85   	 -35.61		
 12.33   	  50.86		 60.71   	 -30.52		
 12.53   	  50.86		 60.59   	 -35.61		
 12.74   	  66.12		 60.45   	 -25.43		
 13.00   	  81.38		 60.35   	 -25.43		
 13.33   	  91.56		 60.24   	 -25.43		
 13.69   	  96.64		 60.14   	 -20.35		
 14.08   	 106.82		 60.06   	 -25.43		
 14.51   	 101.73		 59.96   	 -20.35		
 14.91   	 106.82		 59.88   	 -30.52		
 15.34   	 106.82		 59.76   	 -30.52		
 15.77   	 116.99		 59.63   	 -35.61		
 16.24   	 101.73		 59.49   	 -35.61		
 16.64   	  96.64		 59.35   	 -25.43		
 17.03   	  81.38		 59.25   	 -30.52		
 17.35   	  66.12		 59.12   	 -20.35		
 17.62   	  61.04		 59.04   	 -20.35		
 17.86   	  45.78		 58.96   	 -15.26		
 18.05   	  30.52		 58.90   	 -15.26		
 18.17   	   0.00		 58.84   	 -20.35		
 18.17   	 -20.35		 58.76   	 -25.43		
 18.09(E)	 -40.69		 58.66   	 -30.52		
 17.92   	 -45.78		 58.53   	 -25.43		
 17.74   	 -50.86		 58.43   	 -25.43		
 17.54   	 -61.04		 58.33   	 -25.43		
 17.29   	 -50.86		 58.23   	 -25.43		
 17.09   	 -35.61		 58.13   	 -30.52		
 16.95   	 -30.52		 58.01   	 -25.43		
 16.83   	 -25.43		 57.90   	 -25.43		
 16.72   	 -30.52		 57.80   	 -35.61		
 16.60   	 -25.43		 57.66   	 -25.43		
 16.50   	 -15.26		 57.56   	 -30.52		
 16.44   	  10.17		 57.44   	 -40.69		
 16.48   	  50.86		 57.27   	 -35.61		
 16.68   	  96.64		 57.13   	 -35.61		
 17.07   	 137.33		 56.99   	 -40.69		
 17.62   	 172.94		 56.83   	 -40.69		
 18.31   	 208.54		 56.66   	 -35.61		
 19.15   	 259.41		 56.52   	 -30.52		
 20.18   	 315.36		 56.40   	 -30.52		
 21.44   	 447.61		 56.28   	 -15.26		
 23.23   	 462.87		 56.22   	 -15.26		
 25.09   	 473.04		 56.15   	 -10.17		
 26.98   	 498.47		 56.11   	 -10.17		
 28.97   	 523.90		 56.07   	  -5.09		
 31.07   	 559.51		 56.05   	 -10.17		
 33.31   	 574.77		 56.01   	 -10.17		
 35.61   	 574.77		 55.97   	 -15.26		
 37.90   	 559.51		 55.91   	 -10.17		
 40.14   	 534.08		 55.87   	 -10.17		
 42.28   	 513.73		 55.83   	   0.00		
 44.33   	 498.47		 55.83   	  -5.09		
 46.33   	 478.13		 55.81   	 -10.17		
 48.24   	 447.61		 55.77   	 -10.17		
 50.03   	 417.09		 55.73   	  -5.09		
 51.70   	 381.48		 55.71   	 -10.17		
 53.22   	 345.88		 55.67   	 -20.35		
 54.61   	 310.27		 55.58   	 -25.43		
 55.85   	 274.67		 55.48   	 -25.43		
 56.95   	 244.15		 55.38   	 -25.43		
 57.92   	 218.72		 55.28   	 -25.43		
 58.80   	 198.37		 55.18   	 -15.26		
 59.59   	 172.94		 55.12   	 -20.35		
 60.28   	 157.68		 55.04   	 -20.35		
 60.92   	 132.25		 54.95   	 -20.35		
 61.44   	 142.42		 54.87   	 -20.35		
 62.01   	 127.16		 54.79   	 -30.52		
 62.52   	 106.82		 54.67   	 -30.52		
 62.95   	  91.56		 54.55   	 -25.43		
 63.32   	  91.56		 54.45   	 -40.69		
 63.68   	 132.25		 54.28   	 -40.69		
 64.21   	 172.94		 54.12   	 -35.61		
 64.90   	 188.20		 53.98   	 -20.35		
 65.66   	 203.46		 53.90   	 -15.26		
 66.47   	 203.46		 53.83   	 -25.43		
 67.28   	 213.63		 53.73   	 -20.35		
 68.14   	 233.98		 53.65   	 -25.43		
 69.07   	 254.32		 53.55   	 -15.26		
 70.09   	 269.58		 53.49(D)	   5.09		
 71.17   	 315.36		 53.51   	  30.52		
 72.43   	 371.31		 53.63   	  86.47		
 73.92   	 386.57		 53.98   	 137.33		
 75.46   	 350.97		 54.53   	 218.72		
 76.87   	 325.53		 55.40   	 305.19		
 78.17   	 310.27		 56.62   	 386.57		
 79.41   	 300.10		 58.17   	 427.26		
 80.61   	 279.75		 59.88   	 442.52		
 81.73   	 254.32		 61.65   	 417.09		
 82.75   	 228.89		 63.32   	 371.31		
 83.66   	 203.46		 64.80   	 295.01		
 84.48   	 178.03		 65.98   	 157.68		
 85.19   	 162.77		 66.61   	 116.99		
 85.84   	 147.51		 67.08   	  96.64		
 86.43   	 132.25		 67.47   	 101.73		
 86.96   	 111.90		 67.87   	 142.42		
 87.41   	  91.56		 68.44   	 193.29		
 87.77   	  81.38		 69.22   	 249.24		
 88.10   	  71.21		 70.21   	 295.01		
 88.38   	  61.04		 71.39   	 335.71		
 88.63   	  45.78		 72.74   	 356.05		
 88.81   	  40.69		 74.16   	 356.05		
 88.97   	  30.52		 75.58   	 335.71		
 89.09   	  20.35		 76.93   	 300.10		
 89.18   	  10.17		 78.13   	 264.50		
 89.22(S)	  -5.09		 79.19   	 223.80		
 89.20   	 -20.35		 80.08   	 188.20		
 89.11   	 -30.52		 80.83   	 162.77		
 88.99   	 -50.86		 81.48   	 142.42		
 88.79   	 -71.21		 82.05   	 132.25		
 88.50   	 -91.56		 82.58   	 127.16		
 88.14   	-122.07		 83.09   	 122.07		
 87.65   	-147.51		 83.58   	 127.16		
 87.06   	-172.94		 84.09   	 127.16		
 86.37   	-203.46		 84.60   	 116.99		
 85.55   	-233.98		 85.07   	 116.99		
 84.62   	-264.50		 85.53   	 111.90		
 83.56   	-300.10		 85.98   	  91.56		
 82.36   	-335.71		 86.35   	  76.30		
 81.02   	-376.40		 86.65   	  66.12		
 79.51   	-412.00		 86.92   	  45.78		
 77.86   	-452.69		 87.10   	  40.69		
 76.05   	-483.21		 87.26   	  30.52		
 74.12   	-513.73		 87.39   	  25.43		
 72.06   	-528.99		 87.49   	  15.26		
 69.95   	-544.25		 87.55   	   5.09		
 67.77   	-559.51		 87.57(S)	 -10.17		
 65.53   	-564.60		 87.53   	 -10.17		
 63.28   	-569.68		 87.49   	 -30.52		
 61.00   	-569.68		 87.36   	 -40.69		
 58.72   	-569.68		 87.20   	 -55.95		
 56.44   	-569.68		 86.98   	 -71.21		
 54.16   	-559.51		 86.69   	 -86.47		
 51.92   	-554.42		 86.35   	-101.73		
 49.70   	-544.25		 85.94   	-127.16		
 47.53   	-534.08		 85.43   	-132.25		
 45.39   	-523.90		 84.90   	-132.25		
 43.30   	-508.65		 84.37   	-132.25		
 41.26   	-508.65		 83.85   	-137.33		
 39.23   	-488.30		 83.30   	-142.42		
 37.27   	-478.13		 82.73   	-142.42		
 35.36   	-462.87		 82.16   	-142.42		
 33.51   	-452.69		 81.59   	-152.59		
 31.70   	-437.43		 80.98   	-157.68		
 29.95   	-406.92		 80.35   	-167.85		
 28.32   	-381.48		 79.67   	-178.03		
 26.80   	-366.22		 78.96   	-178.03		
 25.33   	-345.88		 78.25   	-178.03		
 23.95   	-315.36		 77.54   	-178.03		
 22.69   	-289.93		 76.83   	-172.94		
 21.53   	-264.50		 76.13   	-157.68		
 20.47   	-244.15		 75.50   	-147.51		
 19.49   	-228.89		 74.91   	-127.16		
 18.58   	-218.72		 74.40   	-106.82		
 17.70   	-193.29		 73.98   	 -91.56		
 16.93   	-167.85		 73.61   	 -76.30		
 16.26   	-152.59		 73.31   	 -76.30		
 15.65   	-132.25		 73.00   	 -71.21		
 15.12   	-127.16		 72.72   	 -76.30		
 14.61   	-106.82		 72.41   	 -86.47		
 14.18   	-101.73		 72.06   	 -96.64		
 13.77   	 -86.47		 71.68   	-101.73		
 13.43   	 -76.30		 71.27   	-111.90		
 13.12   	 -71.21		 70.82   	-116.99		
 12.84   	 -61.04		 70.36   	-122.07		
 12.59   	 -61.04		 69.87   	-116.99		
 12.35   	 -55.95		 69.40   	-106.82		
 12.13   	 -50.86		 68.97   	 -96.64		
 11.92   	 -45.78		 68.59   	 -91.56		
 11.74   	 -35.61		 68.22   	 -76.30		
 11.60   	 -35.61		 67.91   	 -66.12		
 11.45   	 -50.86		 67.65   	 -61.04		
 11.25   	-101.73		 67.41   	 -50.86		
 10.84   	-162.77		 67.20   	 -55.95		
 10.19   	-142.42		 66.98   	 -55.95		
  9.62   	 -61.04		 66.75   	 -50.86		
  9.38   	  -5.09		 66.55   	 -55.95		
  9.36(D)	  20.35		 66.33   	 -55.95		
  9.44   	  20.35		 66.10   	 -66.12		
  9.52   	  10.17		 65.84   	 -61.04		
  9.56   	   5.09		 65.59   	 -61.04		
  9.58   	   0.00		 65.35   	 -66.12		
  9.58   	   0.00		 65.09   	 -61.04		
  9.58   	   5.09		 64.84   	 -61.04		
  9.60   	  25.43		 64.60   	 -55.95		
  9.70   	  40.69		 64.37   	 -50.86		
  9.87   	  45.78		 64.17   	 -50.86		
 10.05   	  55.95		 63.97   	 -45.78		
 10.27   	  45.78		 63.78   	 -45.78		
 10.46   	  50.86		 63.60   	 -40.69		
 10.66   	  45.78		 63.44   	 -40.69		
 10.84   	  55.95		 63.28   	 -35.61		
 11.07   	  66.12		 63.13   	 -40.69		
 11.33   	  66.12		 62.97   	 -35.61		
 11.60   	  71.21		 62.83   	 -35.61		
 11.88   	  66.12		 62.69   	 -35.61		
 12.15   	  55.95		 62.54   	 -35.61		
 12.37   	  35.61		 62.40   	 -35.61		
 12.51   	  30.52		 62.26   	 -35.61		
 12.63   	  20.35		 62.12   	 -30.52		
 12.72   	  15.26		 61.99   	 -40.69		
 12.78   	  20.35		 61.83   	 -35.61		
 12.86   	  35.61		 61.69   	 -35.61		
 13.00   	  50.86		 61.55   	 -30.52		
 13.20   	  55.95		 61.42   	 -40.69		
 13.43   	  66.12		 61.26   	 -40.69		
 13.69   	  50.86		 61.10   	 -30.52		
 13.90   	  50.86		 60.98   	 -30.52		
 14.10   	  55.95		 60.85   	 -30.52		
 14.32   	  81.38		 60.73   	 -25.43		
 14.65   	  96.64		 60.63   	 -25.43		
 15.04   	 111.90		 60.53   	 -20.35		
 15.48   	 116.99		 60.45   	 -15.26		
 15.95   	 111.90		 60.39   	 -20.35		
 16.40   	 116.99		 60.30   	 -15.26		
 16.87   	 116.99		 60.24   	 -15.26		
 17.33   	 116.99		 60.18   	 -25.43		
 17.80   	  96.64		 60.08   	 -20.35		
 18.19   	  81.38		 60.00   	 -25.43		
 18.51   	  61.04		 59.90   	 -25.43		
 18.76   	  30.52		 59.80   	 -30.52		
 18.88   	 -15.26		 59.67   	 -25.43		
 18.82   	 -35.61		 59.57   	 -25.43		
 18.68   	 -25.43		 59.47   	 -25.43		
 18.58   	 -25.43		 59.37   	 -30.52		
 18.47   	 -20.35		 59.25   	 -25.43		
 18.39   	 -10.17		 59.15   	 -25.43		
 18.35(E)	   5.09		 59.04   	 -20.35		
 18.37   	  10.17		 58.96   	 -20.35		
 18.41   	   0.00		 58.88   	 -25.43		
 18.41   	   0.00		 58.78   	 -25.43		
 18.41   	  -5.09		 58.68   	 -20.35		
 18.39   	   0.00		 58.60   	 -25.43		
 18.39   	  15.26		 58.49   	 -25.43		
 18.45   	  30.52		 58.39   	 -30.52		
 18.58   	  50.86		 58.27   	 -35.61		
 18.78   	  81.38		 58.13   	 -30.52		
 19.10   	 101.73		 58.01   	 -35.61		
 19.51   	 137.33		 57.86   	 -35.61		
 20.06   	 178.03		 57.72   	 -30.52		
 20.77   	 208.54		 57.60   	 -30.52		
 21.61   	 249.24		 57.48   	 -30.52		
 22.60   	 295.01		 57.35   	 -20.35		
 23.78   	 417.09		 57.27   	 -15.26		
 25.45   	 442.52		 57.21   	 -20.35		
 27.22   	 452.69		 57.13   	 -25.43		
 29.03   	 462.87		 57.03   	 -20.35		
 30.88   	 478.13		 56.95   	 -25.43		
 32.80   	 508.65		 56.85   	 -20.35		
 34.83   	 534.08		 56.76   	 -10.17		
 36.97   	 539.16		 56.72   	 -10.17		
 39.12   	 539.16		 56.68   	 -10.17		
 41.28   	 528.99		 56.64   	  -5.09		
 43.40   	 518.82		 56.62   	   0.00		
 45.47   	 493.39		 56.62   	  -5.09		
 47.45   	 478.13		 56.60   	  -5.09		
 49.36   	 447.61		 56.58   	  -5.09		
 51.15   	 417.09		 56.56   	  -5.09		
 52.82   	 386.57		 56.54   	 -10.17		
 54.36   	 356.05		 56.50   	 -20.35		
 55.79   	 330.62		 56.42   	 -10.17		
 57.11   	 295.01		 56.38   	 -15.26		
 58.29   	 264.50		 56.32   	 -15.26		
 59.35   	 239.06		 56.26   	 -20.35		
 60.30   	 223.80		 56.17   	 -25.43		
 61.20   	 193.29		 56.07   	 -30.52		
 61.97   	 172.94		 55.95   	 -25.43		
 62.67   	 137.33		 55.85   	 -30.52		
 63.21   	 142.42		 55.73   	 -40.69		
 63.78   	 172.94		 55.56   	 -35.61		
 64.48   	 183.11		 55.42   	 -35.61		
 65.21   	 198.37		 55.28   	 -30.52		
 66.00   	 208.54		 55.16   	 -30.52		
 66.84   	 223.80		 55.04   	 -35.61		
 67.73   	 239.06		 54.89   	 -25.43		
 68.69   	 249.24		 54.79   	 -20.35		
 69.68   	 254.32		 54.71   	 -15.26		
 70.70   	 254.32		 54.65   	 -15.26		
 71.72   	 244.15		 54.59   	  -5.09		
 72.70   	 239.06		 54.57(D)	   5.09		
 73.65   	 239.06		 54.59   	  20.35		
 74.61   	 228.89		 54.67   	  45.78		
 75.52   	 223.80		 54.85   	  91.56		
 76.42   	 228.89		 55.22   	 157.68		
 77.33   	 228.89		 55.85   	 239.06		
 78.25   	 228.89		 56.81   	 325.53		
 79.17   	 218.72		 58.11   	 401.83		
 80.04   	 208.54		 59.71   	 452.69		
 80.87   	 198.37		 61.53   	 462.87		
 81.67   	 198.37		 63.38   	 432.35		
 82.46   	 198.37		 65.11   	 376.40		
 83.26   	 188.20		 66.61   	 289.93		
 84.01   	 183.11		 67.77   	 208.54		
 84.74   	 188.20		 68.61   	 111.90		
 85.49   	 178.03		 69.05   	  96.64		
 86.21   	 162.77		 69.44   	 106.82		
 86.86   	 152.59		 69.87   	 152.59		
 87.47   	 142.42		 70.48   	 198.37		
 88.04   	 122.07		 71.27   	 259.41		
 88.52   	 116.99		 72.31   	 300.10		
 88.99   	 106.82		 73.51   	 335.71		
 89.42   	  91.56		 74.85   	 350.97		
 89.79   	  76.30		 76.26   	 350.97		
 90.09   	  71.21		 77.66   	 325.53		
 90.38   	  50.86		 78.96   	 289.93		
 90.58   	  40.69		 80.12   	 259.41		
 90.74   	  20.35		 81.16   	 223.80		
 90.82   	  10.17		 82.05   	 198.37		
 90.86(S)	 -10.17		 82.85   	 172.94		
 90.82   	 -25.43		 83.54   	 167.85		
 90.72   	 -50.86		 84.21   	 157.68		
 90.52   	 -76.30		 84.84   	 152.59		
 90.21   	 -96.64		 85.45   	 147.51		
 89.83   	-127.16		 86.04   	 142.42		
 89.32   	-152.59		 86.61   	 142.42		
 88.71   	-183.11		 87.18   	 127.16		
 87.98   	-213.63		 87.69   	 122.07		
 87.12   	-233.98		 88.18   	 111.90		
 86.18   	-269.58		 88.63   	  96.64		
 85.11   	-310.27		 89.01   	  86.47		
 83.87   	-340.79		 89.36   	  76.30		
 82.50   	-386.57		 89.66   	  61.04		
 80.96   	-422.18		 89.91   	  40.69		
 79.27   	-467.95		 90.07   	  30.52		
 77.40   	-488.30		 90.19   	  15.26		
 75.44   	-513.73		 90.25(S)	   0.00		
 73.39   	-534.08		 90.25   	 -15.26		
 71.25   	-554.42		 90.19   	 -20.35		
 69.03   	-569.68		 90.11   	 -30.52		
 66.75   	-574.77		 89.99   	 -40.69		
 64.46   	-574.77		 89.83   	 -45.78		
 62.16   	-574.77		 89.64   	 -61.04		
 59.86   	-569.68		 89.40   	 -66.12		
 57.58   	-574.77		 89.13   	 -76.30		
 55.28   	-569.68		 88.83   	 -91.56		
 53.00   	-559.51		 88.46   	-106.82		
 50.76   	-554.42		 88.04   	-111.90		
 48.55   	-534.08		 87.59   	-127.16		
 46.41   	-528.99		 87.08   	-137.33		
 44.29   	-513.73		 86.53   	-142.42		
 42.24   	-498.47		 85.96   	-152.59		
 40.24   	-488.30		 85.35   	-157.68		
 38.29   	-483.21		 84.72   	-167.85		
 36.36   	-467.95		 84.05   	-167.85		
 34.49   	-447.61		 83.38   	-183.11		
 32.70   	-427.26		 82.64   	-183.11		
 30.99   	-412.00		 81.91   	-188.20		
 29.34   	-391.66		 81.16   	-183.11		
 27.77   	-366.22		 80.43   	-188.20		
 26.31   	-345.88		 79.67   	-172.94		
 24.92   	-315.36		 78.98   	-172.94		
 23.66   	-289.93		 78.29   	-162.77		
 22.50   	-264.50		 77.64   	-147.51		
 21.44   	-239.06		 77.05   	-142.42		
 20.49   	-218.72		 76.48   	-127.16		
 19.61   	-193.29		 75.97   	-111.90		
 18.84   	-178.03		 75.52   	-101.73		
 18.13   	-162.77		 75.12   	 -96.64		
 17.48   	-142.42		 74.73   	 -86.47		
 16.91   	-132.25		 74.38   	 -91.56		
 16.38   	-116.99		 74.02   	 -91.56		
 15.91   	-106.82		 73.65   	 -91.56		
 15.48   	-101.73		 73.29   	-106.82		
 15.08   	 -86.47		 72.86   	-111.90		
 14.73   	 -81.38		 72.41   	-116.99		
 14.40   	 -71.21		 71.94   	-116.99		
 14.12   	 -66.12		 71.47   	-111.90		
 13.86   	 -66.12		 71.03   	-116.99		
 13.59   	 -55.95		 70.56   	-106.82		
 13.37   	 -45.78		 70.13   	-101.73		
 13.18   	 -50.86		 69.73   	 -86.47		
 12.98   	 -45.78		 69.38   	 -81.38		
 12.80   	 -40.69		 69.05   	 -71.21		
 12.63   	 -35.61		 68.77   	 -71.21		
 12.49   	 -30.52		 68.48   	 -66.12		
 12.37   	 -30.52		 68.22   	 -66.12		
 12.25   	 -30.52		 67.95   	 -66.12		
 12.13   	 -35.61		 67.69   	 -61.04		
 11.98   	 -66.12		 67.45   	 -66.12		
 11.72   	-111.90		 67.18   	 -71.21		
 11.27   	-106.82		 66.90   	 -66.12		
 10.84   	 -61.04		 66.63   	 -61.04		
 10.60   	 -15.26		 66.39   	 -61.04		
 10.54(D)	   5.09		 66.14   	 -55.95		
 10.56   	  10.17		 65.92   	 -55.95		
 10.60   	  10.17		 65.70   	 -55.95		
 10.64   	   0.00		 65.47   	 -50.86		
 10.64   	  15.26		 65.27   	 -45.78		
 10.70   	  30.52		 65.09   	 -45.78		
 10.82   	  40.69		 64.90   	 -50.86		
 10.99   	  55.95		 64.70   	 -45.78		
 11.21   	  50.86		 64.52   	 -45.78		
 11.41   	  50.86		 64.33   	 -45.78		
 11.62   	  45.78		 64.15   	 -40.69		
 11.80   	  50.86		 63.99   	 -40.69		
 12.00   	  50.86		 63.82   	 -40.69		
 12.21   	  50.86		 63.66   	 -35.61		
 12.41   	  20.35		 63.52   	 -35.61		
 12.49   	  -5.09		 63.38   	 -35.61		
 12.47   	  -5.09		 63.23   	 -30.52		
 12.45   	  15.26		 63.11   	 -35.61		
 12.51   	  30.52		 62.97   	 -30.52		
 12.63   	  45.78		 62.85   	 -35.61		
 12.82   	  50.86		 62.71   	 -35.61		
 13.02   	  45.78		 62.56   	 -35.61		
 13.20   	  25.43		 62.42   	 -35.61		
 13.31   	  10.17		 62.28   	 -30.52		
 13.35   	  15.26		 62.16   	 -30.52		
 13.41   	  40.69		 62.03   	 -35.61		
 13.57   	  66.12		 61.89   	 -30.52		
 13.84   	  86.47		 61.77   	 -30.52		
 14.18   	  86.47		 61.65   	 -25.43		
 14.53   	  91.56		 61.55   	 -30.52		
 14.89   	  86.47		 61.42   	 -25.43		
 15.24   	  91.56		 61.32   	 -20.35		
 15.61   	  96.64		 61.24   	 -20.35		
 15.99   	 101.73		 61.16   	 -20.35		
 16.40   	 101.73		 61.08   	 -25.43		
 16.81   	  76.30		 60.98   	 -20.35		
 17.11   	  61.04		 60.89   	 -25.43		
 17.35   	  40.69		 60.79   	 -25.43		
 17.52   	  20.35		 60.69   	 -25.43		
 17.60   	 -10.17		 60.59   	 -30.52		
 17.56   	 -35.61		 60.47   	 -30.52		
 17.42   	 -66.12		 60.35   	 -35.61		
 17.15   	 -76.30		 60.20   	 -30.52		
 16.85   	 -40.69		 60.08   	 -30.52		
 16.68(E)	  -5.09		 59.96   	 -30.52		
 16.66   	  30.52		 59.84   	 -25.43		
 16.79   	  40.69		 59.74   	 -25.43		
 16.95   	  40.69		 59.63   	 -20.35		
 17.11   	  40.69		 59.55   	 -20.35		
 17.27   	  55.95		 59.47   	 -20.35		
 17.50   	  71.21		 59.39   	 -20.35		
 17.78   	  86.47		 59.31   	 -20.35		
 18.13   	  81.38		 59.23   	 -25.43		
 18.45   	  91.56		 59.12   	 -25.43		
 18.82   	 101.73		 59.02   	 -30.52		
 19.23   	 127.16		 58.90   	 -40.69		
 19.74   	 147.51		 58.74   	 -35.61		
 20.33   	 183.11		 58.60   	 -40.69		
 21.06   	 208.54		 58.43   	 -45.78		
 21.89   	 315.36		 58.25   	 -45.78		
 23.15   	 325.53		 58.07   	 -40.69		
 24.46   	 335.71		 57.90   	 -35.61		
 25.80   	 345.88		 57.76   	 -25.43		
 27.18   	 361.14		 57.66   	 -20.35		
 28.63   	 391.66		 57.58   	 -10.17		
 30.19   	 422.18		 57.54   	 -10.17		
 31.88   	 467.95		 57.50   	  -5.09		
 33.75   	 498.47		 57.48   	  -5.09		
 35.75   	 518.82		 57.46   	  -5.09		
 37.82   	 513.73		 57.44   	  -5.09		
 39.88   	 498.47		 57.42   	 -15.26		
 41.87   	 498.47		 57.35   	 -15.26		
 43.87   	 493.39		 57.29   	 -10.17		
 45.84   	 483.21		 57.25   	 -15.26		
 47.77   	 467.95		 57.19   	 -15.26		
 49.64   	 457.78		 57.13   	 -10.17		
 51.47   	 427.26		 57.09   	 -10.17		
 53.18   	 396.74		 57.05   	 -10.17		
 54.77   	 366.22		 57.01   	 -15.26		
 56.24   	 335.71		 56.95   	 -20.35		
 57.58   	 310.27		 56.87   	 -15.26		
 58.82   	 274.67		 56.81   	 -20.35		
 59.92   	 249.24		 56.72   	 -30.52		
 60.92   	 223.80		 56.60   	 -30.52		
 61.81   	 208.54		 56.48   	 -40.69		
 62.64   	 178.03		 56.32   	 -35.61		
 63.36   	 147.51		 56.17   	 -35.61		
 63.95   	 122.07		 56.03   	 -30.52		
 64.44   	 132.25		 55.91   	 -30.52		
 64.96   	 167.85		 55.79   	 -30.52		
 65.64   	 208.54		 55.67   	 -20.35		
 66.47   	 244.15		 55.58   	 -20.35		
 67.45   	 233.98		 55.50   	 -20.35		
 68.38   	 218.72		 55.42   	 -20.35		
 69.26   	 208.54		 55.34   	 -15.26		
 70.09   	 218.72		 55.28   	 -15.26		
 70.97   	 233.98		 55.22   	 -10.17		
 71.90   	 249.24		 55.18(D)	  10.17		
 72.90   	 239.06		 55.22   	  30.52		
 73.86   	 223.80		 55.34   	  66.12		
 74.75   	 208.54		 55.61   	 127.16		
 75.58   	 208.54		 56.11   	 203.46		
 76.42   	 203.46		 56.93   	 300.10		
 77.23   	 203.46		 58.13   	 396.74		
 78.05   	 203.46		 59.71   	 462.87		
 78.86   	 193.29		 61.57   	 493.39		
 79.63   	 188.20		 63.54   	 478.13		
 80.39   	 183.11		 65.45   	 427.26		
 81.12   	 188.20		 67.16   	 340.79		
 81.87   	 208.54		 68.52   	 193.29		
 82.71   	 188.20		 69.30   	 127.16		
 83.46   	 183.11		 69.81   	  86.47		
 84.19   	 178.03		 70.15   	  86.47		
 84.90   	 157.68		 70.50   	 116.99		
 85.53   	 152.59		 70.97   	 162.77		
 86.14   	 137.33		 71.62   	 223.80		
 86.69   	 127.16		 72.51   	 279.75		
 87.20   	 116.99		 73.63   	 325.53		
 87.67   	  96.64		 74.93   	 350.97		
 88.06   	  86.47		 76.34   	 361.14		
 88.40   	  66.12		 77.78   	 345.88		
 88.67   	  55.95		 79.17   	 330.62		
 88.89   	  35.61		 80.49   	 289.93		
 89.03   	  25.43		 81.65   	 259.41		
 89.13   	   5.09		 82.69   	 218.72		
 89.16(S)	 -10.17		 83.56   	 193.29		
 89.11   	 -35.61		 84.33   	 167.85		
 88.97   	 -50.86		 85.00   	 152.59		
 88.77   	 -76.30		 85.62   	 147.51		
 88.46   	-101.73		 86.21   	 147.51		
 88.06   	-127.16		 86.80   	 147.51		
 87.55   	-147.51		 87.39   	 147.51		
 86.96   	-183.11		 87.98   	 137.33		
 86.23   	-203.46		 88.52   	 132.25		
 85.41   	-239.06		 89.05   	 116.99		
 84.46   	-264.50		 89.52   	 101.73		
 83.40   	-305.19		 89.93   	  86.47		
 82.18   	-335.71		 90.27   	  66.12		
 80.83   	-376.40		 90.54   	  55.95		
 79.33   	-417.09		 90.76   	  40.69		
 77.66   	-462.87		 90.93   	  30.52		
 75.81   	-498.47		 91.05   	  10.17		
 73.81   	-513.73		 91.09   	   5.09		
 71.76   	-539.16		 91.11(S)	  -5.09		
 69.60   	-554.42		 91.09   	 -10.17		
 67.39   	-574.77		 91.05   	 -20.35		
 65.09   	-584.94		 90.97   	 -30.52		
 62.75   	-584.94		 90.84   	 -40.69		
 60.41   	-595.11		 90.68   	 -61.04		
 58.03   	-584.94		 90.44   	 -71.21		
 55.69   	-574.77		 90.15   	 -86.47		
 53.39   	-574.77		 89.81   	-106.82		
 51.09   	-569.68		 89.38   	-111.90		
 48.81   	-559.51		 88.93   	-127.16		
 46.57   	-544.25		 88.42   	-132.25		
 44.39   	-534.08		 87.89   	-142.42		
 42.26   	-513.73		 87.32   	-147.51		
 40.20   	-498.47		 86.73   	-147.51		
 38.21   	-483.21		 86.14   	-157.68		
 36.28   	-467.95		 85.51   	-157.68		
 34.40   	-452.69		 84.88   	-157.68		
 32.59   	-437.43		 84.25   	-167.85		
 30.84   	-412.00		 83.58   	-172.94		
 29.20   	-391.66		 82.89   	-183.11		
 27.63   	-371.31		 82.16   	-188.20		
 26.14   	-350.97		 81.40   	-193.29		
 24.74   	-325.53		 80.63   	-188.20		
 23.44   	-300.10		 79.88   	-183.11		
 22.24   	-279.75		 79.15   	-188.20		
 21.12   	-249.24		 78.39   	-172.94		
 20.12   	-228.89		 77.70   	-167.85		
 19.21   	-213.63		 77.03   	-147.51		
 18.35   	-188.20		 76.44   	-132.25		
 17.60   	-172.94		 75.91   	-116.99		
 16.91   	-147.51		 75.44   	-106.82		
 16.32   	-137.33		 75.01   	 -96.64		
 15.77   	-122.07		 74.63   	 -86.47		
 15.28   	-111.90		 74.28   	 -86.47		
 14.83   	 -96.64		 73.94   	 -91.56		
 14.45   	 -91.56		 73.57   	 -91.56		
 14.08   	 -81.38		 73.20   	-101.73		
 13.75   	 -66.12		 72.80   	-111.90		
 13.49   	 -66.12		 72.35   	-111.90		
 13.22   	 -55.95		 71.90   	-122.07		
 13.00   	 -55.95		 71.41   	-111.90		
 12.78   	 -50.86		 70.97   	-111.90		
 12.57   	 -45.78		 70.52   	-111.90		
 12.39   	 -45.78		 70.07   	-106.82		
 12.21   	 -45.78		 69.64   	 -91.56		
 12.02   	 -45.78		 69.28   	 -86.47		
 11.84   	 -40.69		 68.93   	 -76.30		
 11.68   	 -40.69		 68.63   	 -71.21		
 11.52   	 -45.78		 68.34   	 -66.12		
 11.33   	 -50.86		 68.08   	 -61.04		
 11.13   	 -71.21		 67.83   	 -61.04		
 10.84   	-116.99		 67.59   	 -61.04		
 10.38   	-137.33		 67.34   	 -61.04		
  9.83   	 -91.56		 67.10   	 -61.04		
  9.46   	 -40.69		 66.86   	 -61.04		
  9.30   	 -10.17		 66.61   	 -55.95		
  9.26   	  -5.09		 66.39   	 -61.04		
  9.24   	  -5.09		 66.14   	 -55.95		
  9.22   	 -15.26		 65.92   	 -50.86		
  9.16   	  -5.09		 65.72   	 -45.78		
  9.14(D)	  15.26		 65.53   	 -45.78		
  9.20   	  35.61		 65.35   	 -45.78		
  9.34   	  50.86		 65.17   	 -45.78		
  9.54   	  55.95		 64.98   	 -50.86		
  9.77   	  50.86		 64.78   	 -45.78		
  9.97   	  50.86		 64.60   	 -45.78		
 10.17   	  55.95		 64.41   	 -50.86		
 10.40   	  55.95		 64.21   	 -55.95		
 10.62   	  61.04		 63.99   	 -50.86		
 10.86   	  61.04		 63.78   	 -50.86		
 11.11   	  50.86		 63.58   	 -45.78		
 11.31   	  30.52		 63.40   	 -40.69		
 11.43   	   5.09		 63.23   	 -40.69		
 11.45   	   5.09		 63.07   	 -35.61		
 11.48   	  25.43		 62.93   	 -30.52		
 11.58   	  35.61		 62.81   	 -30.52		
 11.72   	  40.69		 62.69   	 -30.52		
 11.88   	  45.78		 62.56   	 -25.43		
 12.07   	  45.78		 62.46   	 -25.43		
 12.25   	  45.78		 62.36   	 -25.43		
 12.43   	  50.86		 62.26   	 -25.43		
 12.63   	  55.95		 62.16   	 -30.52		
 12.86   	  61.04		 62.03   	 -25.43		
 13.10   	  71.21		 61.93   	 -25.43		
 13.39   	  81.38		 61.83   	 -25.43		
 13.71   	  91.56		 61.73   	 -25.43		
 14.08   	  91.56		 61.63   	 -30.52		
 14.45   	  91.56		 61.51   	 -25.43		
 14.81   	  91.56		 61.40   	 -30.52		
 15.18   	  91.56		 61.28   	 -25.43		
 15.54   	  81.38		 61.18   	 -35.61		
 15.87   	  81.38		 61.04   	 -30.52		
 16.20   	  66.12		 60.92   	 -30.52		
 16.46   	  45.78		 60.79   	 -30.52		
 16.64   	  30.52		 60.67   	 -25.43		
 16.76   	  -5.09		 60.57   	 -25.43		
 16.74   	 -45.78		 60.47   	 -20.35		
 16.56   	 -66.12		 60.39   	 -20.35		
 16.30   	 -61.04		 60.30   	 -20.35		
 16.05   	 -50.86		 60.22   	 -25.43		
 15.85   	 -30.52		 60.12   	 -20.35		
 15.73(E)	   0.00		 60.04   	 -30.52		
 15.73   	  25.43		 59.92   	 -25.43		
 15.83   	  35.61		 59.82   	 -25.43		
 15.97   	  40.69		 59.71   	 -30.52		
 16.13   	  50.86		 59.59   	 -35.61		
 16.34   	  55.95		 59.45   	 -30.52		
 16.56   	  50.86		 59.33   	 -40.69		
 16.76   	  61.04		 59.17   	 -35.61		
 17.01   	  81.38		 59.02   	 -40.69		
 17.33   	 101.73		 58.86   	 -35.61		
 17.74   	 127.16		 58.72   	 -35.61		
 18.25   	 157.68		 58.58   	 -40.69		
 18.88   	 183.11		 58.41   	 -35.61		
 19.61   	 208.54		 58.27   	 -35.61		
 20.45   	 239.06		 58.13   	 -40.69		
 21.40   	 259.41		 57.97   	 -30.52		
 22.44   	 345.88		 57.84   	 -30.52		
 23.82   	 366.22		 57.72   	 -25.43		
 25.29   	 401.83		 57.62   	 -15.26		
 26.90   	 442.52		 57.56   	 -20.35		
 28.67   	 478.13		 57.48   	 -15.26		
 30.58   	 498.47		 57.42   	 -10.17		
 32.57   	 508.65		 57.38   	 -10.17		
 34.61   	 503.56		 57.33   	 -10.17		
 36.62   	 513.73		 57.29   	 -15.26		
 38.68   	 528.99		 57.23   	 -20.35		
 40.79   	 528.99		 57.15   	 -15.26		
 42.91   	 513.73		 57.09   	 -15.26		
 44.96   	 503.56		 57.03   	 -20.35		
 46.98   	 473.04		 56.95   	 -20.35		
 48.87   	 442.52		 56.87   	 -15.26		
 50.64   	 412.00		 56.81   	 -10.17		
 52.29   	 381.48		 56.76   	 -15.26		
 53.81   	 345.88		 56.70   	 -15.26		
 55.20   	 315.36		 56.64   	 -10.17		
 56.46   	 284.84		 56.60   	 -15.26		
 57.60   	 259.41		 56.54   	 -10.17		
 58.64   	 223.80		 56.50   	 -15.26		
 59.53   	 198.37		 56.44   	 -25.43		
 60.33   	 178.03		 56.34   	 -25.43		
 61.04   	 162.77		 56.24   	 -25.43		
 61.69   	 142.42		 56.13   	 -40.69		
 62.26   	 122.07		 55.97   	 -40.69		
 62.75   	 127.16		 55.81   	 -40.69		
 63.26   	 147.51		 55.65   	 -35.61		
 63.85   	 162.77		 55.50   	 -35.61		
 64.50   	 172.94		 55.36   	 -30.52		
 65.19   	 172.94		 55.24   	 -25.43		
 65.88   	 162.77		 55.14   	 -20.35		
 66.53   	 183.11		 55.06   	 -20.35		
 67.26   	 223.80		 54.97   	 -15.26		
 68.16   	 274.67		 54.91   	  -5.09		
 69.26   	 305.19		 54.89(D)	   5.09		
 70.48   	 300.10		 54.91   	  15.26		
 71.68   	 274.67		 54.97   	  25.43		
 72.78   	 264.50		 55.08   	  61.04		
 73.83   	 269.58		 55.32   	 116.99		
 74.91   	 269.58		 55.79   	 183.11		
 75.99   	 274.67		 56.52   	 259.41		
 77.09   	 259.41		 57.56   	 335.71		
 78.13   	 239.06		 58.90   	 406.92		
 79.08   	 223.80		 60.53   	 447.61		
 79.98   	 218.72		 62.32   	 442.52		
 80.85   	 203.46		 64.09   	 412.00		
 81.67   	 198.37		 65.74   	 340.79		
 82.46   	 183.11		 67.10   	 264.50		
 83.19   	 183.11		 68.16   	 152.59		
 83.93   	 167.85		 68.77   	 111.90		
 84.60   	 147.51		 69.22   	  96.64		
 85.19   	 132.25		 69.60   	 116.99		
 85.72   	 127.16		 70.07   	 152.59		
 86.23   	 111.90		 70.68   	 203.46		
 86.67   	  96.64		 71.50   	 249.24		
 87.06   	  81.38		 72.49   	 300.10		
 87.39   	  71.21		 73.69   	 325.53		
 87.67   	  61.04		 74.99   	 335.71		
 87.91   	  50.86		 76.34   	 335.71		
 88.12   	  35.61		 77.68   	 315.36		
 88.26   	  20.35		 78.94   	 289.93		
 88.34   	  10.17		 80.10   	 254.32		
 88.38(S)	  -5.09		 81.12   	 218.72		
 88.36   	 -20.35		 81.99   	 188.20		
 88.28   	 -45.78		 82.75   	 167.85		
 88.10   	 -61.04		 83.42   	 152.59		
 87.85   	 -91.56		 84.03   	 132.25		
 87.49   	-116.99		 84.56   	 132.25		
 87.02   	-142.42		 85.09   	 132.25		
 86.45   	-167.85		 85.62   	 122.07		
 85.78   	-198.37		 86.10   	 122.07		
 84.98   	-218.72		 86.59   	 106.82		
 84.11   	-254.32		 87.02   	 106.82		
 83.09   	-295.01		 87.45   	 101.73		
 81.91   	-325.53		 87.85   	  91.56		
 80.61   	-361.14		 88.22   	  76.30		
 79.17   	-401.83		 88.52   	  66.12		
 77.56   	-437.43		 88.79   	  50.86		
 75.81   	-478.13		 88.99   	  35.61		
 73.90   	-513.73		 89.13   	  30.52		
 71.84   	-528.99		 89.26   	  10.17		
 69.73   	-549.34		 89.30(S)	   0.00		
 67.53   	-559.51		 89.30   	  -5.09		
 65.29   	-569.68		 89.28   	 -15.26		
 63.01   	-579.86		 89.22   	 -25.43		
 60.69   	-579.86		 89.11   	 -40.69		
 58.37   	-579.86		 88.95   	 -50.86		
 56.05   	-574.77		 88.75   	 -71.21		
 53.75   	-574.77		 88.46   	 -81.38		
 51.45   	-564.60		 88.14   	-101.73		
 49.20   	-554.42		 87.73   	-111.90		
 46.98   	-539.16		 87.28   	-127.16		
 44.82   	-534.08		 86.77   	-132.25		
 42.69   	-518.82		 86.25   	-147.51		
 40.61   	-503.56		 85.66   	-147.51		
 38.60   	-493.39		 85.07   	-147.51		
 36.62   	-478.13		 84.48   	-152.59		
 34.71   	-467.95		 83.87   	-157.68		
 32.84   	-447.61		 83.23   	-172.94		
 31.05   	-432.35		 82.54   	-172.94		
 29.32   	-412.00		 81.85   	-172.94		
 27.67   	-391.66		 81.16   	-178.03		
 26.10   	-366.22		 80.45   	-183.11		
 24.64   	-345.88		 79.71   	-183.11		
 23.26   	-320.45		 78.98   	-178.03		
 21.97   	-295.01		 78.27   	-172.94		
 20.79   	-264.50		 77.58   	-162.77		
 19.74   	-244.15		 76.93   	-152.59		
 18.76   	-223.80		 76.32   	-142.42		
 17.86   	-208.54		 75.75   	-127.16		
 17.03   	-188.20		 75.24   	-111.90		
 16.28   	-167.85		 74.79   	-106.82		
 15.61   	-147.51		 74.36   	 -96.64		
 15.02   	-137.33		 73.98   	 -96.64		
 14.47   	-116.99		 73.59   	 -91.56		
 14.00   	-111.90		 73.22   	 -91.56		
 13.55   	-101.73		 72.86   	 -86.47		
 13.14   	 -86.47		 72.51   	 -96.64		
 12.80   	 -81.38		 72.13   	-106.82		
 12.47   	 -76.30		 71.70   	-101.73		
 12.17   	 -71.21		 71.29   	-106.82		
 11.88   	 -61.04		 70.86   	-111.90		
 11.64   	 -61.04		 70.42   	-106.82		
 11.39   	 -55.95		 69.99   	-106.82		
 11.17   	 -50.86		 69.56   	-106.82		
 10.97   	 -45.78		 69.14   	-101.73		
 10.78   	 -45.78		 68.73   	 -96.64		
 10.60   	 -45.78		 68.34   	 -86.47		
 10.42   	 -61.04		 68.00   	 -76.30		
 10.17   	 -91.56		 67.69   	 -71.21		
  9.81   	-127.16		 67.41   	 -66.12		
  9.30   	-127.16		 67.14   	 -55.95		
  8.79   	 -81.38		 66.92   	 -61.04		
  8.46   	 -35.61		 66.67   	 -55.95		
  8.32   	 -10.17		 66.45   	 -66.12		
  8.28(D)	   0.00		 66.18   	 -76.30		
  8.28   	   5.09		 65.88   	 -76.30		
  8.30   	   5.09		 65.57   	 -71.21		
  8.32   	  20.35		 65.29   	 -50.86		
  8.40   	  30.52		 65.09   	 -35.61		
  8.52   	  45.78		 64.94   	 -15.26		
  8.71   	  45.78		 64.88   	 -15.26		
  8.89   	  50.86		 64.82   	  -5.09		
  9.09   	  45.78		 64.80   	 -20.35		
  9.28   	  45.78		 64.72   	 -30.52		
  9.46   	  45.78		 64.60   	 -61.04		
  9.64   	  40.69		 64.35   	-101.73		
  9.81   	  30.52		 63.95   	-137.33		
  9.93   	  30.52		 63.40   	-152.59		
 10.05   	  20.35		 62.79   	-152.59		
 10.13   	  20.35		 62.18   	-116.99		
 10.21   	  20.35		 61.71   	 -76.30		
 10.29   	  35.61		 61.40   	 -35.61		
 10.44   	  50.86		 61.26   	   5.09		
 10.64   	  55.95		 61.28   	  45.78		
 10.86   	  55.95		 61.46   	  76.30		
 11.09   	  45.78		 61.77   	  81.38		
 11.27   	  30.52		 62.10   	  66.12		
 11.39   	  15.26		 62.36   	  50.86		
 11.45   	  20.35		 62.56   	  20.35		
 11.54   	  40.69		 62.64   	 -15.26		
 11.70   	  61.04		 62.58   	 -45.78		
 11.94   	  76.30		 62.40   	 -76.30		
 12.25   	  76.30		 62.10   	 -81.38		
 12.55   	  81.38		 61.77   	 -91.56		
 12.88   	  86.47		 61.40   	 -86.47		
 13.22   	  96.64		 61.06   	 -66.12		
 13.61   	 111.90		 60.79   	 -45.78		
 14.06   	 116.99		 60.61   	 -30.52		
 14.53   	 116.99		 60.49   	 -10.17		
 14.99   	 116.99		 60.45   	   5.09		
 15.46   	 106.82		 60.47   	   5.09		
 15.89   	 101.73		 60.49   	  10.17		
 16.30   	  86.47		 60.53   	   5.09		
 16.64   	  61.04		 60.55   	  -5.09		
 16.89   	  30.52		 60.53   	 -25.43		
 17.01   	   5.09		 60.43   	 -35.61		
 17.03   	 -25.43		 60.28   	 -45.78		
 16.93   	 -50.86		 60.10   	 -45.78		
 16.72   	 -66.12		 59.92   	 -50.86		
 16.46   	 -61.04		 59.71   	 -55.95		
 16.22   	 -55.95		 59.49   	 -45.78		
 15.99   	 -45.78		 59.31   	 -40.69		
 15.81   	 -20.35		 59.15   	 -40.69		
 15.73(E)	  10.17		 58.98   	 -45.78		
 15.77   	  20.35		 58.80   	 -45.78		
 15.85   	  35.61		 58.62   	 -35.61		
 15.99   	  45.78		 58.47   	 -25.43		
 16.17   	  45.78		 58.37   	 -55.95		
 16.36   	  40.69		 58.15   	-116.99		
 16.52   	  55.95		 57.68   	-147.51		
 16.74   	  76.30		 57.09   	 -76.30		
 17.05   	 101.73		 56.79   	 -25.43		
 17.46   	 132.25		 56.68   	 -71.21		
 17.99   	 157.68		 56.40   	 -45.78		
 18.62   	 193.29		 56.22   	  66.12		
 19.39   	 218.72		 56.48   	  91.56		
 20.26   	 254.32		 56.85   	  50.86		
 21.28   	 361.14		 57.05   	  71.21		
 22.73   	 386.57		 57.33   	  45.78		
 24.27   	 406.92		 57.52   	  15.26		
 25.90   	 437.43		 57.58   	   5.09		
 27.65   	 462.87		 57.60   	  10.17		
 29.50   	 483.21		 57.64   	   0.00		
 31.43   	 508.65		 57.64   	   5.09		
 33.47   	 523.90		 57.66   	   0.00		
 35.56   	 513.73		 57.66   	   0.00		
 37.62   	 508.65		 57.66   	 -10.17		
 39.65   	 503.56		 57.62   	 -10.17		
 41.67   	 498.47		 57.58   	 -25.43		
 43.66   	 498.47		 57.48   	 -40.69		
 45.66   	 483.21		 57.31   	 -55.95		
 47.59   	 457.78		 57.09   	 -61.04		
 49.42   	 427.26		 56.85   	 -61.04		
 51.13   	 396.74		 56.60   	 -66.12		
 52.72   	 356.05		 56.34   	 -61.04		
 54.14   	 330.62		 56.09   	 -55.95		
 55.46   	 295.01		 55.87   	 -55.95		
 56.64   	 264.50		 55.65   	 -45.78		
 57.70   	 239.06		 55.46   	 -35.61		
 58.66   	 208.54		 55.32   	 -25.43		
 59.49   	 188.20		 55.22   	 -15.26		
 60.24   	 157.68		 55.16   	   0.00		
 60.87   	 122.07		 55.16   	   0.00		
 61.36   	 101.73		 55.16   	   5.09		
 61.77   	 122.07		 55.18   	  10.17		
 62.26   	 152.59		 55.22   	  10.17		
 62.87   	 162.77		 55.26   	   5.09		
 63.52   	 167.85		 55.28   	   0.00		
 64.19   	 162.77		 55.28   	 -10.17		
 64.84   	 178.03		 55.24   	 -20.35		
 65.55   	 198.37		 55.16   	 -15.26		
 66.35   	 233.98		 55.10   	 -20.35		
 67.28   	 274.67		 55.02   	 -20.35		
 68.38   	 325.53		 54.93   	 -20.35		
 69.68   	 345.88		 54.85   	 -10.17		
 71.07   	 325.53		 54.81   	 -10.17		
 72.37   	 295.01		 54.77(D)	  10.17		
 73.55   	 284.84		 54.81   	  30.52		
 74.69   	 300.10		 54.93   	  61.04		
 75.89   	 300.10		 55.18   	 111.90		
 77.09   	 289.93		 55.63   	 162.77		
 78.25   	 259.41		 56.28   	 244.15		
 79.29   	 233.98		 57.25   	 310.27		
 80.22   	 213.63		 58.49   	 371.31		
 81.08   	 203.46		 59.98   	 391.66		
 81.89   	 198.37		 61.55   	 391.66		
 82.69   	 178.03		 63.11   	 366.22		
 83.40   	 178.03		 64.58   	 274.67		
 84.11   	 157.68		 65.68   	 193.29		
 84.74   	 152.59		 66.45   	 137.33		
 85.35   	 142.42		 67.00   	 106.82		
 85.92   	 127.16		 67.43   	 101.73		
 86.43   	 116.99		 67.83   	 142.42		
 86.90   	 111.90		 68.40   	 193.29		
 87.34   	  96.64		 69.18   	 259.41		
 87.73   	  81.38		 70.21   	 325.53		
 88.06   	  66.12		 71.52   	 361.14		
 88.32   	  66.12		 72.96   	 356.05		
 88.59   	  55.95		 74.38   	 371.31		
 88.81   	  45.78		 75.87   	 361.14		
 88.99   	  30.52		 77.31   	 310.27		
 89.11   	  10.17		 78.56   	 244.15		
 89.16   	   0.00		 79.53   	 208.54		
 89.16   	 -15.26		 80.37   	 172.94		
 89.09   	 -35.61		 81.06   	 142.42		
 88.95   	 -55.95		 81.63   	 132.25		
 88.73   	 -81.38		 82.16   	 127.16		
 88.40   	-111.90		 82.66   	 132.25		
 87.95   	-137.33		 83.19   	 132.25		
 87.41   	-162.77		 83.72   	 137.33		
 86.75   	-193.29		 84.27   	 142.42		
 85.98   	-218.72		 84.84   	 137.33		
 85.11   	-254.32		 85.39   	 127.16		
 84.09   	-284.84		 85.90   	 106.82		
 82.95   	-320.45		 86.33   	  91.56		
 81.67   	-356.05		 86.69   	  71.21		
 80.24   	-391.66		 86.98   	  50.86		
 78.68   	-432.35		 87.18   	  35.61		
 76.95   	-462.87		 87.32   	  20.35		
 75.10   	-493.39		 87.41   	  10.17		
 73.12   	-513.73		 87.45   	  10.17		
 71.07   	-528.99		 87.49   	   0.00		
 68.95   	-544.25		 87.49   	   0.00		
 66.77   	-549.34		 87.49   	 -10.17		
 64.58   	-559.51		 87.45   	 -15.26		
 62.34   	-564.60		 87.39   	 -35.61		
 60.08   	-559.51		 87.24   	 -45.78		
 57.84   	-569.68		 87.06   	 -61.04		
 55.56   	-564.60		 86.82   	 -76.30		
 53.31   	-559.51		 86.51   	 -96.64		
 51.07   	  N/A		 86.12   	  N/A		
