SAMPLE NUMBER:   4
TIME RESOLUTION: 4 ms/sample
mmHg RESOLUTION: 0.0203458 mmHg/unit
DATA UNITS:      mmHg, mmHg/sec

------------------------- Begin Data -------------------------
  AO     	  AO'		  RV     	  RV'		
 36.83   	  91.56		 52.06   	 223.80		
 37.19   	 310.27		 52.96   	 269.58		
 38.43   	 427.26		 54.04   	 259.41		
 40.14   	 518.82		 55.08   	 259.41		
 42.22   	 584.94		 56.11   	 244.15		
 44.56   	 600.20		 57.09   	 233.98		
 46.96   	 584.94		 58.03   	 213.63		
 49.30   	 544.25		 58.88   	 198.37		
 51.47   	 473.04		 59.67   	 178.03		
 53.37   	 386.57		 60.39   	 162.77		
 54.91   	 279.75		 61.04   	 142.42		
 56.03   	 188.20		 61.61   	 122.07		
 56.79   	 106.82		 62.10   	 106.82		
 57.21   	  45.78		 62.52   	 101.73		
 57.40   	  20.35		 62.93   	  81.38		
 57.48   	  20.35		 63.26   	  76.30		
 57.56   	  30.52		 63.56   	  61.04		
 57.68   	  55.95		 63.80   	  55.95		
 57.90   	  86.47		 64.03   	  50.86		
 58.25   	 127.16		 64.23   	  40.69		
 58.76   	 167.85		 64.39   	  35.61		
 59.43   	 183.11		 64.54   	  35.61		
 60.16   	 193.29		 64.68   	  30.52		
 60.94   	 203.46		 64.80   	  25.43		
 61.75   	 188.20		 64.90   	  25.43		
 62.50   	 167.85		 65.00   	  15.26		
 63.17   	 137.33		 65.07   	   5.09		
 63.72   	 101.73		 65.09   	   0.00		
 64.13   	  71.21		 65.09   	 -15.26		
 64.41   	  45.78		 65.03   	 -25.43		
 64.60   	  25.43		 64.92   	 -30.52		
 64.70(S)	   0.00		 64.80   	 -45.78		
 64.70   	 -10.17		 64.62   	 -50.86		
 64.66   	 -20.35		 64.41   	 -61.04		
 64.58   	 -25.43		 64.17   	 -66.12		
 64.48   	 -15.26		 63.91   	 -76.30		
 64.41   	 -10.17		 63.60   	 -76.30		
 64.37   	   0.00		 63.30   	 -86.47		
 64.37   	   5.09		 62.95   	 -96.64		
 64.39   	  10.17		 62.56   	-106.82		
 64.44   	  10.17		 62.14   	-116.99		
 64.48   	   5.09		 61.67   	-142.42		
 64.50   	  10.17		 61.10   	-162.77		
 64.54   	   5.09		 60.45   	-198.37		
 64.56   	   5.09		 59.65   	-228.89		
 64.58   	   0.00		 58.74   	-279.75		
 64.58   	 -20.35		 57.62   	-330.62		
 64.50   	 -25.43		 56.30   	-386.57		
 64.39   	 -40.69		 54.75   	-437.43		
 64.23   	 -45.78		 53.00   	-498.47		
 64.05   	 -55.95		 51.01   	-559.51		
 63.82   	 -61.04		 48.77   	-620.55		
 63.58   	 -66.12		 46.29   	-676.50		
 63.32   	 -76.30		 43.58   	-722.28		
 63.01   	 -71.21		 40.69   	-762.97		
 62.73   	 -76.30		 37.64   	-778.23		
 62.42   	 -71.21		 34.53   	-793.49		
 62.14   	 -71.21		 31.35   	-788.40		
 61.85   	 -71.21		 28.20   	-768.05		
 61.57   	 -71.21		 25.13   	-742.62		
 61.28   	 -71.21		 22.16   	-707.02		
 61.00   	 -76.30		 19.33   	-651.07		
 60.69   	 -81.38		 16.72   	-600.20		
 60.37   	 -91.56		 14.32   	-534.08		
 60.00   	-101.73		 12.19   	-483.21		
 59.59   	-116.99		 10.25   	-412.00		
 59.12   	-127.16		  8.61   	-356.05		
 58.62   	-137.33		  7.18   	-300.10		
 58.07   	-147.51		  5.98   	-249.24		
 57.48   	-152.59		  4.98   	-198.37		
 56.87   	-152.59		  4.19   	-152.59		
 56.26   	-152.59		  3.58   	-122.07		
 55.65   	-152.59		  3.09   	 -86.47		
 55.04   	-137.33		  2.75   	 -61.04		
 54.49   	-122.07		  2.50   	 -45.78		
 54.00   	-106.82		  2.32   	 -25.43		
 53.57   	 -86.47		  2.22   	 -20.35		
 53.22   	 -76.30		  2.14   	 -20.35		
 52.92   	 -66.12		  2.05   	 -25.43		
 52.65   	 -55.95		  1.95   	 -25.43		
 52.43   	 -55.95		  1.85   	 -45.78		
 52.21   	 -55.95		  1.67   	 -61.04		
 51.98   	 -61.04		  1.42   	 -86.47		
 51.74   	 -61.04		  1.08   	-116.99		
 51.50   	 -71.21		  0.61   	-137.33		
 51.21   	 -71.21		  0.06   	-147.51		
 50.93   	 -76.30		 -0.53   	-142.42		
 50.62   	 -76.30		 -1.10   	-142.42		
 50.32   	 -86.47		 -1.67   	-127.16		
 49.97   	 -86.47		 -2.18   	-101.73		
 49.62   	 -86.47		 -2.58   	 -76.30		
 49.28   	 -66.12		 -2.89   	 -55.95		
 49.01   	 -55.95		 -3.11   	 -20.35		
 48.79   	 -50.86		 -3.19   	   5.09		
 48.59   	 -61.04		 -3.17   	  35.61		
 48.34   	 -61.04		 -3.03   	  61.04		
 48.10   	 -55.95		 -2.79   	  81.38		
 47.87   	 -35.61		 -2.46   	 106.82		
 47.73   	 -30.52		 -2.03   	 111.90		
 47.61   	 -30.52		 -1.59   	 127.16		
 47.49   	 -30.52		 -1.08   	 122.07		
 47.37   	 -35.61		 -0.59   	 111.90		
 47.22   	 -40.69		 -0.14   	 106.82		
 47.06   	 -40.69		  0.28   	  86.47		
 46.90   	 -35.61		  0.63   	  71.21		
 46.75   	 -35.61		  0.92   	  55.95		
 46.61   	 -45.78		  1.14   	  40.69		
 46.43   	 -45.78		  1.30   	  20.35		
 46.25   	 -50.86		  1.38   	  10.17		
 46.04   	 -50.86		  1.42   	   0.00		
 45.84   	 -50.86		  1.42   	 -10.17		
 45.64   	 -55.95		  1.38   	 -20.35		
 45.41   	 -55.95		  1.30   	 -20.35		
 45.19   	 -50.86		  1.22   	 -20.35		
 44.98   	 -45.78		  1.14   	 -20.35		
 44.80   	 -45.78		  1.06   	 -15.26		
 44.62   	 -40.69		  1.00   	 -15.26		
 44.46   	 -40.69		  0.94   	  -5.09		
 44.29   	 -40.69		  0.92   	   0.00		
 44.13   	 -35.61		  0.92   	   5.09		
 43.99   	 -30.52		  0.94   	  15.26		
 43.87   	 -30.52		  1.00   	  20.35		
 43.74   	 -30.52		  1.08   	  25.43		
 43.62   	 -30.52		  1.18   	  25.43		
 43.50   	 -30.52		  1.28   	  25.43		
 43.38   	 -35.61		  1.38   	  30.52		
 43.23   	 -30.52		  1.51   	  30.52		
 43.11   	 -25.43		  1.63   	  35.61		
 43.01   	 -30.52		  1.77   	  35.61		
 42.89   	 -35.61		  1.91   	  40.69		
 42.75   	 -30.52		  2.08   	  35.61		
 42.62   	 -35.61		  2.22   	  40.69		
 42.48   	 -35.61		  2.38   	  40.69		
 42.34   	 -35.61		  2.54   	  40.69		
 42.20   	 -35.61		  2.71   	  35.61		
 42.05   	 -30.52		  2.85   	  35.61		
 41.93   	 -40.69		  2.99   	  30.52		
 41.77   	 -35.61		  3.11   	  20.35		
 41.63   	 -30.52		  3.19   	  15.26		
 41.51   	 -30.52		  3.26   	  15.26		
 41.38   	 -25.43		  3.32   	  10.17		
 41.28   	 -25.43		  3.36   	   5.09		
 41.18   	 -30.52		  3.38(E)	  10.17		
 41.06   	 -30.52		  3.42   	  15.26		
 40.94   	 -30.52		  3.48   	  15.26		
 40.81   	 -25.43		  3.54   	  20.35		
 40.71   	 -30.52		  3.62   	  15.26		
 40.59   	 -35.61		  3.68   	  25.43		
 40.45   	 -30.52		  3.78   	  20.35		
 40.33   	 -30.52		  3.87   	  20.35		
 40.20   	 -30.52		  3.95   	  20.35		
 40.08   	 -30.52		  4.03   	  25.43		
 39.96   	 -30.52		  4.13   	  20.35		
 39.84   	 -25.43		  4.21   	  25.43		
 39.74   	 -30.52		  4.31   	  30.52		
 39.61   	 -20.35		  4.44   	  40.69		
 39.53   	 -20.35		  4.60   	  61.04		
 39.45   	 -20.35		  4.84   	  96.64		
 39.37   	 -20.35		  5.23   	 147.51		
 39.29   	 -20.35		  5.82   	 208.54		
 39.21   	 -20.35		  6.65   	 264.50		
 39.12   	 -15.26		  7.71   	 330.62		
 39.06   	 -20.35		  9.03   	 386.57		
 38.98   	 -30.52		 10.58   	 437.43		
 38.86   	 -35.61		 12.33   	 488.30		
 38.72   	 -40.69		 14.28   	 539.16		
 38.56   	 -25.43		 16.44   	 579.86		
 38.45   	 -25.43		 18.76   	 717.19		
 38.35   	 -35.61		 21.63   	 712.10		
 38.21   	 -35.61		 24.48   	 691.76		
 38.07   	 -30.52		 27.24   	 656.15		
 37.94   	 -15.26		 29.87   	 615.46		
 37.88   	 -15.26		 32.33   	 559.51		
 37.82   	 -20.35		 34.57   	 508.65		
 37.74   	 -30.52		 36.60   	 452.69		
 37.62   	 -30.52		 38.41   	 396.74		
 37.50   	 -20.35		 40.00   	 340.79		
 37.42   	 -15.26		 41.36   	 300.10		
 37.35   	 -25.43		 42.56   	 259.41		
 37.25   	 -35.61		 43.60   	 223.80		
 37.11   	 -35.61		 44.50   	 203.46		
 36.97   	 -30.52		 45.31   	 183.11		
 36.85   	 -25.43		 46.04   	 183.11		
 36.74   	 -15.26		 46.77   	 178.03		
 36.68   	 -20.35		 47.49   	 183.11		
 36.60   	 -25.43		 48.22   	 188.20		
 36.50   	 -30.52		 48.97   	 203.46		
 36.38   	 -20.35		 49.79   	 213.63		
 36.30   	 -10.17		 50.64   	 228.89		
 36.26(D)	  15.26		 51.56   	 239.06		
 36.32   	  35.61		 52.51   	 249.24		
 36.46   	  71.21		 53.51   	 259.41		
 36.74   	 218.72		 54.55   	 305.19		
 37.62   	 340.79		 55.77   	 300.10		
 38.98   	 457.78		 56.97   	 284.84		
 40.81   	 534.08		 58.11   	 274.67		
 42.95   	 569.68		 59.21   	 259.41		
 45.23   	 574.77		 60.24   	 239.06		
 47.53   	 539.16		 61.20   	 218.72		
 49.68   	 493.39		 62.08   	 193.29		
 51.66   	 422.18		 62.85   	 172.94		
 53.35   	 335.71		 63.54   	 157.68		
 54.69   	 239.06		 64.17   	 132.25		
 55.65   	 147.51		 64.70   	 116.99		
 56.24   	  66.12		 65.17   	 101.73		
 56.50   	  25.43		 65.57   	  91.56		
 56.60   	   5.09		 65.94   	  76.30		
 56.62   	  10.17		 66.25   	  66.12		
 56.66   	  30.52		 66.51   	  61.04		
 56.79   	  55.95		 66.75   	  55.95		
 57.01   	  91.56		 66.98   	  45.78		
 57.38   	 122.07		 67.16   	  45.78		
 57.86   	 162.77		 67.34   	  40.69		
 58.51   	 188.20		 67.51   	  40.69		
 59.27   	 193.29		 67.67   	  35.61		
 60.04   	 193.29		 67.81   	  30.52		
 60.81   	 178.03		 67.93   	  30.52		
 61.53   	 147.51		 68.06   	  25.43		
 62.12   	 116.99		 68.16   	  20.35		
 62.58   	  91.56		 68.24   	  15.26		
 62.95   	  66.12		 68.30   	   5.09		
 63.21   	  35.61		 68.32(S)	   0.00		
 63.36(S)	  -5.09		 68.32   	 -10.17		
 63.34   	 -25.43		 68.28   	 -15.26		
 63.23   	 -30.52		 68.22   	 -30.52		
 63.11   	 -25.43		 68.10   	 -40.69		
 63.01   	 -20.35		 67.93   	 -55.95		
 62.93   	 -25.43		 67.71   	 -61.04		
 62.83   	 -20.35		 67.47   	 -76.30		
 62.75   	 -10.17		 67.16   	 -86.47		
 62.71   	   5.09		 66.82   	-101.73		
 62.73   	   5.09		 66.41   	-111.90		
 62.75   	  10.17		 65.96   	-132.25		
 62.79   	  15.26		 65.43   	-147.51		
 62.85   	  15.26		 64.84   	-167.85		
 62.91   	   5.09		 64.17   	-193.29		
 62.93   	   0.00		 63.40   	-218.72		
 62.93   	 -10.17		 62.52   	-254.32		
 62.89   	 -20.35		 61.51   	-284.84		
 62.81   	 -25.43		 60.37   	-320.45		
 62.71   	 -40.69		 59.08   	-366.22		
 62.54   	 -45.78		 57.62   	-406.92		
 62.36   	 -55.95		 55.99   	-447.61		
 62.14   	 -61.04		 54.20   	-493.39		
 61.89   	 -66.12		 52.23   	-544.25		
 61.63   	 -71.21		 50.05   	-600.20		
 61.34   	 -71.21		 47.65   	-645.98		
 61.06   	 -61.04		 45.07   	-691.76		
 60.81   	 -66.12		 42.30   	-717.19		
 60.55   	 -71.21		 39.43   	-747.71		
 60.26   	 -71.21		 36.44   	-757.88		
 59.98   	 -71.21		 33.41   	-757.88		
 59.69   	 -71.21		 30.38   	-747.71		
 59.41   	 -81.38		 27.39   	-727.36		
 59.08   	 -86.47		 24.48   	-691.76		
 58.74   	-106.82		 21.71   	-661.24		
 58.31   	-116.99		 19.06   	-610.37		
 57.84   	-122.07		 16.62   	-559.51		
 57.35   	-132.25		 14.38   	-503.56		
 56.83   	-142.42		 12.37   	-452.69		
 56.26   	-147.51		 10.56   	-396.74		
 55.67   	-147.51		  8.97   	-345.88		
 55.08   	-147.51		  7.59   	-284.84		
 54.49   	-132.25		  6.45   	-244.15		
 53.96   	-116.99		  5.47   	-203.46		
 53.49   	-101.73		  4.66   	-172.94		
 53.08   	 -86.47		  3.97   	-147.51		
 52.74   	 -81.38		  3.38   	-127.16		
 52.41   	 -66.12		  2.87   	-122.07		
 52.15   	 -55.95		  2.38   	-111.90		
 51.92   	 -45.78		  1.93   	-116.99		
 51.74   	 -50.86		  1.46   	-116.99		
 51.54   	 -55.95		  1.00   	-116.99		
 51.31   	 -61.04		  0.53   	-122.07		
 51.07   	 -66.12		  0.04   	-116.99		
 50.80   	 -66.12		 -0.43   	-106.82		
 50.54   	 -76.30		 -0.85   	-106.82		
 50.23   	 -81.38		 -1.28   	 -86.47		
 49.91   	 -81.38		 -1.63   	 -76.30		
 49.58   	 -76.30		 -1.93   	 -61.04		
 49.28   	 -76.30		 -2.18   	 -35.61		
 48.97   	 -76.30		 -2.32   	 -15.26		
 48.67   	 -76.30		 -2.38(D)	   5.09		
 48.36   	 -71.21		 -2.36   	  30.52		
 48.08   	 -66.12		 -2.24   	  45.78		
 47.81   	 -50.86		 -2.05   	  55.95		
 47.61   	 -45.78		 -1.83   	  71.21		
 47.43   	 -40.69		 -1.55   	  71.21		
 47.26   	 -45.78		 -1.26   	  81.38		
 47.08   	 -45.78		 -0.94   	  71.21		
 46.90   	 -35.61		 -0.65   	  71.21		
 46.75   	 -35.61		 -0.37   	  66.12		
 46.61   	 -30.52		 -0.10   	  50.86		
 46.49   	 -40.69		  0.10   	  40.69		
 46.33   	 -45.78		  0.26   	  30.52		
 46.14   	 -45.78		  0.39   	  20.35		
 45.96   	 -50.86		  0.47   	   5.09		
 45.76   	 -40.69		  0.49   	   0.00		
 45.59   	 -45.78		  0.49   	  -5.09		
 45.41   	 -45.78		  0.47   	 -15.26		
 45.23   	 -45.78		  0.41   	 -10.17		
 45.05   	 -50.86		  0.37   	 -15.26		
 44.84   	 -50.86		  0.31   	  -5.09		
 44.64   	 -50.86		  0.28   	  -5.09		
 44.44   	 -40.69		  0.26   	   5.09		
 44.27   	 -35.61		  0.28   	  10.17		
 44.13   	 -35.61		  0.33   	  15.26		
 43.99   	 -40.69		  0.39   	  25.43		
 43.82   	 -45.78		  0.49   	  30.52		
 43.64   	 -35.61		  0.61   	  30.52		
 43.50   	 -35.61		  0.73   	  35.61		
 43.36   	 -30.52		  0.87   	  35.61		
 43.23   	 -30.52		  1.02   	  35.61		
 43.11   	 -30.52		  1.16   	  35.61		
 42.99   	 -35.61		  1.30   	  35.61		
 42.85   	 -35.61		  1.44   	  35.61		
 42.71   	 -30.52		  1.59   	  25.43		
 42.58   	 -30.52		  1.69   	  30.52		
 42.46   	 -30.52		  1.81   	  20.35		
 42.34   	 -40.69		  1.89   	  20.35		
 42.18   	 -35.61		  1.97   	  20.35		
 42.03   	 -30.52		  2.05   	  20.35		
 41.91   	 -30.52		  2.14   	  20.35		
 41.79   	 -30.52		  2.22   	  25.43		
 41.67   	 -40.69		  2.32   	  25.43		
 41.51   	 -35.61		  2.42   	  30.52		
 41.36   	 -30.52		  2.54   	  35.61		
 41.24   	 -25.43		  2.69   	  35.61		
 41.14   	 -25.43		  2.83   	  30.52		
 41.04   	 -35.61		  2.95   	  30.52		
 40.90   	 -25.43		  3.07   	  35.61		
 40.79   	 -25.43		  3.21   	  25.43		
 40.69   	 -30.52		  3.32(E)	  30.52		
 40.57   	 -35.61		  3.44   	  25.43		
 40.43   	 -35.61		  3.54   	  25.43		
 40.28   	 -30.52		  3.64   	  25.43		
 40.16   	 -20.35		  3.74   	  20.35		
 40.08   	 -25.43		  3.83   	  15.26		
 39.98   	 -35.61		  3.89   	  15.26		
 39.84   	 -35.61		  3.95   	  10.17		
 39.69   	 -40.69		  3.99   	  10.17		
 39.53   	 -25.43		  4.03   	  10.17		
 39.43   	 -15.26		  4.07   	  10.17		
 39.37   	 -20.35		  4.11   	  15.26		
 39.29   	 -25.43		  4.17   	  25.43		
 39.19   	 -35.61		  4.27   	  30.52		
 39.04   	 -25.43		  4.39   	  61.04		
 38.94   	 -15.26		  4.64   	  91.56		
 38.88   	 -10.17		  5.01   	 137.33		
 38.84   	 -15.26		  5.55   	 203.46		
 38.78   	 -20.35		  6.37   	 269.58		
 38.70   	 -30.52		  7.45   	 320.45		
 38.58   	 -30.52		  8.73   	 391.66		
 38.45   	 -20.35		 10.29   	 442.52		
 38.37   	 -20.35		 12.07   	 493.39		
 38.29   	 -20.35		 14.04   	 549.34		
 38.21   	 -30.52		 16.24   	 595.11		
 38.09   	 -35.61		 18.62   	 732.45		
 37.94   	 -35.61		 21.55   	 722.28		
 37.80   	 -25.43		 24.44   	 707.02		
 37.70   	 -25.43		 27.26   	 666.32		
 37.60   	 -30.52		 29.93   	 625.63		
 37.48   	 -25.43		 32.43   	 569.68		
 37.38   	 -25.43		 34.71   	 513.73		
 37.27   	 -20.35		 36.76   	 452.69		
 37.19   	 -15.26		 38.58   	 396.74		
 37.13   	 -20.35		 40.16   	 340.79		
 37.05   	 -20.35		 41.53   	 295.01		
 36.97   	 -30.52		 42.71   	 254.32		
 36.85   	 -25.43		 43.72   	 223.80		
 36.74   	 -25.43		 44.62   	 198.37		
 36.64   	 -25.43		 45.41   	 183.11		
 36.54   	 -20.35		 46.14   	 172.94		
 36.46   	 -20.35		 46.84   	 183.11		
 36.38   	 -25.43		 47.57   	 183.11		
 36.28   	 -30.52		 48.30   	 193.29		
 36.15   	 -25.43		 49.07   	 208.54		
 36.05   	 -25.43		 49.91   	 223.80		
 35.95   	  -5.09		 50.80   	 233.98		
 35.93(D)	   5.09		 51.74   	 254.32		
 35.95   	  25.43		 52.76   	 264.50		
 36.05   	  66.12		 53.81   	 269.58		
 36.32   	 223.80		 54.89   	 315.36		
 37.21   	 335.71		 56.15   	 305.19		
 38.56   	 447.61		 57.38   	 300.10		
 40.35   	 528.99		 58.58   	 279.75		
 42.46   	 569.68		 59.69   	 264.50		
 44.74   	 579.86		 60.75   	 244.15		
 47.06   	 554.42		 61.73   	 223.80		
 49.28   	 503.56		 62.62   	 203.46		
 51.29   	 432.35		 63.44   	 183.11		
 53.02   	 330.62		 64.17   	 157.68		
 54.34   	 233.98		 64.80   	 137.33		
 55.28   	 147.51		 65.35   	 122.07		
 55.87   	  81.38		 65.84   	 106.82		
 56.20   	  35.61		 66.27   	  86.47		
 56.34   	  10.17		 66.61   	  81.38		
 56.38   	  10.17		 66.94   	  76.30		
 56.42   	  25.43		 67.24   	  66.12		
 56.52   	  61.04		 67.51   	  66.12		
 56.76   	 101.73		 67.77   	  55.95		
 57.17   	 132.25		 68.00   	  50.86		
 57.70   	 162.77		 68.20   	  50.86		
 58.35   	 178.03		 68.40   	  50.86		
 59.06   	 188.20		 68.61   	  45.78		
 59.82   	 193.29		 68.79   	  45.78		
 60.59   	 178.03		 68.97   	  40.69		
 61.30   	 157.68		 69.14   	  30.52		
 61.93   	 132.25		 69.26   	  30.52		
 62.46   	 101.73		 69.38   	  15.26		
 62.87   	  66.12		 69.44   	   5.09		
 63.13   	  35.61		 69.46(S)	   0.00		
 63.28   	  10.17		 69.46   	 -15.26		
 63.32(S)	  -5.09		 69.40   	 -25.43		
 63.30   	  -5.09		 69.30   	 -30.52		
 63.28   	 -15.26		 69.18   	 -45.78		
 63.21   	 -15.26		 68.99   	 -61.04		
 63.15   	 -25.43		 68.75   	 -61.04		
 63.05   	 -10.17		 68.50   	 -76.30		
 63.01   	   5.09		 68.20   	 -86.47		
 63.03   	  10.17		 67.85   	 -91.56		
 63.07   	   5.09		 67.49   	-101.73		
 63.09   	   5.09		 67.08   	-116.99		
 63.11   	  -5.09		 66.61   	-127.16		
 63.09   	   5.09		 66.10   	-142.42		
 63.11   	   5.09		 65.53   	-162.77		
 63.13   	  -5.09		 64.88   	-193.29		
 63.11   	 -15.26		 64.11   	-223.80		
 63.05   	 -25.43		 63.21   	-259.41		
 62.95   	 -40.69		 62.18   	-289.93		
 62.79   	 -35.61		 61.02   	-335.71		
 62.64   	 -40.69		 59.67   	-376.40		
 62.48   	 -45.78		 58.17   	-422.18		
 62.30   	 -55.95		 56.48   	-457.78		
 62.08   	 -66.12		 54.65   	-508.65		
 61.81   	 -61.04		 52.61   	-559.51		
 61.57   	 -61.04		 50.38   	-615.46		
 61.32   	 -61.04		 47.91   	-656.15		
 61.08   	 -66.12		 45.29   	-701.93		
 60.81   	 -66.12		 42.48   	-727.36		
 60.55   	 -76.30		 39.57   	-757.88		
 60.24   	 -76.30		 36.54   	-768.05		
 59.94   	 -76.30		 33.47   	-762.97		
 59.63   	 -76.30		 30.42   	-757.88		
 59.33   	 -81.38		 27.39   	-737.54		
 59.00   	 -91.56		 24.44   	-707.02		
 58.64   	-106.82		 21.61   	-661.24		
 58.21   	-116.99		 18.96   	-620.55		
 57.74   	-127.16		 16.48   	-564.60		
 57.23   	-142.42		 14.22   	-513.73		
 56.66   	-142.42		 12.17   	-452.69		
 56.09   	-142.42		 10.36   	-401.83		
 55.52   	-142.42		  8.75   	-335.71		
 54.95   	-142.42		  7.41   	-289.93		
 54.38   	-137.33		  6.25   	-233.98		
 53.83   	-122.07		  5.31   	-203.46		
 53.35   	-101.73		  4.50   	-162.77		
 52.94   	 -81.38		  3.85   	-147.51		
 52.61   	 -66.12		  3.26   	-127.16		
 52.35   	 -55.95		  2.75   	-116.99		
 52.13   	 -61.04		  2.28   	-111.90		
 51.88   	 -50.86		  1.83   	-116.99		
 51.68   	 -50.86		  1.36   	-127.16		
 51.47   	 -55.95		  0.85   	-127.16		
 51.25   	 -66.12		  0.35   	-127.16		
 50.99   	 -66.12		 -0.16   	-127.16		
 50.72   	 -76.30		 -0.67   	-111.90		
 50.42   	 -81.38		 -1.12   	-101.73		
 50.09   	 -86.47		 -1.53   	 -81.38		
 49.75   	 -81.38		 -1.85   	 -61.04		
 49.42   	 -86.47		 -2.10   	 -40.69		
 49.07   	 -76.30		 -2.26   	 -15.26		
 48.77   	 -71.21		 -2.32(D)	   5.09		
 48.48   	 -71.21		 -2.30   	  25.43		
 48.20   	 -71.21		 -2.20   	  40.69		
 47.91   	 -61.04		 -2.03   	  55.95		
 47.67   	 -50.86		 -1.81   	  66.12		
 47.47   	 -40.69		 -1.55   	  71.21		
 47.30   	 -35.61		 -1.26   	  71.21		
 47.16   	 -40.69		 -0.98   	  71.21		
 47.00   	 -45.78		 -0.69   	  66.12		
 46.82   	 -40.69		 -0.43   	  55.95		
 46.65   	 -40.69		 -0.20   	  50.86		
 46.49   	 -30.52		  0.00   	  40.69		
 46.37   	 -40.69		  0.16   	  30.52		
 46.21   	 -40.69		  0.28   	  20.35		
 46.04   	 -50.86		  0.37   	  10.17		
 45.84   	 -50.86		  0.41   	   0.00		
 45.64   	 -45.78		  0.41   	   0.00		
 45.45   	 -45.78		  0.41   	  -5.09		
 45.27   	 -45.78		  0.39   	  -5.09		
 45.09   	 -50.86		  0.37   	  -5.09		
 44.88   	 -45.78		  0.35   	   0.00		
 44.70   	 -45.78		  0.35   	   0.00		
 44.52   	 -45.78		  0.35   	  10.17		
 44.33   	 -40.69		  0.39   	  10.17		
 44.17   	 -35.61		  0.43   	  15.26		
 44.03   	 -40.69		  0.49   	  20.35		
 43.87   	 -35.61		  0.57   	  25.43		
 43.72   	 -40.69		  0.67   	  30.52		
 43.56   	 -30.52		  0.79   	  30.52		
 43.44   	 -35.61		  0.92   	  35.61		
 43.30   	 -35.61		  1.06   	  30.52		
 43.15   	 -35.61		  1.18   	  35.61		
 43.01   	 -30.52		  1.32   	  35.61		
 42.89   	 -35.61		  1.46   	  30.52		
 42.75   	 -35.61		  1.59   	  30.52		
 42.60   	 -30.52		  1.71   	  20.35		
 42.48   	 -35.61		  1.79   	  25.43		
 42.34   	 -35.61		  1.89   	  20.35		
 42.20   	 -30.52		  1.97   	  20.35		
 42.08   	 -35.61		  2.05   	  20.35		
 41.93   	 -30.52		  2.14   	  15.26		
 41.81   	 -25.43		  2.20   	  25.43		
 41.71   	 -30.52		  2.30   	  20.35		
 41.59   	 -35.61		  2.38   	  25.43		
 41.44   	 -35.61		  2.48   	  25.43		
 41.30   	 -35.61		  2.58   	  35.61		
 41.16   	 -30.52		  2.73   	  35.61		
 41.04   	 -20.35		  2.87   	  40.69		
 40.96   	 -20.35		  3.03   	  40.69		
 40.87   	 -20.35		  3.19   	  45.78		
 40.79   	 -40.69		  3.38   	  50.86		
 40.63   	 -40.69		  3.58(E)	  45.78		
 40.47   	 -25.43		  3.76   	  40.69		
 40.37   	 -20.35		  3.93   	  30.52		
 40.28   	 -25.43		  4.05   	  25.43		
 40.18   	 -35.61		  4.15   	  15.26		
 40.04   	 -45.78		  4.21   	   5.09		
 39.86   	 -35.61		  4.23   	   5.09		
 39.72   	 -30.52		  4.25   	   0.00		
 39.59   	 -25.43		  4.25   	   0.00		
 39.49   	 -20.35		  4.25   	   0.00		
 39.41   	 -25.43		  4.25   	  10.17		
 39.31   	 -35.61		  4.29   	  10.17		
 39.17   	 -30.52		  4.33   	  25.43		
 39.04   	 -15.26		  4.44   	  45.78		
 38.98   	 -15.26		  4.62   	  76.30		
 38.92   	 -10.17		  4.92   	 122.07		
 38.88   	 -20.35		  5.41   	 183.11		
 38.80   	 -25.43		  6.14   	 239.06		
 38.70   	 -25.43		  7.10   	 295.01		
 38.60   	 -25.43		  8.28   	 361.14		
 38.49   	 -20.35		  9.73   	 422.18		
 38.41   	 -20.35		 11.41   	 478.13		
 38.33   	 -25.43		 13.33   	 539.16		
 38.23   	 -20.35		 15.48   	 584.94		
 38.15   	 -45.78		 17.82   	 737.54		
 37.97   	 -35.61		 20.77   	 732.45		
 37.82   	 -25.43		 23.70   	 712.10		
 37.72   	 -15.26		 26.55   	 681.58		
 37.66   	 -15.26		 29.28   	 635.81		
 37.60   	 -30.52		 31.82   	 590.03		
 37.48   	 -35.61		 34.18   	 534.08		
 37.33   	 -25.43		 36.32   	 473.04		
 37.23   	 -25.43		 38.21   	 417.09		
 37.13   	 -15.26		 39.88   	 361.14		
 37.07   	 -20.35		 41.32   	 310.27		
 36.99   	 -15.26		 42.56   	 264.50		
 36.93   	 -25.43		 43.62   	 233.98		
 36.83   	 -30.52		 44.56   	 203.46		
 36.70   	 -30.52		 45.37   	 193.29		
 36.58   	 -25.43		 46.14   	 178.03		
 36.48   	 -20.35		 46.86   	 178.03		
 36.40   	 -20.35		 47.57   	 183.11		
 36.32   	 -25.43		 48.30   	 193.29		
 36.22   	 -20.35		 49.07   	 198.37		
 36.13   	 -25.43		 49.87   	 218.72		
 36.03   	 -20.35		 50.74   	 228.89		
 35.95   	  -5.09		 51.66   	 244.15		
 35.93(D)	  20.35		 52.63   	 259.41		
 36.01   	  50.86		 53.67   	 269.58		
 36.22   	 198.37		 54.75   	 315.36		
 37.01   	 305.19		 56.01   	 315.36		
 38.23   	 417.09		 57.27   	 300.10		
 39.90   	 513.73		 58.47   	 295.01		
 41.95   	 569.68		 59.65   	 274.67		
 44.23   	 584.94		 60.75   	 259.41		
 46.57   	 569.68		 61.79   	 239.06		
 48.85   	 518.82		 62.75   	 213.63		
 50.93   	 452.69		 63.60   	 193.29		
 52.74   	 366.22		 64.37   	 167.85		
 54.20   	 269.58		 65.05   	 147.51		
 55.28   	 172.94		 65.64   	 132.25		
 55.97   	  96.64		 66.16   	 111.90		
 56.36   	  45.78		 66.61   	  96.64		
 56.54   	  20.35		 67.00   	  86.47		
 56.62   	  10.17		 67.34   	  81.38		
 56.66   	  25.43		 67.67   	  66.12		
 56.76   	  45.78		 67.93   	  55.95		
 56.95   	  91.56		 68.16   	  55.95		
 57.31   	 127.16		 68.38   	  50.86		
 57.82   	 157.68		 68.59   	  45.78		
 58.45   	 183.11		 68.77   	  45.78		
 59.19   	 198.37		 68.95   	  45.78		
 59.98   	 203.46		 69.14   	  40.69		
 60.79   	 183.11		 69.30   	  40.69		
 61.53   	 162.77		 69.46   	  40.69		
 62.18   	 132.25		 69.62   	  35.61		
 62.71   	 106.82		 69.77   	  25.43		
 63.13   	  76.30		 69.87   	  15.26		
 63.44   	  45.78		 69.93   	  10.17		
 63.62   	  20.35		 69.97(S)	  -5.09		
 63.70(S)	  -5.09		 69.95   	 -10.17		
 63.68   	 -15.26		 69.91   	 -25.43		
 63.62   	 -25.43		 69.81   	 -30.52		
 63.52   	 -15.26		 69.68   	 -50.86		
 63.46   	  -5.09		 69.48   	 -55.95		
 63.44   	  -5.09		 69.26   	 -66.12		
 63.42   	   0.00		 68.99   	 -81.38		
 63.42   	  -5.09		 68.67   	 -91.56		
 63.40   	   0.00		 68.30   	-101.73		
 63.40   	  15.26		 67.89   	-116.99		
 63.46   	  15.26		 67.43   	-127.16		
 63.52   	  15.26		 66.92   	-142.42		
 63.58   	   5.09		 66.35   	-162.77		
 63.60   	 -10.17		 65.70   	-178.03		
 63.56   	 -20.35		 64.98   	-203.46		
 63.48   	 -15.26		 64.17   	-233.98		
 63.42   	 -25.43		 63.23   	-269.58		
 63.32   	 -40.69		 62.16   	-295.01		
 63.15   	 -50.86		 60.98   	-345.88		
 62.95   	 -55.95		 59.59   	-386.57		
 62.73   	 -55.95		 58.05   	-427.26		
 62.50   	 -61.04		 56.34   	-473.04		
 62.26   	 -61.04		 54.45   	-528.99		
 62.01   	 -61.04		 52.33   	-579.86		
 61.77   	 -61.04		 50.01   	-635.81		
 61.53   	 -61.04		 47.47   	-676.50		
 61.28   	 -61.04		 44.76   	-717.19		
 61.04   	 -61.04		 41.89   	-747.71		
 60.79   	 -71.21		 38.90   	-768.05		
 60.51   	 -81.38		 35.83   	-778.23		
 60.18   	 -86.47		 32.72   	-773.14		
 59.84   	 -86.47		 29.62   	-757.88		
 59.49   	 -91.56		 26.59   	-727.36		
 59.12   	-101.73		 23.68   	-696.84		
 58.72   	-111.90		 20.90   	-645.98		
 58.27   	-122.07		 18.31   	-600.20		
 57.78   	-132.25		 15.91   	-544.25		
 57.25   	-142.42		 13.73   	-488.30		
 56.68   	-142.42		 11.78   	-427.26		
 56.11   	-142.42		 10.07   	-371.31		
 55.54   	-142.42		  8.59   	-315.36		
 54.97   	-137.33		  7.32   	-269.58		
 54.43   	-127.16		  6.25   	-228.89		
 53.92   	-111.90		  5.33   	-193.29		
 53.47   	 -96.64		  4.56   	-157.68		
 53.08   	 -86.47		  3.93   	-137.33		
 52.74   	 -71.21		  3.38   	-127.16		
 52.45   	 -61.04		  2.87   	-122.07		
 52.21   	 -61.04		  2.38   	-116.99		
 51.96   	 -61.04		  1.91   	-127.16		
 51.72   	 -50.86		  1.40   	-127.16		
 51.52   	 -55.95		  0.90   	-137.33		
 51.29   	 -71.21		  0.35   	-137.33		
 51.01   	 -71.21		 -0.20   	-127.16		
 50.72   	 -71.21		 -0.71   	-116.99		
 50.44   	 -71.21		 -1.18   	-101.73		
 50.15   	 -81.38		 -1.59   	 -81.38		
 49.83   	 -86.47		 -1.91   	 -61.04		
 49.48   	 -91.56		 -2.16   	 -35.61		
 49.11   	 -76.30		 -2.30   	 -15.26		
 48.81   	 -61.04		 -2.36(D)	   5.09		
 48.57   	 -61.04		 -2.34   	  20.35		
 48.32   	 -66.12		 -2.26   	  45.78		
 48.06   	 -61.04		 -2.08   	  61.04		
 47.81   	 -55.95		 -1.83   	  66.12		
 47.59   	 -45.78		 -1.57   	  71.21		
 47.41   	 -40.69		 -1.28   	  81.38		
 47.24   	 -35.61		 -0.96   	  76.30		
 47.10   	 -40.69		 -0.65   	  66.12		
 46.94   	 -35.61		 -0.39   	  61.04		
 46.80   	 -45.78		 -0.14   	  50.86		
 46.61   	 -40.69		  0.06   	  40.69		
 46.45   	 -40.69		  0.22   	  25.43		
 46.29   	 -35.61		  0.33   	  20.35		
 46.14   	 -35.61		  0.41   	   5.09		
 46.00   	 -40.69		  0.43   	   0.00		
 45.84   	 -45.78		  0.43   	  -5.09		
 45.66   	 -50.86		  0.41   	 -10.17		
 45.45   	 -45.78		  0.37   	 -10.17		
 45.27   	 -40.69		  0.33   	 -10.17		
 45.11   	 -50.86		  0.28   	  -5.09		
 44.90   	 -50.86		  0.26   	   0.00		
 44.70   	 -50.86		  0.26   	   0.00		
 44.50   	 -45.78		  0.26   	  10.17		
 44.31   	 -45.78		  0.31   	  15.26		
 44.13   	 -40.69		  0.37   	  25.43		
 43.97   	 -35.61		  0.47   	  25.43		
 43.82   	 -40.69		  0.57   	  30.52		
 43.66   	 -35.61		  0.69   	  40.69		
 43.52   	 -30.52		  0.85   	  35.61		
 43.40   	 -30.52		  1.00   	  45.78		
 43.28   	 -25.43		  1.18   	  40.69		
 43.17   	 -30.52		  1.34   	  35.61		
 43.05   	 -30.52		  1.49   	  40.69		
 42.93   	 -30.52		  1.65   	  30.52		
 42.81   	 -35.61		  1.77   	  30.52		
 42.67   	 -30.52		  1.89   	  20.35		
 42.54   	 -35.61		  1.97   	  20.35		
 42.40   	 -35.61		  2.05   	  15.26		
 42.26   	 -35.61		  2.12   	  20.35		
 42.12   	 -35.61		  2.20   	  20.35		
 41.97   	 -30.52		  2.28   	  20.35		
 41.85   	 -35.61		  2.36   	  25.43		
 41.71   	 -35.61		  2.46   	  25.43		
 41.57   	 -40.69		  2.56   	  35.61		
 41.40   	 -30.52		  2.71   	  40.69		
 41.28   	 -20.35		  2.87   	  40.69		
 41.20   	 -20.35		  3.03   	  45.78		
 41.12   	 -30.52		  3.21   	  45.78		
 41.00   	 -35.61		  3.40   	  45.78		
 40.85   	 -25.43		  3.58   	  40.69		
 40.75   	 -25.43		  3.74   	  30.52		
 40.65   	 -25.43		  3.87   	  20.35		
 40.55   	 -35.61		  3.95   	  15.26		
 40.41   	 -30.52		  4.01   	   5.09		
 40.28   	 -30.52		  4.03   	   5.09		
 40.16   	 -30.52		  4.05   	   0.00		
 40.04   	 -30.52		  4.05   	  -5.09		
 39.92   	 -35.61		  4.03(E)	   0.00		
 39.78   	 -30.52		  4.03   	   0.00		
 39.65   	 -25.43		  4.03   	   5.09		
 39.55   	 -30.52		  4.05   	  10.17		
 39.43   	 -25.43		  4.09   	  25.43		
 39.33   	 -30.52		  4.19   	  40.69		
 39.21   	 -25.43		  4.35   	  61.04		
 39.10   	 -25.43		  4.60   	 101.73		
 39.00   	 -20.35		  5.01   	 147.51		
 38.92   	 -20.35		  5.60   	 208.54		
 38.84   	 -15.26		  6.43   	 264.50		
 38.78   	 -20.35		  7.49   	 320.45		
 38.70   	 -15.26		  8.77   	 386.57		
 38.64   	 -25.43		 10.32   	 442.52		
 38.53   	 -25.43		 12.09   	 493.39		
 38.43   	 -25.43		 14.06   	 544.25		
 38.33   	 -25.43		 16.24   	 595.11		
 38.23   	 -30.52		 18.62   	 722.28		
 38.11   	 -35.61		 21.51   	 722.28		
 37.97   	 -30.52		 24.39   	 696.84		
 37.84   	 -30.52		 27.18   	 661.24		
 37.72   	 -30.52		 29.83   	 625.63		
 37.60   	 -20.35		 32.33   	 574.77		
 37.52   	 -15.26		 34.63   	 518.82		
 37.46   	 -25.43		 36.70   	 457.78		
 37.35   	 -25.43		 38.53   	 406.92		
 37.25   	 -25.43		 40.16   	 356.05		
 37.15   	 -20.35		 41.59   	 305.19		
 37.07   	 -15.26		 42.81   	 259.41		
 37.01   	 -15.26		 43.85   	 228.89		
 36.95   	 -30.52		 44.76   	 208.54		
 36.83   	 -25.43		 45.59   	 188.20		
 36.72   	 -25.43		 46.35   	 183.11		
 36.62   	 -20.35		 47.08   	 183.11		
 36.54   	 -20.35		 47.81   	 183.11		
 36.46   	 -30.52		 48.55   	 198.37		
 36.34   	 -30.52		 49.34   	 203.46		
 36.22   	 -30.52		 50.15   	 223.80		
 36.09   	 -10.17		 51.05   	 233.98		
 36.05(D)	   5.09		 51.98   	 244.15		
 36.07   	  20.35		 52.96   	 259.41		
 36.15   	  55.95		 54.00   	 269.58		
 36.38   	 233.98		 55.08   	 315.36		
 37.31   	 345.88		 56.34   	 305.19		
 38.70   	 447.61		 57.56   	 300.10		
 40.49   	 528.99		 58.76   	 289.93		
 42.60   	 569.68		 59.92   	 274.67		
 44.88   	 590.03		 61.02   	 254.32		
 47.24   	 569.68		 62.03   	 233.98		
 49.52   	 513.73		 62.97   	 218.72		
 51.58   	 427.26		 63.85   	 193.29		
 53.29   	 330.62		 64.62   	 172.94		
 54.61   	 233.98		 65.31   	 152.59		
 55.54   	 157.68		 65.92   	 132.25		
 56.17   	  91.56		 66.45   	 111.90		
 56.54   	  40.69		 66.90   	  96.64		
 56.70   	  15.26		 67.28   	  86.47		
 56.76   	  10.17		 67.63   	  71.21		
 56.81   	  35.61		 67.91   	  61.04		
 56.95   	  71.21		 68.16   	  55.95		
 57.23   	 116.99		 68.38   	  45.78		
 57.70   	 147.51		 68.57   	  45.78		
 58.29   	 167.85		 68.75   	  45.78		
 58.96   	 183.11		 68.93   	  45.78		
 59.69   	 193.29		 69.11   	  45.78		
 60.47   	 188.20		 69.30   	  45.78		
 61.22   	 183.11		 69.48   	  40.69		
 61.95   	 162.77		 69.64   	  40.69		
 62.60   	 127.16		 69.81   	  35.61		
 63.11   	  86.47		 69.95   	  30.52		
 63.46   	  61.04		 70.07   	  25.43		
 63.70   	  40.69		 70.17   	  10.17		
 63.87   	  20.35		 70.21(S)	   0.00		
 63.95(S)	   0.00		 70.21   	 -15.26		
 63.95   	 -15.26		 70.15   	 -25.43		
 63.89   	 -15.26		 70.05   	 -35.61		
 63.82   	 -15.26		 69.91   	 -50.86		
 63.76   	 -10.17		 69.70   	 -61.04		
 63.72   	  -5.09		 69.46   	 -71.21		
 63.70   	  -5.09		 69.18   	 -76.30		
 63.68   	   5.09		 68.87   	 -91.56		
 63.70   	  10.17		 68.50   	 -96.64		
 63.74   	   5.09		 68.12   	-106.82		
 63.76   	  10.17		 67.69   	-122.07		
 63.80   	  15.26		 67.20   	-132.25		
 63.87   	  10.17		 66.67   	-152.59		
 63.91   	   5.09		 66.06   	-172.94		
 63.93   	  -5.09		 65.37   	-198.37		
 63.91   	 -25.43		 64.58   	-233.98		
 63.80   	 -30.52		 63.64   	-264.50		
 63.68   	 -35.61		 62.58   	-310.27		
 63.54   	 -30.52		 61.34   	-345.88		
 63.42   	 -45.78		 59.96   	-391.66		
 63.23   	 -66.12		 58.39   	-437.43		
 62.97   	 -71.21		 56.64   	-483.21		
 62.69   	 -71.21		 54.71   	-528.99		
 62.40   	 -66.12		 52.59   	-584.94		
 62.14   	 -55.95		 50.25   	-640.89		
 61.91   	 -61.04		 47.69   	-691.76		
 61.67   	 -71.21		 44.92   	-727.36		
 61.38   	 -76.30		 42.01   	-762.97		
 61.08   	 -76.30		 38.96   	-778.23		
 60.77   	 -66.12		 35.85   	-783.31		
 60.51   	 -66.12		 32.72   	-783.31		
 60.24   	 -86.47		 29.58   	-768.05		
 59.90   	-101.73		 26.51   	-732.45		
 59.49   	-116.99		 23.58   	-696.84		
 59.02   	-116.99		 20.79   	-651.07		
 58.56   	-122.07		 18.19   	-600.20		
 58.07   	-137.33		 15.79   	-539.16		
 57.52   	-142.42		 13.63   	-488.30		
 56.95   	-152.59		 11.68   	-427.26		
 56.34   	-147.51		  9.97   	-366.22		
 55.75   	-142.42		  8.50   	-315.36		
 55.18   	-137.33		  7.24   	-264.50		
 54.63   	-132.25		  6.19   	-223.80		
 54.10   	-116.99		  5.29   	-178.03		
 53.63   	-101.73		  4.58   	-152.59		
 53.22   	 -76.30		  3.97   	-132.25		
 52.92   	 -55.95		  3.44   	-116.99		
 52.70   	 -45.78		  2.97   	-111.90		
 52.51   	 -55.95		  2.52   	-111.90		
 52.29   	 -66.12		  2.08   	-116.99		
 52.02   	 -61.04		  1.61   	-116.99		
 51.78   	 -55.95		  1.14   	-122.07		
 51.56   	 -55.95		  0.65   	-122.07		
 51.33   	 -66.12		  0.16   	-116.99		
 51.07   	 -76.30		 -0.31   	-106.82		
 50.76   	 -91.56		 -0.73   	 -91.56		
 50.40   	 -91.56		 -1.10   	 -71.21		
 50.03   	 -91.56		 -1.38   	 -50.86		
 49.66   	 -71.21		 -1.59   	 -30.52		
 49.38   	 -66.12		 -1.71   	 -10.17		
 49.11   	 -71.21		 -1.75(D)	  10.17		
 48.83   	 -71.21		 -1.71   	  30.52		
 48.55   	 -71.21		 -1.59   	  45.78		
 48.26   	 -55.95		 -1.40   	  50.86		
 48.04   	 -50.86		 -1.20   	  61.04		
 47.83   	 -40.69		 -0.96   	  66.12		
 47.67   	 -40.69		 -0.69   	  66.12		
 47.51   	 -40.69		 -0.43   	  66.12		
 47.34   	 -40.69		 -0.16   	  66.12		
 47.18   	 -30.52		  0.10   	  55.95		
 47.06   	 -30.52		  0.33   	  45.78		
 46.94   	 -25.43		  0.51   	  35.61		
 46.84   	 -40.69		  0.65   	  30.52		
 46.67   	 -40.69		  0.77   	  15.26		
 46.51   	 -50.86		  0.83   	   5.09		
 46.31   	 -45.78		  0.85   	   0.00		
 46.12   	 -50.86		  0.85   	  -5.09		
 45.92   	 -45.78		  0.83   	 -10.17		
 45.74   	 -50.86		  0.79   	 -10.17		
 45.53   	 -45.78		  0.75   	  -5.09		
 45.35   	 -50.86		  0.73   	   0.00		
 45.15   	 -45.78		  0.73   	   5.09		
 44.96   	 -50.86		  0.75   	  15.26		
 44.76   	 -50.86		  0.81   	  20.35		
 44.56   	 -55.95		  0.90   	  25.43		
 44.33   	 -40.69		  1.00   	  30.52		
 44.17   	 -25.43		  1.12   	  35.61		
 44.07   	 -25.43		  1.26   	  40.69		
 43.97   	 -25.43		  1.42   	  40.69		
 43.87   	 -35.61		  1.59   	  40.69		
 43.72   	 -45.78		  1.75   	  45.78		
 43.54   	 -35.61		  1.93   	  35.61		
 43.40   	 -15.26		  2.08   	  35.61		
 43.34   	 -15.26		  2.22   	  35.61		
 43.28   	 -15.26		  2.36   	  25.43		
 43.21   	 -35.61		  2.46   	  20.35		
 43.07   	 -45.78		  2.54   	  20.35		
 42.89   	 -55.95		  2.62   	  20.35		
 42.67   	 -45.78		  2.71   	  20.35		
 42.48   	 -35.61		  2.79   	  20.35		
 42.34   	 -30.52		  2.87   	  20.35		
 42.22   	 -40.69		  2.95   	  25.43		
 42.05   	 -55.95		  3.05   	  20.35		
 41.83   	 -61.04		  3.13   	  30.52		
 41.59   	 -45.78		  3.26   	  30.52		
 41.40   	 -25.43		  3.38   	  30.52		
 41.30   	 -10.17		  3.50   	  25.43		
 41.26   	 -15.26		  3.60   	  30.52		
 41.20   	 -40.69		  3.72   	  25.43		
 41.04   	 -45.78		  3.83   	  30.52		
 40.85   	  15.26		  3.95   	  35.61		
 40.92   	   5.09		  4.09   	  30.52		
 40.94   	 -10.17		  4.21   	  35.61		
 40.90   	 -30.52		  4.35   	  30.52		
 40.77   	 -30.52		  4.48   	  30.52		
 40.65   	 -30.52		  4.60   	  20.35		
 40.53   	 -30.52		  4.68(E)	  20.35		
 40.41   	 -30.52		  4.76   	  20.35		
 40.28   	 -20.35		  4.84   	  10.17		
 40.20   	 -15.26		  4.88   	  10.17		
 40.14   	 -30.52		  4.92   	  10.17		
 40.02   	 -50.86		  4.96   	  10.17		
 39.82   	 -40.69		  5.01   	  20.35		
 39.65   	 -10.17		  5.09   	  40.69		
 39.61   	  20.35		  5.25   	  61.04		
 39.69   	  20.35		  5.49   	 106.82		
 39.78   	  -5.09		  5.92   	 162.77		
 39.76   	 -25.43		  6.57   	 213.63		
 39.65   	 -15.26		  7.43   	 274.67		
 39.59   	 -10.17		  8.52   	 340.79		
 39.55   	 -10.17		  9.89   	 406.92		
 39.51   	 -10.17		 11.52   	 462.87		
 39.47   	 -30.52		 13.37   	 518.82		
 39.35   	 -40.69		 15.44   	 569.68		
 39.19   	 -55.95		 17.72   	 605.29		
 38.96   	 -40.69		 20.14   	 737.54		
 38.80   	 -25.43		 23.09   	 717.19		
 38.70   	 -30.52		 25.96   	 696.84		
 38.58   	 -61.04		 28.75   	 661.24		
 38.33   	 -81.38		 31.39   	 615.46		
 38.01   	 -66.12		 33.86   	 564.60		
 37.74   	 -35.61		 36.11   	 508.65		
 37.60   	 -25.43		 38.15   	 442.52		
 37.50   	 -35.61		 39.92   	 386.57		
 37.35   	 -45.78		 41.46   	 330.62		
 37.17   	 -50.86		 42.79   	 279.75		
 36.97   	 -35.61		 43.91   	 244.15		
 36.83   	 -10.17		 44.88   	 208.54		
 36.79   	 -15.26		 45.72   	 193.29		
 36.72   	 -30.52		 46.49   	 183.11		
 36.60   	 -35.61		 47.22   	 178.03		
 36.46   	 -15.26		 47.93   	 178.03		
 36.40(D)	   0.00		 48.65   	 193.29		
 36.40   	  10.17		 49.42   	 203.46		
 36.44   	  10.17		 50.23   	 213.63		
 36.48   	   0.00		 51.09   	 233.98		
 36.48   	 -10.17		 52.02   	 244.15		
 36.44   	  15.26		 53.00   	 259.41		
 36.50   	  61.04		 54.04   	 269.58		
 36.74   	 132.25		 55.12   	 274.67		
 37.27   	 330.62		 56.22   	 305.19		
 38.60   	 427.26		 57.44   	 300.10		
 40.31   	 518.82		 58.64   	 284.84		
 42.38   	 584.94		 59.78   	 269.58		
 44.72   	 600.20		 60.85   	 249.24		
 47.12   	 574.77		 61.85   	 228.89		
 49.42   	 518.82		 62.77   	 213.63		
 51.50   	 447.61		 63.62   	 188.20		
 53.29   	 356.05		 64.37   	 172.94		
 54.71   	 264.50		 65.07   	 152.59		
 55.77   	 172.94		 65.68   	 137.33		
 56.46   	 106.82		 66.23   	 122.07		
 56.89   	  61.04		 66.71   	 106.82		
 57.13   	  35.61		 67.14   	  91.56		
 57.27   	  30.52		 67.51   	  86.47		
 57.40   	  45.78		 67.85   	  81.38		
 57.58   	  76.30		 68.18   	  71.21		
 57.88   	 106.82		 68.46   	  66.12		
 58.31   	 147.51		 68.73   	  66.12		
 58.90   	 183.11		 68.99   	  61.04		
 59.63   	 198.37		 69.24   	  61.04		
 60.43   	 198.37		 69.48   	  55.95		
 61.22   	 183.11		 69.70   	  50.86		
 61.95   	 178.03		 69.91   	  45.78		
 62.67   	 167.85		 70.09   	  35.61		
 63.34   	 147.51		 70.23   	  30.52		
 63.93   	 111.90		 70.36   	  20.35		
 64.37   	  71.21		 70.44   	  15.26		
 64.66   	  40.69		 70.50(S)	   0.00		
 64.82   	  10.17		 70.50   	 -10.17		
 64.86   	 -10.17		 70.46   	 -20.35		
 64.82   	 -15.26		 70.38   	 -30.52		
 64.76   	 -20.35		 70.25   	 -40.69		
 64.68   	 -15.26		 70.09   	 -55.95		
 64.62   	 -10.17		 69.87   	 -61.04		
 64.58   	  -5.09		 69.62   	 -66.12		
 64.56   	   5.09		 69.36   	 -71.21		
 64.58   	   5.09		 69.07   	 -81.38		
 64.60   	  15.26		 68.75   	 -81.38		
 64.66   	  15.26		 68.42   	 -96.64		
 64.72   	  15.26		 68.04   	-101.73		
 64.78   	  15.26		 67.63   	-116.99		
 64.84   	  10.17		 67.16   	-132.25		
 64.88(S)	   0.00		 66.63   	-157.68		
 64.88   	 -25.43		 66.00   	-188.20		
 64.78   	 -40.69		 65.25   	-218.72		
 64.62   	 -40.69		 64.37   	-254.32		
 64.46   	 -40.69		 63.36   	-295.01		
 64.29   	 -45.78		 62.18   	-340.79		
 64.11   	 -61.04		 60.81   	-391.66		
 63.87   	 -71.21		 59.25   	-437.43		
 63.58   	 -66.12		 57.50   	-488.30		
 63.32   	 -50.86		 55.54   	-534.08		
 63.11   	 -50.86		 53.41   	-595.11		
 62.91   	 -55.95		 51.03   	-640.89		
 62.69   	 -55.95		 48.46   	-686.67		
 62.46   	 -66.12		 45.72   	-722.28		
 62.20   	 -66.12		 42.83   	-752.79		
 61.93   	 -66.12		 39.82   	-768.05		
 61.67   	 -71.21		 36.74   	-773.14		
 61.38   	 -76.30		 33.65   	-768.05		
 61.08   	 -91.56		 30.58   	-757.88		
 60.71   	 -91.56		 27.55   	-722.28		
 60.35   	-106.82		 24.66   	-686.67		
 59.92   	-116.99		 21.91   	-645.98		
 59.45   	-132.25		 19.33   	-595.11		
 58.92   	-137.33		 16.95   	-544.25		
 58.37   	-152.59		 14.77   	-488.30		
 57.76   	-152.59		 12.82   	-432.35		
 57.15   	-157.68		 11.09   	-381.48		
 56.52   	-157.68		  9.56   	-330.62		
 55.89   	-157.68		  8.24   	-279.75		
 55.26   	-132.25		  7.12   	-239.06		
 54.73   	-116.99		  6.16   	-198.37		
 54.26   	 -96.64		  5.37   	-172.94		
 53.88   	 -71.21		  4.68   	-147.51		
 53.59   	 -71.21		  4.09   	-127.16		
 53.31   	 -76.30		  3.58   	-111.90		
 53.00   	 -71.21		  3.13   	-101.73		
 52.72   	 -61.04		  2.73   	 -96.64		
 52.47   	 -45.78		  2.34   	 -91.56		
 52.29   	 -40.69		  1.97   	 -96.64		
 52.13   	 -50.86		  1.59   	 -86.47		
 51.92   	 -66.12		  1.24   	 -81.38		
 51.66   	 -76.30		  0.92   	 -71.21		
 51.35   	 -81.38		  0.63   	 -66.12		
 51.03   	 -81.38		  0.37   	 -50.86		
 50.70   	 -76.30		  0.16   	 -35.61		
 50.40   	 -76.30		  0.02   	 -25.43		
 50.09   	 -71.21		 -0.08   	 -15.26		
 49.81   	 -76.30		 -0.14(D)	   0.00		
 49.50   	 -86.47		 -0.14   	  15.26		
 49.16   	 -76.30		 -0.08   	  30.52		
 48.85   	 -50.86		  0.04   	  35.61		
 48.65   	 -35.61		  0.18   	  45.78		
 48.50   	 -45.78		  0.37   	  50.86		
 48.32   	 -50.86		  0.57   	  55.95		
 48.12   	 -55.95		  0.79   	  55.95		
 47.89   	 -35.61		  1.02   	  45.78		
 47.75   	 -25.43		  1.20   	  45.78		
 47.65   	 -25.43		  1.38   	  35.61		
 47.55   	 -35.61		  1.53   	  20.35		
 47.41   	 -35.61		  1.61   	  20.35		
 47.26   	 -45.78		  1.69   	   5.09		
 47.08   	 -35.61		  1.71   	   5.09		
 46.94   	 -25.43		  1.73   	  -5.09		
 46.84   	 -25.43		  1.71   	  -5.09		
 46.73   	 -30.52		  1.69   	  -5.09		
 46.61   	 -40.69		  1.67   	  -5.09		
 46.45   	 -45.78		  1.65   	  -5.09		
 46.27   	 -35.61		  1.63   	   5.09		
 46.12   	 -30.52		  1.65   	   5.09		
 46.00   	 -30.52		  1.67   	  10.17		
 45.88   	 -35.61		  1.71   	  15.26		
 45.74   	 -45.78		  1.77   	  20.35		
 45.55   	 -50.86		  1.85   	  30.52		
 45.35   	 -61.04		  1.97   	  30.52		
 45.11   	 -66.12		  2.10   	  30.52		
 44.84   	 -50.86		  2.22   	  30.52		
 44.64   	 -35.61		  2.34   	  25.43		
 44.50   	 -35.61		  2.44   	  30.52		
 44.35   	 -50.86		  2.56   	  30.52		
 44.15   	 -66.12		  2.69   	  25.43		
 43.89   	 -61.04		  2.79   	  25.43		
 43.64   	 -45.78		  2.89   	  20.35		
 43.46   	 -30.52		  2.97   	  20.35		
 43.34   	 -30.52		  3.05   	  15.26		
 43.21   	 -45.78		  3.11   	  20.35		
 43.03   	 -55.95		  3.19   	  15.26		
 42.81   	 -45.78		  3.26   	  15.26		
 42.62   	 -30.52		  3.32   	  15.26		
 42.50   	 -25.43		  3.38   	  15.26		
 42.40   	 -30.52		  3.44   	  20.35		
 42.28   	 -30.52		  3.52   	  20.35		
 42.16   	 -30.52		  3.60   	  25.43		
 42.03   	 -30.52		  3.70   	  25.43		
 41.91   	 -30.52		  3.80   	  25.43		
 41.79   	 -25.43		  3.91   	  30.52		
 41.69   	 -20.35		  4.03   	  30.52		
 41.61   	 -10.17		  4.15   	  35.61		
 41.57   	   0.00		  4.29   	  30.52		
 41.57   	 -30.52		  4.42   	  40.69		
 41.44   	 -35.61		  4.58(E)	  30.52		
 41.30   	 -30.52		  4.70   	  30.52		
 41.18   	 -15.26		  4.82   	  25.43		
 41.12   	 -15.26		  4.92   	  15.26		
 41.06   	 -30.52		  4.98   	  10.17		
 40.94   	 -35.61		  5.03   	   0.00		
 40.79   	 -45.78		  5.03   	   0.00		
 40.61   	 -40.69		  5.03   	   0.00		
 40.45   	 -35.61		  5.03   	   0.00		
 40.31   	 -40.69		  5.03   	   5.09		
 40.14   	 -40.69		  5.05   	   5.09		
 39.98   	 -45.78		  5.07   	  20.35		
 39.80   	 -30.52		  5.15   	  30.52		
 39.67   	 -15.26		  5.27   	  50.86		
 39.61   	 -20.35		  5.47   	  71.21		
 39.53   	 -20.35		  5.76   	 111.90		
 39.45   	 -20.35		  6.21   	 157.68		
 39.37   	 -20.35		  6.84   	 203.46		
 39.29   	 -15.26		  7.65   	 259.41		
 39.23   	  -5.09		  8.69   	 325.53		
 39.21   	  -5.09		  9.99   	 381.48		
 39.19   	 -15.26		 11.52   	 427.26		
 39.12   	 -20.35		 13.22   	 478.13		
 39.04   	 -20.35		 15.14   	 534.08		
 38.96   	 -30.52		 17.27   	 671.41		
 38.84   	 -30.52		 19.96   	 686.67		
 38.72   	 -30.52		 22.71   	 681.58		
 38.60   	 -30.52		 25.43   	 666.32		
 38.47   	 -25.43		 28.10   	 640.89		
 38.37   	 -15.26		 30.66   	 605.29		
 38.31   	 -20.35		 33.08   	 559.51		
 38.23   	 -30.52		 35.32   	 508.65		
 38.11   	 -40.69		 37.35   	 452.69		
 37.94   	 -40.69		 39.17   	 396.74		
 37.78   	 -25.43		 40.75   	 340.79		
 37.68   	 -10.17		 42.12   	 300.10		
 37.64   	 -15.26		 43.32   	 259.41		
 37.58   	 -30.52		 44.35   	 228.89		
 37.46   	 -30.52		 45.27   	 203.46		
 37.33   	 -35.61		 46.08   	 188.20		
 37.19   	 -20.35		 46.84   	 178.03		
 37.11   	 -15.26		 47.55   	 178.03		
 37.05   	 -20.35		 48.26   	 188.20		
 36.97   	 -20.35		 49.01   	 188.20		
 36.89   	 -20.35		 49.77   	 203.46		
 36.81   	 -15.26		 50.58   	 213.63		
 36.74(D)	   5.09		 51.43   	 228.89		
 36.76   	  30.52		 52.35   	 228.89		
 36.89   	  76.30		 53.27   	 244.15		
 37.19   	 259.41		 54.24   	 284.84		
 38.23   	 366.22		 55.38   	 274.67		
 39.69   	 478.13		 56.48   	 269.58		
 41.61   	 559.51		 57.56   	 259.41		
 43.85   	 605.29		 58.60   	 249.24		
 46.27   	 590.03		 59.59   	 228.89		
 48.63   	 559.51		 60.51   	 213.63		
 50.86   	 503.56		 61.36   	 198.37		
 52.88   	 417.09		 62.16   	 178.03		
 54.55   	 325.53		 62.87   	 167.85		
 55.85   	 228.89		 63.54   	 147.51		
 56.76   	 142.42		 64.13   	 132.25		
 57.33   	  76.30		 64.66   	 116.99		
 57.64   	  45.78		 65.13   	 106.82		
 57.82   	  25.43		 65.55   	  91.56		
 57.92   	  30.52		 65.92   	  81.38		
 58.05   	  55.95		 66.25   	  71.21		
 58.27   	  96.64		 66.53   	  66.12		
 58.66   	 132.25		 66.80   	  61.04		
 59.19   	 157.68		 67.04   	  50.86		
 59.82   	 178.03		 67.24   	  50.86		
 60.53   	 193.29		 67.45   	  40.69		
 61.30   	 203.46		 67.61   	  35.61		
 62.12   	 198.37		 67.75   	  30.52		
 62.91   	 178.03		 67.87   	  20.35		
 63.62   	 147.51		 67.95   	  20.35		
 64.21   	 111.90		 68.04   	   5.09		
 64.66   	  86.47		 68.06(S)	  -5.09		
 65.00   	  50.86		 68.04   	 -10.17		
 65.21   	  30.52		 68.00   	 -20.35		
 65.33   	  10.17		 67.91   	 -25.43		
 65.37   	   0.00		 67.81   	 -35.61		
 65.37   	 -10.17		 67.67   	 -40.69		
 65.33   	 -20.35		 67.51   	 -45.78		
 65.25   	 -15.26		 67.32   	 -55.95		
 65.19   	 -10.17		 67.10   	 -61.04		
 65.15   	   0.00		 66.86   	 -76.30		
 65.15   	  15.26		 66.55   	 -81.38		
 65.21   	  15.26		 66.23   	 -96.64		
 65.27   	  20.35		 65.84   	-111.90		
 65.35   	  15.26		 65.39   	-127.16		
 65.41   	  10.17		 64.88   	-142.42		
 65.45   	   5.09		 64.31   	-162.77		
 65.47(S)	  -5.09		 63.66   	-188.20		
 65.45   	  -5.09		 62.91   	-218.72		
 65.43   	 -10.17		 62.03   	-249.24		
 65.39   	 -20.35		 61.04   	-300.10		
 65.31   	 -40.69		 59.84   	-345.88		
 65.15   	 -55.95		 58.45   	-391.66		
 64.92   	 -66.12		 56.89   	-442.52		
 64.66   	 -71.21		 55.12   	-498.47		
 64.37   	 -66.12		 53.12   	-554.42		
 64.11   	 -71.21		 50.91   	-610.37		
 63.82   	 -71.21		 48.46   	-666.32		
 63.54   	 -76.30		 45.80   	-717.19		
 63.23   	 -71.21		 42.93   	-747.71		
 62.95   	 -71.21		 39.94   	-778.23		
 62.67   	 -61.04		 36.83   	-788.40		
 62.42   	 -66.12		 33.67   	-788.40		
 62.16   	 -76.30		 30.52   	-768.05		
 61.85   	 -76.30		 27.45   	-747.71		
 61.55   	 -76.30		 24.46   	-712.10		
 61.24   	 -86.47		 21.61   	-661.24		
 60.89   	-101.73		 18.96   	-615.46		
 60.49   	-111.90		 16.50   	-559.51		
 60.04   	-122.07		 14.26   	-498.47		
 59.55   	-137.33		 12.27   	-437.43		
 59.00   	-142.42		 10.52   	-381.48		
 58.43   	-157.68		  8.99   	-320.45		
 57.80   	-157.68		  7.71   	-269.58		
 57.17   	-162.77		  6.63   	-218.72		
 56.52   	-152.59		  5.76   	-178.03		
 55.91   	-147.51		  5.05   	-147.51		
 55.32   	-132.25		  4.46   	-111.90		
 54.79   	-122.07		  4.01   	 -96.64		
 54.30   	-106.82		  3.62   	 -71.21		
 53.88   	 -86.47		  3.34   	 -61.04		
 53.53   	 -71.21		  3.09   	 -55.95		
 53.24   	 -61.04		  2.87   	 -50.86		
 53.00   	 -50.86		  2.67   	 -66.12		
 52.80   	 -55.95		  2.40   	 -76.30		
 52.57   	 -50.86		  2.10   	 -86.47		
 52.37   	 -61.04		  1.75   	 -96.64		
 52.13   	 -71.21		  1.36   	-111.90		
 51.84   	 -71.21		  0.92   	-111.90		
 51.56   	 -71.21		  0.47   	-111.90		
 51.27   	 -76.30		  0.02   	-111.90		
 50.97   	 -81.38		 -0.43   	 -91.56		
 50.64   	 -86.47		 -0.79   	 -81.38		
 50.29   	 -81.38		 -1.12   	 -66.12		
 49.97   	 -81.38		 -1.38   	 -40.69		
 49.64   	 -76.30		 -1.55   	 -25.43		
 49.34   	 -66.12		 -1.65(D)	   5.09		
 49.07   	 -61.04		 -1.63   	  20.35		
 48.83   	 -45.78		 -1.55   	  40.69		
 48.65   	 -45.78		 -1.38   	  50.86		
 48.46   	 -45.78		 -1.18   	  66.12		
 48.28   	 -45.78		 -0.92   	  76.30		
 48.10   	 -40.69		 -0.61   	  76.30		
 47.93   	 -35.61		 -0.31   	  71.21		
 47.79   	 -25.43		 -0.02   	  76.30		
 47.69   	 -25.43		  0.28   	  61.04		
 47.59   	 -40.69		  0.53   	  55.95		
 47.43   	 -40.69		  0.75   	  40.69		
 47.26   	 -45.78		  0.92   	  30.52		
 47.08   	 -40.69		  1.04   	  20.35		
 46.92   	 -40.69		  1.12   	  10.17		
 46.75   	 -45.78		  1.16   	   0.00		
 46.57   	 -55.95		  1.16   	   0.00		
 46.35   	 -55.95		  1.16   	  -5.09		
 46.12   	 -50.86		  1.14   	 -10.17		
 45.92   	 -50.86		  1.10   	  -5.09		
 45.72   	 -55.95		  1.08   	  -5.09		
 45.49   	 -45.78		  1.06   	  -5.09		
 45.31   	 -45.78		  1.04   	   0.00		
 45.13   	 -45.78		  1.04   	   0.00		
 44.94   	 -55.95		  1.04   	  10.17		
 44.72   	 -45.78		  1.08   	  10.17		
 44.54   	 -40.69		  1.12   	  15.26		
 44.37   	 -30.52		  1.18   	  25.43		
 44.25   	 -30.52		  1.28   	  20.35		
 44.13   	 -35.61		  1.36   	  30.52		
 43.99   	 -35.61		  1.49   	  30.52		
 43.85   	 -30.52		  1.61   	  30.52		
 43.72   	 -30.52		  1.73   	  30.52		
 43.60   	 -30.52		  1.85   	  30.52		
 43.48   	 -30.52		  1.97   	  30.52		
 43.36   	 -35.61		  2.10   	  30.52		
 43.21   	 -40.69		  2.22   	  25.43		
 43.05   	 -30.52		  2.32   	  25.43		
 42.93   	 -35.61		  2.42   	  25.43		
 42.79   	 -35.61		  2.52   	  20.35		
 42.64   	 -40.69		  2.60   	  20.35		
 42.48   	 -30.52		  2.69   	  20.35		
 42.36   	 -30.52		  2.77   	  20.35		
 42.24   	 -25.43		  2.85   	  15.26		
 42.14   	 -30.52		  2.91   	  15.26		
 42.01   	 -35.61		  2.97   	  15.26		
 41.87   	 -30.52		  3.03   	  15.26		
 41.75   	 -30.52		  3.09   	  15.26		
 41.63   	 -20.35		  3.15   	  15.26		
 41.55   	 -25.43		  3.21   	  20.35		
 41.44   	 -35.61		  3.30   	  25.43		
 41.30   	 -35.61		  3.40(E)	  25.43		
 41.16   	 -30.52		  3.50   	  25.43		
 41.04   	 -30.52		  3.60   	  20.35		
 40.92   	 -30.52		  3.68   	  15.26		
 40.79   	 -30.52		  3.74   	  15.26		
 40.67   	 -40.69		  3.80   	  15.26		
 40.51   	 -30.52		  3.87   	   5.09		
 40.39   	 -25.43		  3.89   	   5.09		
 40.28   	 -30.52		  3.91   	   5.09		
 40.16   	 -30.52		  3.93   	   5.09		
 40.04   	 -35.61		  3.95   	  10.17		
 39.90   	 -25.43		  3.99   	  15.26		
 39.80   	 -20.35		  4.05   	  30.52		
 39.72   	 -25.43		  4.17   	  45.78		
 39.61   	 -25.43		  4.35   	  76.30		
 39.51   	 -20.35		  4.66   	 101.73		
 39.43   	 -20.35		  5.07   	 147.51		
 39.35   	 -20.35		  5.66   	 213.63		
 39.27   	 -25.43		  6.51   	 274.67		
 39.17   	 -25.43		  7.61   	 340.79		
 39.06   	 -20.35		  8.97   	 406.92		
 38.98   	 -25.43		 10.60   	 442.52		
 38.88   	 -30.52		 12.37   	 488.30		
 38.76   	 -30.52		 14.32   	 539.16		
 38.64   	 -25.43		 16.48   	 691.76		
 38.53   	 -30.52		 19.25   	 696.84		
 38.41   	 -25.43		 22.03   	 691.76		
 38.31   	 -30.52		 24.80   	 661.24		
 38.19   	 -35.61		 27.45   	 635.81		
 38.05   	 -30.52		 29.99   	 590.03		
 37.92   	 -20.35		 32.35   	 544.25		
 37.84   	 -20.35		 34.53   	 488.30		
 37.76   	 -25.43		 36.48   	 437.43		
 37.66   	 -25.43		 38.23   	 376.40		
 37.56   	 -25.43		 39.74   	 330.62		
 37.46   	 -25.43		 41.06   	 279.75		
 37.35   	 -20.35		 42.18   	 249.24		
 37.27   	 -20.35		 43.17   	 218.72		
 37.19   	 -20.35		 44.05   	 198.37		
 37.11   	 -25.43		 44.84   	 183.11		
 37.01   	 -25.43		 45.57   	 178.03		
 36.91   	 -35.61		 46.29   	 178.03		
 36.76   	 -25.43		 47.00   	 183.11		
 36.66   	 -25.43		 47.73   	 188.20		
 36.56   	 -25.43		 48.48   	 208.54		
 36.46   	 -15.26		 49.32   	 213.63		
 36.40   	 -10.17		 50.17   	 228.89		
 36.36(D)	  15.26		 51.09   	 239.06		
 36.42   	  40.69		 52.04   	 249.24		
 36.58   	 193.29		 53.04   	 284.84		
 37.35   	 300.10		 54.18   	 284.84		
 38.56   	 412.00		 55.32   	 279.75		
 40.20   	 503.56		 56.44   	 269.58		
 42.22   	 564.60		 57.52   	 254.32		
 44.48   	 584.94		 58.53   	 244.15		
 46.82   	 574.77		 59.51   	 223.80		
 49.11   	 534.08		 60.41   	 203.46		
 51.25   	 457.78		 61.22   	 188.20		
 53.08   	 371.31		 61.97   	 162.77		
 54.57   	 274.67		 62.62   	 142.42		
 55.67   	 183.11		 63.19   	 127.16		
 56.40   	 101.73		 63.70   	 106.82		
 56.81   	  45.78		 64.13   	  96.64		
 56.99   	   5.09		 64.52   	  81.38		
 57.01   	   0.00		 64.84   	  71.21		
 57.01   	  25.43		 65.13   	  61.04		
 57.11   	  50.86		 65.37   	  55.95		
 57.31   	  86.47		 65.59   	  50.86		
 57.66   	 122.07		 65.80   	  50.86		
 58.15   	 147.51		 66.00   	  45.78		
 58.74   	 172.94		 66.18   	  40.69		
 59.43   	 198.37		 66.35   	  40.69		
 60.22   	 198.37		 66.51   	  35.61		
 61.02   	 188.20		 66.65   	  30.52		
 61.77   	 167.85		 66.77   	  25.43		
 62.44   	 137.33		 66.88   	  15.26		
 62.99   	 106.82		 66.94   	   5.09		
 63.42   	  76.30		 66.96(S)	   0.00		
 63.72   	  50.86		 66.96   	 -10.17		
 63.93   	  25.43		 66.92   	 -20.35		
 64.03(S)	  -5.09		 66.84   	 -25.43		
 64.01   	 -15.26		 66.73   	 -35.61		
 63.95   	 -15.26		 66.59   	 -40.69		
 63.89   	 -20.35		 66.43   	 -45.78		
 63.80   	 -20.35		 66.25   	 -61.04		
 63.72   	 -15.26		 66.00   	 -66.12		
 63.66   	   0.00		 65.74   	 -81.38		
 63.66   	   5.09		 65.41   	 -86.47		
 63.68   	   5.09		 65.07   	-101.73		
 63.70   	  10.17		 64.66   	-116.99		
 63.74   	  15.26		 64.19   	-127.16		
 63.80   	  15.26		 63.68   	-147.51		
 63.87   	  10.17		 63.09   	-172.94		
 63.91   	   0.00		 62.40   	-198.37		
 63.91   	 -10.17		 61.61   	-233.98		
 63.87   	 -15.26		 60.67   	-279.75		
 63.80   	 -30.52		 59.55   	-315.36		
 63.68   	 -40.69		 58.29   	-361.14		
 63.52   	 -55.95		 56.85   	-417.09		
 63.30   	 -61.04		 55.18   	-462.87		
 63.05   	 -61.04		 53.33   	-508.65		
 62.81   	 -66.12		 51.29   	-559.51		
 62.54   	 -66.12		 49.05   	-620.55		
 62.28   	 -66.12		 46.57   	-666.32		
 62.01   	 -66.12		 43.91   	-701.93		
 61.75   	 -61.04		 41.10   	-737.54		
 61.51   	 -61.04		 38.15   	-757.88		
 61.26   	 -61.04		 35.12   	-768.05		
 61.02   	 -71.21		 32.04   	-762.97		
 60.73   	 -76.30		 28.99   	-752.79		
 60.43   	 -86.47		 25.98   	-727.36		
 60.08   	 -86.47		 23.07   	-696.84		
 59.74   	 -91.56		 20.28   	-651.07		
 59.37   	-111.90		 17.68   	-600.20		
 58.92   	-127.16		 15.28   	-549.34		
 58.41   	-137.33		 13.08   	-488.30		
 57.86   	-137.33		 11.13   	-432.35		
 57.31   	-132.25		  9.40   	-366.22		
 56.79   	-147.51		  7.93   	-315.36		
 56.20   	-152.59		  6.67   	-264.50		
 55.58   	-152.59		  5.62   	-218.72		
 54.97   	-132.25		  4.74   	-172.94		
 54.45   	-116.99		  4.05   	-142.42		
 53.98   	-101.73		  3.48   	-116.99		
 53.57   	 -91.56		  3.01   	 -91.56		
 53.20   	 -81.38		  2.64   	 -76.30		
 52.88   	 -66.12		  2.34   	 -71.21		
 52.61   	 -55.95		  2.05   	 -71.21		
 52.39   	 -50.86		  1.77   	 -66.12		
 52.19   	 -55.95		  1.51   	 -76.30		
 51.96   	 -55.95		  1.20   	 -81.38		
 51.74   	 -66.12		  0.87   	 -91.56		
 51.47   	 -71.21		  0.51   	 -96.64		
 51.19   	 -71.21		  0.12   	-106.82		
 50.91   	 -71.21		 -0.31   	-106.82		
 50.62   	 -81.38		 -0.73   	-111.90		
 50.29   	 -91.56		 -1.18   	-101.73		
 49.93   	 -91.56		 -1.59   	 -86.47		
 49.56   	 -81.38		 -1.93   	 -71.21		
 49.24   	 -71.21		 -2.22   	 -50.86		
 48.95   	 -66.12		 -2.42   	 -25.43		
 48.69   	 -61.04		 -2.52   	 -10.17		
 48.44   	 -66.12		 -2.56(D)	  20.35		
 48.18   	 -55.95		 -2.48   	  35.61		
 47.96   	 -45.78		 -2.34   	  50.86		
 47.77   	 -30.52		 -2.14   	  71.21		
 47.65   	 -35.61		 -1.85   	  86.47		
 47.51   	 -35.61		 -1.51   	  91.56		
 47.37   	 -40.69		 -1.14   	  91.56		
 47.20   	 -35.61		 -0.77   	  91.56		
 47.06   	 -35.61		 -0.41   	  86.47		
 46.92   	 -35.61		 -0.06   	  76.30		
 46.77   	 -35.61		  0.24   	  61.04		
 46.63   	 -45.78		  0.49   	  50.86		
 46.45   	 -50.86		  0.69   	  40.69		
 46.25   	 -55.95		  0.85   	  20.35		
 46.02   	 -50.86		  0.94   	  10.17		
 45.82   	 -50.86		  0.98   	   0.00		
 45.62   	 -55.95		  0.98   	  -5.09		
 45.39   	 -40.69		  0.96   	 -10.17		
 45.23   	 -45.78		  0.92   	 -10.17		
 45.05   	 -45.78		  0.87   	 -10.17		
 44.86   	 -45.78		  0.83   	 -10.17		
 44.68   	 -45.78		  0.79   	  -5.09		
 44.50   	 -35.61		  0.77   	   5.09		
 44.35   	 -30.52		  0.79   	   5.09		
 44.23   	 -30.52		  0.81   	  10.17		
 44.11   	 -35.61		  0.85   	  10.17		
 43.97   	 -35.61		  0.90   	  20.35		
 43.82   	 -40.69		  0.98   	  20.35		
 43.66   	 -35.61		  1.06   	  25.43		
 43.52   	 -35.61		  1.16   	  30.52		
 43.38   	 -30.52		  1.28   	  25.43		
 43.26   	 -35.61		  1.38   	  30.52		
 43.11   	 -40.69		  1.51   	  20.35		
 42.95   	 -40.69		  1.59   	  25.43		
 42.79   	 -30.52		  1.69   	  25.43		
 42.67   	 -30.52		  1.79   	  20.35		
 42.54   	 -35.61		  1.87   	  25.43		
 42.40   	 -30.52		  1.97   	  25.43		
 42.28   	 -35.61		  2.08   	  35.61		
 42.14   	 -35.61		  2.22   	  30.52		
 41.99   	 -35.61		  2.34   	  35.61		
 41.85   	 -25.43		  2.48   	  35.61		
 41.75   	 -30.52		  2.62   	  40.69		
 41.63   	 -30.52		  2.79   	  40.69		
 41.51   	 -30.52		  2.95   	  35.61		
 41.38   	 -30.52		  3.09   	  40.69		
 41.26   	 -25.43		  3.26   	  35.61		
 41.16   	 -25.43		  3.40   	  25.43		
 41.06   	 -30.52		  3.50   	  25.43		
 40.94   	 -35.61		  3.60(E)	  15.26		
 40.79   	 -35.61		  3.66   	  15.26		
 40.65   	 -30.52		  3.72   	  10.17		
 40.53   	 -30.52		  3.76   	  10.17		
 40.41   	 -35.61		  3.80   	  10.17		
 40.26   	 -30.52		  3.85   	  10.17		
 40.14   	 -35.61		  3.89   	   5.09		
 40.00   	 -35.61		  3.91   	  10.17		
 39.86   	 -30.52		  3.95   	  10.17		
 39.74   	 -30.52		  3.99   	  15.26		
 39.61   	 -30.52		  4.05   	  20.35		
 39.49   	 -15.26		  4.13   	  30.52		
 39.43   	  -5.09		  4.25   	  35.61		
 39.41   	 -15.26		  4.39   	  61.04		
 39.35   	 -25.43		  4.64   	  86.47		
 39.25   	 -30.52		  4.98   	 132.25		
 39.12   	 -20.35		  5.51   	 188.20		
 39.04   	 -15.26		  6.27   	 249.24		
 38.98   	 -15.26		  7.26   	 305.19		
 38.92   	 -25.43		  8.48   	 361.14		
 38.82   	 -30.52		  9.93   	 427.26		
 38.70   	 -35.61		 11.64   	 467.95		
 38.56   	 -30.52		 13.51   	 528.99		
 38.43   	 -25.43		 15.63   	 574.77		
 38.33   	 -25.43		 17.92   	 712.10		
 38.23   	 -35.61		 20.77   	 717.19		
 38.09   	 -30.52		 23.64   	 696.84		
 37.97   	 -35.61		 26.43   	 671.41		
 37.82   	 -20.35		 29.11   	 630.72		
 37.74   	 -15.26		 31.64   	 584.94		
 37.68   	 -20.35		 33.98   	 528.99		
 37.60   	 -25.43		 36.09   	 473.04		
 37.50   	 -30.52		 37.99   	 417.09		
 37.38   	 -25.43		 39.65   	 356.05		
 37.27   	 -20.35		 41.08   	 310.27		
 37.19   	 -20.35		 42.32   	 264.50		
 37.11   	 -30.52		 43.38   	 233.98		
 36.99   	 -25.43		 44.31   	 203.46		
 36.89   	 -25.43		 45.13   	 193.29		
 36.79   	 -30.52		 45.90   	 178.03		
 36.66   	 -20.35		 46.61   	 172.94		
 36.58   	 -20.35		 47.30   	 183.11		
 36.50   	 -15.26		 48.04   	 193.29		
 36.44   	 -20.35		 48.81   	 198.37		
 36.36   	 -20.35		 49.60   	 218.72		
 36.28   	 -15.26		 50.48   	 228.89		
 36.22   	  -5.09		 51.39   	 249.24		
 36.20(D)	  15.26		 52.39   	 254.32		
 36.26   	  40.69		 53.41   	 269.58		
 36.42   	 183.11		 54.49   	 310.27		
 37.15   	 289.93		 55.73   	 305.19		
 38.31   	 406.92		 56.95   	 295.01		
 39.94   	 498.47		 58.13   	 289.93		
 41.93   	 554.42		 59.29   	 269.58		
 44.15   	 579.86		 60.37   	 254.32		
 46.47   	 569.68		 61.38   	 228.89		
 48.75   	 528.99		 62.30   	 213.63		
 50.86   	 457.78		 63.15   	 188.20		
 52.70   	 361.14		 63.91   	 167.85		
 54.14   	 269.58		 64.58   	 147.51		
 55.22   	 172.94		 65.17   	 127.16		
 55.91   	 106.82		 65.68   	 111.90		
 56.34   	  45.78		 66.12   	  96.64		
 56.52   	  20.35		 66.51   	  81.38		
 56.60   	   5.09		 66.84   	  76.30		
 56.62   	  20.35		 67.14   	  66.12		
 56.70   	  45.78		 67.41   	  66.12		
 56.89   	  86.47		 67.67   	  55.95		
 57.23   	 122.07		 67.89   	  50.86		
 57.72   	 147.51		 68.10   	  45.78		
 58.31   	 167.85		 68.28   	  45.78		
 58.98   	 193.29		 68.46   	  45.78		
 59.76   	 198.37		 68.65   	  35.61		
 60.55   	 188.20		 68.79   	  35.61		
 61.30   	 157.68		 68.93   	  35.61		
 61.93   	 127.16		 69.07   	  25.43		
 62.44   	 106.82		 69.18   	  25.43		
 62.87   	  81.38		 69.28   	  10.17		
 63.19   	  61.04		 69.32   	   5.09		
 63.44   	  20.35		 69.34(S)	  -5.09		
 63.52(S)	 -10.17		 69.32   	 -15.26		
 63.48   	 -25.43		 69.26   	 -25.43		
 63.38   	 -20.35		 69.16   	 -35.61		
 63.30   	 -20.35		 69.01   	 -50.86		
 63.21   	 -25.43		 68.81   	 -55.95		
 63.11   	 -25.43		 68.59   	 -71.21		
 63.01   	 -20.35		 68.30   	 -81.38		
 62.93   	 -10.17		 67.98   	 -91.56		
 62.89   	  10.17		 67.61   	 -96.64		
 62.93   	  20.35		 67.22   	-111.90		
 63.01   	  15.26		 66.77   	-127.16		
 63.07   	  10.17		 66.27   	-142.42		
 63.11   	   0.00		 65.70   	-162.77		
 63.11   	  10.17		 65.05   	-183.11		
 63.15   	   5.09		 64.31   	-218.72		
 63.17   	  -5.09		 63.44   	-244.15		
 63.15   	 -25.43		 62.46   	-279.75		
 63.05   	 -35.61		 61.34   	-320.45		
 62.91   	 -45.78		 60.06   	-361.14		
 62.73   	 -55.95		 58.62   	-406.92		
 62.50   	 -66.12		 56.99   	-442.52		
 62.24   	 -61.04		 55.22   	-493.39		
 61.99   	 -66.12		 53.24   	-544.25		
 61.73   	 -71.21		 51.07   	-590.03		
 61.44   	 -71.21		 48.71   	-645.98		
 61.16   	 -66.12		 46.12   	-691.76		
 60.89   	 -66.12		 43.36   	-722.28		
 60.63   	 -71.21		 40.47   	-752.79		
 60.35   	 -71.21		 37.46   	-762.97		
 60.06   	 -81.38		 34.40   	-773.14		
 59.74   	 -76.30		 31.31   	-762.97		
 59.43   	 -76.30		 28.26   	-742.62		
 59.12   	 -86.47		 25.29   	-712.10		
 58.78   	-106.82		 22.44   	-671.41		
 58.35   	-116.99		 19.76   	-630.72		
 57.88   	-116.99		 17.23   	-574.77		
 57.42   	-122.07		 14.93   	-523.90		
 56.93   	-132.25		 12.84   	-467.95		
 56.40   	-142.42		 10.97   	-406.92		
 55.83   	-147.51		  9.34   	-356.05		
 55.24   	-147.51		  7.91   	-295.01		
 54.65   	-137.33		  6.73   	-254.32		
 54.10   	-116.99		  5.72   	-208.54		
 53.63   	-106.82		  4.88   	-178.03		
 53.20   	 -86.47		  4.17   	-147.51		
 52.86   	 -81.38		  3.58   	-132.25		
 52.53   	 -71.21		  3.05   	-122.07		
 52.25   	 -55.95		  2.56   	-116.99		
 52.02   	 -50.86		  2.10   	-116.99		
 51.82   	 -61.04		  1.63   	-122.07		
 51.58   	 -61.04		  1.14   	-132.25		
 51.33   	 -55.95		  0.61   	-127.16		
 51.11   	 -61.04		  0.10   	-132.25		
 50.86   	 -66.12		 -0.43   	-122.07		
 50.60   	 -86.47		 -0.92   	-106.82		
 50.25   	 -91.56		 -1.34   	 -91.56		
 49.89   	 -86.47		 -1.71   	 -76.30		
 49.54   	 -76.30		 -2.01   	 -50.86		
 49.24   	 -76.30		 -2.22   	 -30.52		
 48.93   	 -66.12		 -2.34   	 -10.17		
 48.67   	 -66.12		 -2.38(D)	  15.26		
 48.40   	 -71.21		 -2.32   	  35.61		
 48.12   	 -61.04		 -2.18   	  50.86		
 47.87   	 -45.78		 -1.97   	  61.04		
 47.69   	 -35.61		 -1.73   	  76.30		
 47.55   	 -40.69		 -1.42   	  76.30		
 47.39   	 -45.78		 -1.12   	  71.21		
 47.20   	 -50.86		 -0.83   	  71.21		
 47.00   	 -45.78		 -0.55   	  66.12		
 46.82   	 -35.61		 -0.28   	  55.95		
 46.67   	 -35.61		 -0.06   	  50.86		
 46.53   	 -40.69		  0.14   	  35.61		
 46.37   	 -50.86		  0.28   	  30.52		
 46.16   	 -45.78		  0.41   	  15.26		
 45.98   	 -45.78		  0.47   	  10.17		
 45.80   	 -50.86		  0.51   	  -5.09		
 45.59   	 -50.86		  0.49   	  -5.09		
 45.39   	 -40.69		  0.47   	 -10.17		
 45.23   	 -40.69		  0.43   	 -15.26		
 45.07   	 -40.69		  0.37   	 -10.17		
 44.90   	 -45.78		  0.33   	  -5.09		
 44.72   	 -61.04		  0.31   	  -5.09		
 44.48   	 -45.78		  0.28   	   5.09		
 44.29   	 -30.52		  0.31   	  10.17		
 44.17   	 -20.35		  0.35   	  20.35		
 44.09   	 -30.52		  0.43   	  25.43		
 43.97   	 -45.78		  0.53   	  30.52		
 43.78   	 -45.78		  0.65   	  35.61		
 43.60   	 -40.69		  0.79   	  35.61		
 43.44   	 -30.52		  0.94   	  40.69		
 43.32   	 -25.43		  1.10   	  35.61		
 43.21   	 -30.52		  1.24   	  35.61		
 43.09   	 -35.61		  1.38   	  35.61		
 42.95   	 -45.78		  1.53   	  30.52		
 42.77   	 -40.69		  1.65   	  25.43		
 42.60   	 -35.61		  1.75   	  25.43		
 42.46   	 -30.52		  1.85   	  25.43		
 42.34   	 -35.61		  1.95   	  25.43		
 42.20   	 -40.69		  2.05   	  25.43		
 42.03   	 -30.52		  2.16   	  25.43		
 41.91   	 -30.52		  2.26   	  30.52		
 41.79   	 -35.61		  2.38   	  30.52		
 41.65   	 -40.69		  2.50   	  30.52		
 41.49   	 -25.43		  2.62   	  35.61		
 41.38   	 -20.35		  2.77   	  35.61		
 41.30   	 -20.35		  2.91   	  40.69		
 41.22   	 -20.35		  3.07   	  40.69		
 41.14   	 -25.43		  3.23   	  40.69		
 41.04   	 -35.61		  3.40   	  35.61		
 40.90   	 -25.43		  3.54   	  40.69		
 40.79   	 -25.43		  3.70(E)	  25.43		
 40.69   	 -30.52		  3.80   	  25.43		
 40.57   	 -30.52		  3.91   	  15.26		
 40.45   	 -40.69		  3.97   	  10.17		
 40.28   	 -40.69		  4.01   	  10.17		
 40.12   	 -30.52		  4.05   	   0.00		
 40.00   	 -35.61		  4.05   	   0.00		
 39.86   	 -30.52		  4.05   	  -5.09		
 39.74   	 -30.52		  4.03   	   0.00		
 39.61   	 -30.52		  4.03   	   5.09		
 39.49   	 -25.43		  4.05   	   5.09		
 39.39   	 -35.61		  4.07   	  15.26		
 39.25   	 -20.35		  4.13   	  30.52		
 39.17   	 -15.26		  4.25   	  55.95		
 39.10   	 -15.26		  4.48   	  81.38		
 39.04   	 -15.26		  4.80   	 127.16		
 38.98   	 -15.26		  5.31   	 183.11		
 38.92   	 -20.35		  6.04   	 249.24		
 38.84   	 -20.35		  7.04   	 305.19		
 38.76   	 -20.35		  8.26   	 371.31		
 38.68   	 -20.35		  9.75   	 427.26		
 38.60   	 -20.35		 11.45   	 488.30		
 38.51   	 -30.52		 13.41   	 539.16		
 38.39   	 -35.61		 15.56   	 590.03		
 38.25   	 -25.43		 17.92   	 625.63		
 38.15   	 -40.69		 20.43   	 737.54		
 37.99   	 -35.61		 23.38   	 717.19		
 37.84   	 -25.43		 26.25   	 686.67		
 37.74   	 -20.35		 28.99   	 640.89		
 37.66   	 -20.35		 31.56   	 584.94		
 37.58   	 -25.43		 33.90   	 534.08		
 37.48   	 -20.35		 36.03   	 473.04		
 37.40   	 -20.35		 37.92   	 412.00		
 37.31   	 -20.35		 39.57   	 361.14		
 37.23   	 -20.35		 41.02   	 310.27		
 37.15   	 -25.43		 42.26   	 269.58		
 37.05   	 -30.52		 43.34   	 233.98		
 36.93   	 -25.43		 44.27   	 208.54		
 36.83   	 -25.43		 45.11   	 193.29		
 36.72   	 -25.43		 45.88   	 188.20		
 36.62   	 -20.35		 46.63   	 183.11		
 36.54   	 -30.52		 47.37   	 183.11		
 36.42   	 -25.43		 48.10   	 198.37		
 36.32   	 -25.43		 48.89   	 203.46		
 36.22   	 -20.35		 49.70   	 218.72		
 36.13   	 -10.17		 50.58   	 233.98		
 36.09   	  -5.09		 51.52   	 249.24		
 36.07   	  10.17		 52.51   	 259.41		
 36.11   	  40.69		 53.55   	 269.58		
 36.28   	 101.73		 54.63   	 279.75		
 36.68   	 310.27		 55.75   	 315.36		
 37.92   	 412.00		 57.01   	 305.19		
 39.57   	 503.56		 58.23   	 295.01		
 41.59   	 569.68		 59.41   	 279.75		
 43.87   	 600.20		 60.53   	 259.41		
 46.27   	 579.86		 61.57   	 239.06		
 48.59   	 523.90		 62.52   	 223.80		
 50.68   	 457.78		 63.42   	 198.37		
 52.51   	 376.40		 64.21   	 178.03		
 54.02   	 279.75		 64.92   	 157.68		
 55.14   	 188.20		 65.55   	 132.25		
 55.89   	 106.82		 66.08   	 116.99		
 56.32   	  45.78		 66.55   	  96.64		
 56.50   	  15.26		 66.94   	  86.47		
 56.56   	  10.17		 67.28   	  71.21		
 56.60   	  30.52		 67.57   	  66.12		
 56.72   	  50.86		 67.83   	  61.04		
 56.93   	  86.47		 68.08   	  50.86		
 57.27   	 122.07		 68.28   	  50.86		
 57.76   	 157.68		 68.48   	  50.86		
 58.39   	 183.11		 68.69   	  50.86		
 59.12   	 198.37		 68.89   	  40.69		
 59.92   	 198.37		 69.05   	  45.78		
 60.71   	 183.11		 69.24   	  40.69		
 61.44   	 167.85		 69.40   	  40.69		
 62.12   	 142.42		 69.56   	  35.61		
 62.69   	 101.73		 69.70   	  30.52		
 63.09   	  76.30		 69.83   	  25.43		
 63.40   	  45.78		 69.93   	  15.26		
 63.58   	  15.26		 69.99   	   5.09		
 63.64   	  N/A		 70.01   	  N/A		
