WITTCASE NUMBER: HB002748
SAMPLE NUMBER:   3
TIME RESOLUTION: 4 ms/sample
mmHg RESOLUTION: 0.0203458 mmHg/unit
DATA UNITS:      mmHg, mmHg/sec

------------------------- Begin Data -------------------------
  MPA     	  MPA'		  AO     	  AO'		
 39.37   	 -50.86		 50.09   	 -20.35		
 39.17   	 -55.95		 50.01   	 -20.35		
 38.94   	 -50.86		 49.93   	 -20.35		
 38.74   	 -50.86		 49.85   	 -20.35		
 38.53   	 -55.95		 49.77   	 -20.35		
 38.31   	 -61.04		 49.68   	 -20.35		
 38.07   	 -55.95		 49.60   	 -20.35		
 37.84   	 -55.95		 49.52   	 -20.35		
 37.62   	 -40.69		 49.44   	 -20.35		
 37.46   	 -25.43		 49.36   	 -20.35		
 37.35   	   0.00		 49.28   	 -25.43		
 37.35   	  10.17		 49.18   	 -20.35		
 37.40   	  20.35		 49.09   	 -20.35		
 37.48   	  20.35		 49.01   	 -20.35		
 37.56   	   5.09		 48.93   	 -20.35		
 37.58   	 -10.17		 48.85   	 -15.26		
 37.54   	 -66.12		 48.79   	 -25.43		
 37.27   	 -91.56		 48.69   	 -20.35		
 36.91   	-111.90		 48.61   	 -25.43		
 36.46   	-116.99		 48.50   	 -20.35		
 35.99   	-122.07		 48.42   	 -30.52		
 35.50   	-116.99		 48.30   	 -30.52		
 35.04   	-106.82		 48.18   	 -25.43		
 34.61   	 -91.56		 48.08   	 -35.61		
 34.24   	 -81.38		 47.93   	 -30.52		
 33.92   	 -66.12		 47.81   	 -25.43		
 33.65   	 -50.86		 47.71   	 -30.52		
 33.45   	 -30.52		 47.59   	 -25.43		
 33.33   	 -10.17		 47.49   	 -25.43		
 33.29   	  15.26		 47.39   	 -20.35		
 33.35   	  40.69		 47.30   	 -20.35		
 33.51   	  61.04		 47.22   	 -20.35		
 33.75   	  91.56		 47.14   	 -20.35		
 34.12   	 106.82		 47.06   	 -15.26		
 34.55   	 127.16		 47.00   	 -10.17		
 35.06   	 142.42		 46.96   	 -10.17		
 35.63   	 157.68		 46.92   	  -5.09		
 36.26   	 162.77		 46.90   	   5.09		
 36.91   	 167.85		 46.92   	  20.35		
 37.58   	 172.94		 47.00   	  30.52		
 38.27   	 178.03		 47.12   	  61.04		
 38.98   	 208.54		 47.37   	 111.90		
 39.82   	 213.63		 47.81   	 142.42		
 40.67   	 213.63		 48.38   	 162.77		
 41.53   	 213.63		 49.03   	 183.11		
 42.38   	 213.63		 49.77   	 193.29		
 43.23   	 213.63		 50.54   	 203.46		
 44.09   	 208.54		 51.35   	 203.46		
 44.92   	 208.54		 52.17   	 208.54		
 45.76   	 198.37		 53.00   	 203.46		
 46.55   	 188.20		 53.81   	 203.46		
 47.30   	 188.20		 54.63   	 198.37		
 48.06   	 183.11		 55.42   	 193.29		
 48.79   	 178.03		 56.20   	 198.37		
 49.50   	 178.03		 56.99   	 193.29		
 50.21   	 183.11		 57.76   	 193.29		
 50.95   	 183.11		 58.53   	 188.20		
 51.68   	 183.11		 59.29   	 193.29		
 52.41   	 183.11		 60.06   	 183.11		
 53.14   	 188.20		 60.79   	 183.11		
 53.90   	 183.11		 61.53   	 178.03		
 54.63   	 178.03		 62.24   	 172.94		
 55.34   	 167.85		 62.93   	 172.94		
 56.01   	 157.68		 63.62   	 167.85		
 56.64   	 137.33		 64.29   	 157.68		
 57.19   	 116.99		 64.92   	 162.77		
 57.66   	  91.56		 65.57   	 162.77		
 58.03   	  66.12		 66.23   	 157.68		
 58.29   	  40.69		 66.86   	 147.51		
 58.45   	  25.43		 67.45   	 137.33		
 58.56   	   5.09		 68.00   	 116.99		
 58.58(S)	 -10.17		 68.46   	 101.73		
 58.53   	 -20.35		 68.87   	  91.56		
 58.45   	 -35.61		 69.24   	  81.38		
 58.31   	 -35.61		 69.56   	  66.12		
 58.17   	 -30.52		 69.83   	  61.04		
 58.05   	 -25.43		 70.07   	  50.86		
 57.94   	   0.00		 70.27   	  45.78		
 57.94   	  15.26		 70.46   	  40.69		
 58.01   	  20.35		 70.62   	  30.52		
 58.09   	  20.35		 70.74   	  20.35		
 58.17   	   0.00		 70.82   	  15.26		
 58.17   	 -25.43		 70.88(S)	  -5.09		
 58.07   	 -55.95		 70.86   	 -15.26		
 57.84   	 -96.64		 70.80   	 -35.61		
 57.46   	-132.25		 70.66   	 -45.78		
 56.93   	-162.77		 70.48   	 -61.04		
 56.28   	-188.20		 70.23   	 -81.38		
 55.52   	-193.29		 69.91   	 -86.47		
 54.75   	-193.29		 69.56   	-101.73		
 53.98   	-193.29		 69.16   	-116.99		
 53.20   	-172.94		 68.69   	-122.07		
 52.51   	-162.77		 68.20   	-132.25		
 51.86   	-147.51		 67.67   	-137.33		
 51.27   	-132.25		 67.12   	-147.51		
 50.74   	-122.07		 66.53   	-147.51		
 50.25   	-111.90		 65.94   	-152.59		
 49.81   	-106.82		 65.33   	-152.59		
 49.38   	 -96.64		 64.72   	-152.59		
 48.99   	-101.73		 64.11   	-142.42		
 48.59   	 -91.56		 63.54   	-137.33		
 48.22   	 -91.56		 62.99   	-132.25		
 47.85   	 -81.38		 62.46   	-122.07		
 47.53   	 -66.12		 61.97   	-116.99		
 47.26   	 -55.95		 61.51   	-111.90		
 47.04   	 -40.69		 61.06   	-106.82		
 46.88   	 -25.43		 60.63   	-101.73		
 46.77   	  -5.09		 60.22   	 -96.64		
 46.75   	   5.09		 59.84   	 -96.64		
 46.77   	  20.35		 59.45   	 -96.64		
 46.86   	  30.52		 59.06   	 -86.47		
 46.98   	  30.52		 58.72   	 -91.56		
 47.10   	  30.52		 58.35   	 -86.47		
 47.22   	  25.43		 58.01   	 -81.38		
 47.32   	  20.35		 57.68   	 -81.38		
 47.41   	   5.09		 57.35   	 -81.38		
 47.43   	  -5.09		 57.03   	 -76.30		
 47.41   	 -20.35		 56.72   	 -71.21		
 47.32   	 -30.52		 56.44   	 -71.21		
 47.20   	 -45.78		 56.15   	 -71.21		
 47.02   	 -61.04		 55.87   	 -61.04		
 46.77   	 -81.38		 55.63   	 -66.12		
 46.45   	 -91.56		 55.36   	 -61.04		
 46.08   	 -91.56		 55.12   	 -55.95		
 45.72   	 -96.64		 54.89   	 -55.95		
 45.33   	-101.73		 54.67   	 -50.86		
 44.92   	 -96.64		 54.47   	 -50.86		
 44.54   	 -96.64		 54.26   	 -45.78		
 44.15   	 -96.64		 54.08   	 -45.78		
 43.76   	 -91.56		 53.90   	 -45.78		
 43.40   	 -86.47		 53.71   	 -40.69		
 43.05   	 -81.38		 53.55   	 -40.69		
 42.73   	 -81.38		 53.39   	 -35.61		
 42.40   	 -71.21		 53.24   	 -35.61		
 42.12   	 -71.21		 53.10   	 -35.61		
 41.83   	 -61.04		 52.96   	 -35.61		
 41.59   	 -50.86		 52.82   	 -30.52		
 41.38   	 -35.61		 52.70   	 -35.61		
 41.24   	 -15.26		 52.55   	 -30.52		
 41.18   	   5.09		 52.43   	 -30.52		
 41.20   	  15.26		 52.31   	 -35.61		
 41.26   	  25.43		 52.17   	 -30.52		
 41.36   	  25.43		 52.04   	 -25.43		
 41.46   	  15.26		 51.94   	 -30.52		
 41.53   	   0.00		 51.82   	 -25.43		
 41.53   	 -25.43		 51.72   	 -25.43		
 41.42   	 -81.38		 51.62   	 -25.43		
 41.10   	-106.82		 51.52   	 -30.52		
 40.67   	-127.16		 51.39   	 -30.52		
 40.16   	-142.42		 51.27   	 -30.52		
 39.59   	-147.51		 51.15   	 -25.43		
 39.00   	-147.51		 51.05   	 -30.52		
 38.41   	-142.42		 50.93   	 -30.52		
 37.84   	-127.16		 50.80   	 -30.52		
 37.33   	-106.82		 50.68   	 -25.43		
 36.91   	 -81.38		 50.58   	 -30.52		
 36.58   	 -61.04		 50.46   	 -25.43		
 36.34   	 -40.69		 50.36   	 -25.43		
 36.17   	 -25.43		 50.25   	 -25.43		
 36.07   	 -15.26		 50.15   	 -25.43		
 36.01   	 -10.17		 50.05   	 -25.43		
 35.97   	   0.00		 49.95   	 -20.35		
 35.97   	   5.09		 49.87   	 -25.43		
 35.99   	  15.26		 49.77   	 -20.35		
 36.05   	  25.43		 49.68   	 -20.35		
 36.15   	  35.61		 49.60   	 -20.35		
 36.30   	  50.86		 49.52   	 -20.35		
 36.50   	  66.12		 49.44   	 -15.26		
 36.76   	  81.38		 49.38   	 -20.35		
 37.09   	  96.64		 49.30   	 -10.17		
 37.48   	 106.82		 49.26   	 -15.26		
 37.90   	 147.51		 49.20   	  -5.09		
 38.49   	 152.59		 49.18(D)	   5.09		
 39.10   	 157.68		 49.20   	  15.26		
 39.74   	 162.77		 49.26   	  25.43		
 40.39   	 157.68		 49.36   	  40.69		
 41.02   	 162.77		 49.52   	  61.04		
 41.67   	 157.68		 49.77   	  76.30		
 42.30   	 162.77		 50.07   	  96.64		
 42.95   	 162.77		 50.46   	 106.82		
 43.60   	 162.77		 50.88   	 116.99		
 44.25   	 162.77		 51.35   	 127.16		
 44.90   	 157.68		 51.86   	 132.25		
 45.53   	 162.77		 52.39   	 132.25		
 46.18   	 157.68		 52.92   	 137.33		
 46.82   	 157.68		 53.47   	 142.42		
 47.45   	 152.59		 54.04   	 132.25		
 48.06   	 147.51		 54.57   	 137.33		
 48.65   	 147.51		 55.12   	 137.33		
 49.24   	 137.33		 55.67   	 137.33		
 49.79   	 132.25		 56.22   	 132.25		
 50.32   	 127.16		 56.74   	 132.25		
 50.82   	 111.90		 57.27   	 132.25		
 51.27   	 106.82		 57.80   	 132.25		
 51.70   	  96.64		 58.33   	 127.16		
 52.09   	  86.47		 58.84   	 127.16		
 52.43   	  66.12		 59.35   	 132.25		
 52.70   	  45.78		 59.88   	 127.16		
 52.88   	  25.43		 60.39   	 122.07		
 52.98   	  15.26		 60.87   	 116.99		
 53.04   	  -5.09		 61.34   	 116.99		
 53.02   	 -15.26		 61.81   	 111.90		
 52.96   	 -25.43		 62.26   	 106.82		
 52.86   	 -25.43		 62.69   	 101.73		
 52.76   	 -25.43		 63.09   	  96.64		
 52.65   	 -20.35		 63.48   	  91.56		
 52.57   	 -25.43		 63.85   	  81.38		
 52.47   	 -30.52		 64.17   	  81.38		
 52.35   	 -45.78		 64.50   	  66.12		
 52.17   	 -55.95		 64.76   	  61.04		
 51.94   	 -81.38		 65.00   	  50.86		
 51.62   	 -96.64		 65.21   	  35.61		
 51.23   	-111.90		 65.35   	  30.52		
 50.78   	-132.25		 65.47   	  15.26		
 50.25   	-137.33		 65.53(S)	   0.00		
 49.70   	-147.51		 65.53   	 -15.26		
 49.11   	-142.42		 65.47   	 -25.43		
 48.55   	-137.33		 65.37   	 -35.61		
 48.00   	-132.25		 65.23   	 -55.95		
 47.47   	-122.07		 65.00   	 -66.12		
 46.98   	-116.99		 64.74   	 -76.30		
 46.51   	-101.73		 64.44   	 -86.47		
 46.10   	 -96.64		 64.09   	 -96.64		
 45.72   	 -91.56		 63.70   	-101.73		
 45.35   	 -86.47		 63.30   	-111.90		
 45.00   	 -81.38		 62.85   	-106.82		
 44.68   	 -76.30		 62.42   	-116.99		
 44.37   	 -76.30		 61.95   	-111.90		
 44.07   	 -71.21		 61.51   	-111.90		
 43.78   	 -66.12		 61.06   	-106.82		
 43.52   	 -61.04		 60.63   	-106.82		
 43.28   	 -55.95		 60.20   	-101.73		
 43.05   	 -40.69		 59.80   	-101.73		
 42.89   	 -35.61		 59.39   	 -96.64		
 42.75   	 -20.35		 59.00   	 -91.56		
 42.67   	 -10.17		 58.64   	 -86.47		
 42.62   	   0.00		 58.29   	 -91.56		
 42.62   	  10.17		 57.92   	 -86.47		
 42.67   	  15.26		 57.58   	 -86.47		
 42.73   	  15.26		 57.23   	 -81.38		
 42.79   	  15.26		 56.91   	 -86.47		
 42.85   	  10.17		 56.56   	 -81.38		
 42.89   	   0.00		 56.24   	 -86.47		
 42.89   	 -15.26		 55.89   	 -76.30		
 42.83   	 -20.35		 55.58   	 -81.38		
 42.75   	 -30.52		 55.26   	 -76.30		
 42.62   	 -45.78		 54.95   	 -71.21		
 42.44   	 -71.21		 54.67   	 -76.30		
 42.16   	 -76.30		 54.36   	 -71.21		
 41.85   	 -86.47		 54.08   	 -66.12		
 41.51   	 -81.38		 53.81   	 -61.04		
 41.18   	 -86.47		 53.57   	 -55.95		
 40.83   	 -86.47		 53.35   	 -55.95		
 40.49   	 -86.47		 53.12   	 -50.86		
 40.14   	 -81.38		 52.92   	 -50.86		
 39.82   	 -81.38		 52.72   	 -45.78		
 39.49   	 -76.30		 52.53   	 -45.78		
 39.19   	 -76.30		 52.35   	 -45.78		
 38.88   	 -66.12		 52.17   	 -45.78		
 38.62   	 -66.12		 51.98   	 -35.61		
 38.35   	 -66.12		 51.84   	 -40.69		
 38.09   	 -61.04		 51.68   	 -35.61		
 37.84   	 -45.78		 51.54   	 -35.61		
 37.66   	 -30.52		 51.39   	 -35.61		
 37.54   	 -15.26		 51.25   	 -35.61		
 37.48   	  10.17		 51.11   	 -30.52		
 37.52   	  25.43		 50.99   	 -35.61		
 37.62   	  30.52		 50.84   	 -30.52		
 37.74   	  30.52		 50.72   	 -30.52		
 37.86   	  20.35		 50.60   	 -35.61		
 37.94   	   5.09		 50.46   	 -30.52		
 37.97   	 -20.35		 50.34   	 -30.52		
 37.88   	 -81.38		 50.21   	 -30.52		
 37.56   	-101.73		 50.09   	 -35.61		
 37.15   	-122.07		 49.95   	 -30.52		
 36.66   	-127.16		 49.83   	 -30.52		
 36.15   	-132.25		 49.70   	 -35.61		
 35.63   	-127.16		 49.56   	 -30.52		
 35.12   	-111.90		 49.44   	 -30.52		
 34.67   	 -91.56		 49.32   	 -25.43		
 34.30   	 -76.30		 49.22   	 -30.52		
 34.00   	 -50.86		 49.09   	 -30.52		
 33.79   	 -40.69		 48.97   	 -30.52		
 33.63   	 -15.26		 48.85   	 -30.52		
 33.57   	  -5.09		 48.73   	 -25.43		
 33.55(D)	  15.26		 48.63   	 -25.43		
 33.61   	  35.61		 48.52   	 -25.43		
 33.75   	  50.86		 48.42   	 -25.43		
 33.96   	  71.21		 48.32   	 -20.35		
 34.24   	  86.47		 48.24   	 -25.43		
 34.59   	  96.64		 48.14   	 -20.35		
 34.97   	 116.99		 48.06   	 -20.35		
 35.44   	 122.07		 47.98   	 -20.35		
 35.93   	 132.25		 47.89   	 -20.35		
 36.46   	 137.33		 47.81   	 -15.26		
 37.01   	 147.51		 47.75   	  -5.09		
 37.60   	 152.59		 47.73(D)	   5.09		
 38.21   	 183.11		 47.75   	  30.52		
 38.94   	 183.11		 47.87   	  50.86		
 39.67   	 188.20		 48.08   	  66.12		
 40.43   	 188.20		 48.34   	  91.56		
 41.18   	 193.29		 48.71   	 106.82		
 41.95   	 188.20		 49.14   	 122.07		
 42.71   	 188.20		 49.62   	 137.33		
 43.46   	 183.11		 50.17   	 142.42		
 44.19   	 183.11		 50.74   	 147.51		
 44.92   	 172.94		 51.33   	 152.59		
 45.62   	 172.94		 51.94   	 147.51		
 46.31   	 167.85		 52.53   	 147.51		
 46.98   	 172.94		 53.12   	 147.51		
 47.67   	 167.85		 53.71   	 137.33		
 48.34   	 178.03		 54.26   	 142.42		
 49.05   	 172.94		 54.83   	 142.42		
 49.75   	 178.03		 55.40   	 137.33		
 50.46   	 178.03		 55.95   	 137.33		
 51.17   	 172.94		 56.50   	 142.42		
 51.86   	 167.85		 57.07   	 137.33		
 52.53   	 152.59		 57.62   	 132.25		
 53.14   	 132.25		 58.15   	 132.25		
 53.67   	 122.07		 58.68   	 127.16		
 54.16   	  96.64		 59.19   	 127.16		
 54.55   	  71.21		 59.69   	 116.99		
 54.83   	  30.52		 60.16   	 127.16		
 54.95   	   5.09		 60.67   	 127.16		
 54.97   	 -10.17		 61.18   	 116.99		
 54.93   	 -25.43		 61.65   	 116.99		
 54.83   	 -30.52		 62.12   	 111.90		
 54.71   	 -25.43		 62.56   	 106.82		
 54.61   	 -20.35		 62.99   	  96.64		
 54.53   	 -10.17		 63.38   	  91.56		
 54.49   	 -15.26		 63.74   	  81.38		
 54.43   	 -20.35		 64.07   	  71.21		
 54.34   	 -40.69		 64.35   	  61.04		
 54.18   	 -66.12		 64.60   	  50.86		
 53.92   	 -91.56		 64.80   	  40.69		
 53.55   	-127.16		 64.96   	  30.52		
 53.04   	-157.68		 65.09   	  20.35		
 52.41   	-178.03		 65.17   	   5.09		
 51.70   	-193.29		 65.19   	  -5.09		
 50.93   	-203.46		 65.17   	 -20.35		
 50.11   	-203.46		 65.09   	 -35.61		
 49.30   	-193.29		 64.94   	 -45.78		
 48.52   	-183.11		 64.76   	 -55.95		
 47.79   	-162.77		 64.54   	 -71.21		
 47.14   	-147.51		 64.25   	 -76.30		
 46.55   	-132.25		 63.95   	 -91.56		
 46.02   	-111.90		 63.58   	-101.73		
 45.57   	 -96.64		 63.17   	-101.73		
 45.19   	 -81.38		 62.77   	-111.90		
 44.86   	 -61.04		 62.32   	-111.90		
 44.62   	 -55.95		 61.87   	-116.99		
 44.39   	 -35.61		 61.40   	-116.99		
 44.25   	 -25.43		 60.94   	-116.99		
 44.15   	 -15.26		 60.47   	-106.82		
 44.09   	  -5.09		 60.04   	-101.73		
 44.07   	  -5.09		 59.63   	-101.73		
 44.05   	   0.00		 59.23   	 -91.56		
 44.05   	   5.09		 58.86   	 -96.64		
 44.07   	   0.00		 58.47   	 -91.56		
 44.07   	   0.00		 58.11   	 -91.56		
 44.07   	  -5.09		 57.74   	 -86.47		
 44.05   	 -10.17		 57.40   	 -86.47		
 44.01   	 -10.17		 57.05   	 -86.47		
 43.97   	 -20.35		 56.70   	 -86.47		
 43.89   	 -25.43		 56.36   	 -81.38		
 43.78   	 -25.43		 56.03   	 -81.38		
 43.68   	 -20.35		 55.71   	 -81.38		
 43.60   	 -25.43		 55.38   	 -76.30		
 43.50   	 -15.26		 55.08   	 -71.21		
 43.44   	  -5.09		 54.79   	 -71.21		
 43.42   	   5.09		 54.51   	 -71.21		
 43.44   	  10.17		 54.22   	 -61.04		
 43.48   	  10.17		 53.98   	 -61.04		
 43.52   	   0.00		 53.73   	 -61.04		
 43.52   	 -10.17		 53.49   	 -50.86		
 43.48   	 -30.52		 53.29   	 -55.95		
 43.36   	 -76.30		 53.06   	 -50.86		
 43.05   	-101.73		 52.86   	 -50.86		
 42.64   	-122.07		 52.65   	 -50.86		
 42.16   	-137.33		 52.45   	 -50.86		
 41.61   	-152.59		 52.25   	 -45.78		
 41.00   	-152.59		 52.06   	 -45.78		
 40.39   	-157.68		 51.88   	 -45.78		
 39.76   	-147.51		 51.70   	 -45.78		
 39.17   	-137.33		 51.52   	 -40.69		
 38.62   	-127.16		 51.35   	 -45.78		
 38.11   	-106.82		 51.17   	 -45.78		
 37.68   	 -91.56		 50.99   	 -40.69		
 37.31   	 -71.21		 50.82   	 -40.69		
 37.03   	 -50.86		 50.66   	 -40.69		
 36.83   	 -35.61		 50.50   	 -40.69		
 36.68   	 -10.17		 50.34   	 -40.69		
 36.64   	   0.00		 50.17   	 -35.61		
 36.64   	  15.26		 50.03   	 -40.69		
 36.70   	  25.43		 49.87   	 -35.61		
 36.81   	  40.69		 49.73   	 -35.61		
 36.97   	  50.86		 49.58   	 -35.61		
 37.17   	  55.95		 49.44   	 -30.52		
 37.40   	  66.12		 49.32   	 -30.52		
 37.66   	  66.12		 49.20   	 -30.52		
 37.92   	  71.21		 49.07   	 -30.52		
 38.21   	  91.56		 48.95   	 -30.52		
 38.58   	  86.47		 48.83   	 -25.43		
 38.92   	  91.56		 48.73   	 -25.43		
 39.29   	  91.56		 48.63   	 -20.35		
 39.65   	 101.73		 48.55   	 -20.35		
 40.06   	  96.64		 48.46   	  -5.09		
 40.45   	 106.82		 48.44   	  -5.09		
 40.87   	 101.73		 48.42   	   5.09		
 41.28   	 111.90		 48.44   	  15.26		
 41.73   	 106.82		 48.50   	  25.43		
 42.16   	 106.82		 48.61   	  35.61		
 42.58   	 106.82		 48.75   	  45.78		
 43.01   	 106.82		 48.93   	  50.86		
 43.44   	  96.64		 49.14   	  55.95		
 43.82   	  96.64		 49.36   	  66.12		
 44.21   	  91.56		 49.62   	  66.12		
 44.58   	  86.47		 49.89   	  71.21		
 44.92   	  81.38		 50.17   	  71.21		
 45.25   	  76.30		 50.46   	  76.30		
 45.55   	  71.21		 50.76   	  76.30		
 45.84   	  66.12		 51.07   	  76.30		
 46.10   	  61.04		 51.37   	  81.38		
 46.35   	  61.04		 51.70   	  76.30		
 46.59   	  61.04		 52.00   	  81.38		
 46.84   	  61.04		 52.33   	  81.38		
 47.08   	  66.12		 52.65   	  86.47		
 47.34   	  66.12		 53.00   	  86.47		
 47.61   	  55.95		 53.35   	  81.38		
 47.83   	  40.69		 53.67   	  81.38		
 48.00   	  15.26		 54.00   	  76.30		
 48.06   	 -15.26		 54.30   	  71.21		
 48.00   	 -55.95		 54.59   	  66.12		
 47.77   	 -86.47		 54.85   	  66.12		
 47.43   	-122.07		 55.12   	  61.04		
 46.94   	-152.59		 55.36   	  50.86		
 46.33   	-167.85		 55.56   	  50.86		
 45.66   	-188.20		 55.77   	  35.61		
 44.90   	-188.20		 55.91   	  35.61		
 44.15   	-193.29		 56.05   	  20.35		
 43.38   	-183.11		 56.13   	  15.26		
 42.64   	-167.85		 56.20   	  10.17		
 41.97   	-162.77		 56.24   	   0.00		
 41.32   	-147.51		 56.24   	 -10.17		
 40.73   	-142.42		 56.20   	 -15.26		
 40.16   	-127.16		 56.13   	 -25.43		
 39.65   	-122.07		 56.03   	 -30.52		
 39.17   	-116.99		 55.91   	 -35.61		
 38.70   	-106.82		 55.77   	 -40.69		
 38.27   	 -96.64		 55.61   	 -50.86		
 37.88   	 -86.47		 55.40   	 -50.86		
 37.54   	 -66.12		 55.20   	 -50.86		
 37.27   	 -45.78		 54.99   	 -55.95		
 37.09   	 -20.35		 54.77   	 -50.86		
 37.01   	   0.00		 54.57   	 -50.86		
 37.01   	  30.52		 54.36   	 -50.86		
 37.13   	  45.78		 54.16   	 -45.78		
 37.31   	  66.12		 53.98   	 -40.69		
 37.58   	  76.30		 53.81   	 -40.69		
 37.88   	  81.38		 53.65   	 -40.69		
 38.21   	  81.38		 53.49   	 -45.78		
 38.53   	  71.21		 53.31   	 -45.78		
 38.82   	  61.04		 53.12   	 -50.86		
 39.06   	  40.69		 52.92   	 -50.86		
 39.23   	  25.43		 52.72   	 -50.86		
 39.33   	   5.09		 52.51   	 -55.95		
 39.35   	 -10.17		 52.29   	 -50.86		
 39.31   	 -30.52		 52.09   	 -55.95		
 39.19   	 -40.69		 51.86   	 -50.86		
 39.02   	 -55.95		 51.66   	 -55.95		
 38.80   	 -66.12		 51.43   	 -50.86		
 38.53   	 -76.30		 51.23   	 -50.86		
 38.23   	 -76.30		 51.03   	 -45.78		
 37.92   	 -81.38		 50.84   	 -50.86		
 37.60   	 -76.30		 50.64   	 -45.78		
 37.29   	 -81.38		 50.46   	 -45.78		
 36.97   	 -71.21		 50.27   	 -50.86		
 36.68   	 -71.21		 50.07   	 -45.78		
 36.40   	 -66.12		 49.89   	 -40.69		
 36.13   	 -61.04		 49.73   	 -45.78		
 35.89   	 -55.95		 49.54   	 -40.69		
 35.67   	 -50.86		 49.38   	 -40.69		
 35.46   	 -45.78		 49.22   	 -40.69		
 35.28   	 -50.86		 49.05   	 -40.69		
 35.08   	 -45.78		 48.89   	 -35.61		
 34.89   	 -45.78		 48.75   	 -35.61		
 34.71   	 -45.78		 48.61   	 -35.61		
 34.53   	 -50.86		 48.46   	 -35.61		
 34.32   	 -55.95		 48.32   	 -35.61		
 34.10   	 -55.95		 48.18   	 -30.52		
 33.88   	 -66.12		 48.06   	 -30.52		
 33.61   	 -71.21		 47.93   	 -30.52		
 33.33   	 -76.30		 47.81   	 -35.61		
 33.02   	 -81.38		 47.67   	 -30.52		
 32.70   	 -86.47		 47.55   	 -30.52		
 32.35   	 -86.47		 47.43   	 -35.61		
 32.00   	 -96.64		 47.28   	 -30.52		
 31.62   	 -96.64		 47.16   	 -30.52		
 31.23   	 -96.64		 47.04   	 -30.52		
 30.84   	 -96.64		 46.92   	 -30.52		
 30.46   	 -96.64		 46.80   	 -30.52		
 30.07   	 -86.47		 46.67   	 -25.43		
 29.73   	 -91.56		 46.57   	 -30.52		
 29.36   	 -86.47		 46.45   	 -30.52		
 29.01   	 -76.30		 46.33   	 -25.43		
 28.71   	 -71.21		 46.23   	 -30.52		
 28.42   	 -61.04		 46.10   	 -25.43		
 28.18   	 -50.86		 46.00   	 -25.43		
 27.98   	 -45.78		 45.90   	 -25.43		
 27.79   	 -35.61		 45.80   	 -30.52		
 27.65   	 -20.35		 45.68   	 -20.35		
 27.57(D)	   0.00		 45.59   	 -25.43		
 27.57   	  10.17		 45.49   	 -25.43		
 27.61   	  30.52		 45.39   	 -25.43		
 27.73   	  40.69		 45.29   	 -20.35		
 27.89   	  40.69		 45.21   	 -20.35		
 28.06   	  40.69		 45.13   	 -20.35		
 28.22   	  30.52		 45.05   	 -20.35		
 28.34   	  25.43		 44.96   	 -20.35		
 28.44   	  15.26		 44.88   	 -20.35		
 28.50   	  10.17		 44.80   	 -20.35		
 28.55   	  10.17		 44.72   	 -15.26		
 28.59   	   5.09		 44.66   	 -20.35		
 28.61   	   5.09		 44.58   	 -20.35		
 28.63   	   0.00		 44.50   	 -15.26		
 28.63   	   0.00		 44.44   	 -15.26		
 28.63   	  -5.09		 44.37   	 -15.26		
 28.61   	 -10.17		 44.31   	 -15.26		
 28.57   	 -10.17		 44.25   	 -15.26		
 28.52   	  -5.09		 44.19   	 -15.26		
 28.50   	  10.17		 44.13   	 -15.26		
 28.55   	  20.35		 44.07   	 -20.35		
 28.63   	  45.78		 43.99   	 -15.26		
 28.81   	  71.21		 43.93   	 -10.17		
 29.09   	 111.90		 43.89   	 -15.26		
 29.54   	 142.42		 43.82   	 -10.17		
 30.11   	 172.94		 43.78   	 -15.26		
 30.80   	 208.54		 43.72   	  -5.09		
 31.64   	 228.89		 43.70   	 -10.17		
 32.55   	 249.24		 43.66   	  -5.09		
 33.55   	 264.50		 43.64(D)	   5.09		
 34.61   	 274.67		 43.66   	  15.26		
 35.71   	 269.58		 43.72   	  30.52		
 36.79   	 264.50		 43.85   	  55.95		
 37.84   	 254.32		 44.07   	  81.38		
 38.86   	 239.06		 44.39   	 111.90		
 39.82   	 228.89		 44.84   	 147.51		
 40.73   	 213.63		 45.43   	 183.11		
 41.59   	 193.29		 46.16   	 208.54		
 42.36   	 188.20		 47.00   	 228.89		
 43.11   	 183.11		 47.91   	 239.06		
 43.85   	 183.11		 48.87   	 249.24		
 44.58   	 218.72		 49.87   	 279.75		
 45.45   	 223.80		 50.99   	 274.67		
 46.35   	 239.06		 52.09   	 259.41		
 47.30   	 249.24		 53.12   	 254.32		
 48.30   	 259.41		 54.14   	 244.15		
 49.34   	 274.67		 55.12   	 244.15		
 50.44   	 279.75		 56.09   	 233.98		
 51.56   	 295.01		 57.03   	 233.98		
 52.74   	 300.10		 57.97   	 233.98		
 53.94   	 310.27		 58.90   	 228.89		
 55.18   	 310.27		 59.82   	 223.80		
 56.42   	 310.27		 60.71   	 223.80		
 57.66   	 300.10		 61.61   	 213.63		
 58.86   	 284.84		 62.46   	 213.63		
 60.00   	 269.58		 63.32   	 203.46		
 61.08   	 244.15		 64.13   	 193.29		
 62.05   	 218.72		 64.90   	 188.20		
 62.93   	 183.11		 65.66   	 172.94		
 63.66   	 152.59		 66.35   	 167.85		
 64.27   	 122.07		 67.02   	 152.59		
 64.76   	  91.56		 67.63   	 147.51		
 65.13   	  61.04		 68.22   	 137.33		
 65.37   	  45.78		 68.77   	 137.33		
 65.55   	  25.43		 69.32   	 132.25		
 65.66   	  10.17		 69.85   	 127.16		
 65.70   	   0.00		 70.36   	 132.25		
 65.70   	  -5.09		 70.88   	 122.07		
 65.68   	  -5.09		 71.37   	 106.82		
 65.66   	 -10.17		 71.80   	  86.47		
 65.62   	 -10.17		 72.15   	  71.21		
 65.57   	 -10.17		 72.43   	  45.78		
 65.53   	  -5.09		 72.61   	  20.35		
 65.51   	  10.17		 72.70   	   5.09		
 65.55   	  15.26		 72.72(S)	 -15.26		
 65.62   	  25.43		 72.65   	 -35.61		
 65.72   	  15.26		 72.51   	 -45.78		
 65.78(S)	   0.00		 72.33   	 -55.95		
 65.78   	 -30.52		 72.11   	 -71.21		
 65.66   	 -66.12		 71.82   	 -76.30		
 65.39   	-106.82		 71.52   	 -91.56		
 64.96   	-152.59		 71.15   	-106.82		
 64.35   	-183.11		 70.72   	-116.99		
 63.62   	-213.63		 70.25   	-132.25		
 62.77   	-223.80		 69.73   	-137.33		
 61.87   	-239.06		 69.18   	-147.51		
 60.92   	-228.89		 68.59   	-157.68		
 60.00   	-228.89		 67.95   	-162.77		
 59.08   	-208.54		 67.30   	-157.68		
 58.25   	-193.29		 66.67   	-167.85		
 57.48   	-178.03		 66.00   	-157.68		
 56.76   	-157.68		 65.37   	-162.77		
 56.13   	-147.51		 64.72   	-157.68		
 55.54   	-132.25		 64.09   	-152.59		
 55.02   	-127.16		 63.48   	-147.51		
 54.51   	-127.16		 62.89   	-142.42		
 54.00   	-122.07		 62.32   	-132.25		
 53.51   	-127.16		 61.79   	-122.07		
 53.00   	-122.07		 61.30   	-116.99		
 52.51   	-122.07		 60.83   	-111.90		
 52.02   	-116.99		 60.39   	-106.82		
 51.56   	-106.82		 59.96   	-101.73		
 51.13   	 -91.56		 59.55   	 -96.64		
 50.76   	 -76.30		 59.17   	 -96.64		
 50.46   	 -50.86		 58.78   	 -91.56		
 50.25   	 -30.52		 58.41   	 -96.64		
 50.13   	  -5.09		 58.03   	 -86.47		
 50.11   	  25.43		 57.68   	 -91.56		
 50.21   	  40.69		 57.31   	 -81.38		
 50.38   	  55.95		 56.99   	 -81.38		
 50.60   	  71.21		 56.66   	 -76.30		
 50.88   	  76.30		 56.36   	 -76.30		
 51.19   	  66.12		 56.05   	 -71.21		
 51.45   	  61.04		 55.77   	 -71.21		
 51.70   	  45.78		 55.48   	 -66.12		
 51.88   	  30.52		 55.22   	 -66.12		
 52.00   	   5.09		 54.95   	 -61.04		
 52.02   	 -20.35		 54.71   	 -61.04		
 51.94   	 -35.61		 54.47   	 -55.95		
 51.80   	 -61.04		 54.24   	 -50.86		
 51.56   	 -76.30		 54.04   	 -45.78		
 51.25   	 -96.64		 53.86   	 -45.78		
 50.86   	-101.73		 53.67   	 -45.78		
 50.46   	-111.90		 53.49   	 -40.69		
 50.01   	-122.07		 53.33   	 -40.69		
 49.52   	-116.99		 53.16   	 -35.61		
 49.05   	-122.07		 53.02   	 -35.61		
 48.57   	-116.99		 52.88   	 -30.52		
 48.10   	-116.99		 52.76   	 -35.61		
 47.63   	-106.82		 52.61   	 -30.52		
 47.20   	-101.73		 52.49   	 -30.52		
 46.80   	 -96.64		 52.37   	 -30.52		
 46.41   	 -91.56		 52.25   	 -30.52		
 46.04   	 -86.47		 52.13   	 -30.52		
 45.70   	 -76.30		 52.00   	 -35.61		
 45.39   	 -76.30		 51.86   	 -25.43		
 45.09   	 -71.21		 51.76   	 -30.52		
 44.80   	 -71.21		 51.64   	 -25.43		
 44.52   	 -66.12		 51.54   	 -25.43		
 44.25   	 -61.04		 51.43   	 -25.43		
 44.01   	 -66.12		 51.33   	 -20.35		
 43.74   	 -66.12		 51.25   	 -25.43		
 43.48   	 -66.12		 51.15   	 -20.35		
 43.21   	 -71.21		 51.07   	 -20.35		
 42.93   	 -71.21		 50.99   	 -20.35		
 42.64   	 -66.12		 50.91   	 -25.43		
 42.38   	 -76.30		 50.80   	 -20.35		
 42.08   	 -71.21		 50.72   	 -20.35		
 41.79   	 -81.38		 50.64   	 -20.35		
 41.46   	 -81.38		 50.56   	 -20.35		
 41.14   	 -76.30		 50.48   	 -25.43		
 40.83   	 -76.30		 50.38   	 -15.26		
 40.53   	 -76.30		 50.32   	 -20.35		
 40.22   	 -76.30		 50.23   	 -20.35		
 39.92   	 -71.21		 50.15   	 -15.26		
 39.63   	 -71.21		 50.09   	 -20.35		
 39.35   	 -66.12		 50.01   	 -15.26		
 39.08   	 -55.95		 49.95   	 -20.35		
 38.86   	 -50.86		 49.87   	 -15.26		
 38.66   	 -30.52		 49.81   	 -20.35		
 38.53   	 -20.35		 49.73   	 -15.26		
 38.45   	  -5.09		 49.66   	 -15.26		
 38.43   	   0.00		 49.60   	 -20.35		
 38.43   	   5.09		 49.52   	 -20.35		
 38.45   	  10.17		 49.44   	 -15.26		
 38.49   	   5.09		 49.38   	 -15.26		
 38.51   	 -10.17		 49.32   	 -15.26		
 38.47   	 -15.26		 49.26   	 -15.26		
 38.41   	 -35.61		 49.20   	 -20.35		
 38.27   	 -45.78		 49.11   	 -10.17		
 38.09   	 -55.95		 49.07   	 -15.26		
 37.86   	 -66.12		 49.01   	 -15.26		
 37.60   	 -61.04		 48.95   	 -15.26		
 37.35   	 -55.95		 48.89   	 -20.35		
 37.13   	 -45.78		 48.81   	 -15.26		
 36.95   	 -30.52		 48.75   	 -20.35		
 36.83   	 -25.43		 48.67   	 -20.35		
 36.72   	 -15.26		 48.59   	 -20.35		
 36.66   	 -10.17		 48.50   	 -20.35		
 36.62(D)	   0.00		 48.42   	 -20.35		
 36.62   	   5.09		 48.34   	 -20.35		
 36.64   	  20.35		 48.26   	 -25.43		
 36.72   	  35.61		 48.16   	 -20.35		
 36.87   	  55.95		 48.08   	 -20.35		
 37.09   	  71.21		 48.00   	 -20.35		
 37.38   	  91.56		 47.91   	 -20.35		
 37.74   	 111.90		 47.83   	 -20.35		
 38.19   	 127.16		 47.75   	 -15.26		
 38.70   	 142.42		 47.69   	 -15.26		
 39.27   	 157.68		 47.63   	 -15.26		
 39.90   	 162.77		 47.57   	  -5.09		
 40.55   	 178.03		 47.55(D)	   0.00		
 41.26   	 183.11		 47.55   	  15.26		
 41.99   	 193.29		 47.61   	  35.61		
 42.77   	 193.29		 47.75   	  55.95		
 43.54   	 203.46		 47.98   	  76.30		
 44.35   	 203.46		 48.28   	 111.90		
 45.17   	 208.54		 48.73   	 132.25		
 46.00   	 244.15		 49.26   	 203.46		
 46.98   	 249.24		 50.07   	 208.54		
 47.98   	 249.24		 50.91   	 223.80		
 48.97   	 249.24		 51.80   	 223.80		
 49.97   	 254.32		 52.70   	 223.80		
 50.99   	 259.41		 53.59   	 223.80		
 52.02   	 254.32		 54.49   	 218.72		
 53.04   	 254.32		 55.36   	 213.63		
 54.06   	 254.32		 56.22   	 213.63		
 55.08   	 249.24		 57.07   	 203.46		
 56.07   	 244.15		 57.88   	 203.46		
 57.05   	 239.06		 58.70   	 198.37		
 58.01   	 239.06		 59.49   	 193.29		
 58.96   	 233.98		 60.26   	 198.37		
 59.90   	 233.98		 61.06   	 188.20		
 60.83   	 228.89		 61.81   	 188.20		
 61.75   	 223.80		 62.56   	 188.20		
 62.64   	 213.63		 63.32   	 183.11		
 63.50   	 193.29		 64.05   	 178.03		
 64.27   	 172.94		 64.76   	 178.03		
 64.96   	 147.51		 65.47   	 172.94		
 65.55   	 122.07		 66.16   	 167.85		
 66.04   	  96.64		 66.84   	 167.85		
 66.43   	  71.21		 67.51   	 157.68		
 66.71   	  50.86		 68.14   	 152.59		
 66.92   	  20.35		 68.75   	 147.51		
 67.00   	  10.17		 69.34   	 132.25		
 67.04   	   5.09		 69.87   	 116.99		
 67.06   	   0.00		 70.34   	 101.73		
 67.06   	  -5.09		 70.74   	  86.47		
 67.04   	   0.00		 71.09   	  81.38		
 67.04   	   0.00		 71.41   	  66.12		
 67.04   	  -5.09		 71.68   	  61.04		
 67.02   	   0.00		 71.92   	  50.86		
 67.02   	   5.09		 72.13   	  45.78		
 67.04   	  15.26		 72.31   	  30.52		
 67.10   	  25.43		 72.43   	  20.35		
 67.20   	  30.52		 72.51   	   5.09		
 67.32   	  25.43		 72.53(S)	 -10.17		
 67.43   	  10.17		 72.49   	 -30.52		
 67.47(S)	 -20.35		 72.37   	 -40.69		
 67.39   	 -50.86		 72.21   	 -61.04		
 67.18   	 -86.47		 71.96   	 -76.30		
 66.84   	-132.25		 71.66   	 -86.47		
 66.31   	-162.77		 71.31   	-101.73		
 65.66   	-193.29		 70.91   	-116.99		
 64.88   	-213.63		 70.44   	-122.07		
 64.03   	-218.72		 69.95   	-127.16		
 63.15   	-213.63		 69.44   	-142.42		
 62.30   	-213.63		 68.87   	-142.42		
 61.44   	-193.29		 68.30   	-147.51		
 60.67   	-178.03		 67.71   	-152.59		
 59.96   	-157.68		 67.10   	-157.68		
 59.33   	-137.33		 66.47   	-152.59		
 58.78   	-122.07		 65.86   	-147.51		
 58.29   	-106.82		 65.27   	-147.51		
 57.86   	 -96.64		 64.68   	-142.42		
 57.48   	 -96.64		 64.11   	-132.25		
 57.09   	 -91.56		 63.58   	-127.16		
 56.72   	 -91.56		 63.07   	-122.07		
 56.36   	 -91.56		 62.58   	-111.90		
 55.99   	 -96.64		 62.14   	-101.73		
 55.61   	 -96.64		 61.73   	-101.73		
 55.22   	 -96.64		 61.32   	 -96.64		
 54.83   	 -91.56		 60.94   	 -96.64		
 54.47   	 -81.38		 60.55   	 -86.47		
 54.14   	 -76.30		 60.20   	 -91.56		
 53.83   	 -66.12		 59.84   	 -86.47		
 53.57   	 -50.86		 59.49   	 -86.47		
 53.37   	 -30.52		 59.15   	 -86.47		
 53.24   	 -20.35		 58.80   	 -81.38		
 53.16   	   0.00		 58.47   	 -86.47		
 53.16   	   5.09		 58.13   	 -81.38		
 53.18   	  20.35		 57.80   	 -76.30		
 53.27   	  30.52		 57.50   	 -76.30		
 53.39   	  25.43		 57.19   	 -71.21		
 53.49   	  30.52		 56.91   	 -66.12		
 53.61   	  20.35		 56.64   	 -61.04		
 53.69   	  15.26		 56.40   	 -61.04		
 53.75   	   0.00		 56.15   	 -61.04		
 53.75   	 -10.17		 55.91   	 -50.86		
 53.71   	 -25.43		 55.71   	 -55.95		
 53.61   	 -35.61		 55.48   	 -50.86		
 53.47   	 -50.86		 55.28   	 -45.78		
 53.27   	 -55.95		 55.10   	 -50.86		
 53.04   	 -71.21		 54.89   	 -45.78		
 52.76   	 -76.30		 54.71   	 -40.69		
 52.45   	 -86.47		 54.55   	 -40.69		
 52.11   	 -86.47		 54.38   	 -35.61		
 51.76   	 -91.56		 54.24   	 -30.52		
 51.39   	 -96.64		 54.12   	 -35.61		
 51.01   	 -96.64		 53.98   	 -30.52		
 50.62   	-101.73		 53.86   	 -30.52		
 50.21   	 -91.56		 53.73   	 -30.52		
 49.85   	 -96.64		 53.61   	 -25.43		
 49.46   	 -86.47		 53.51   	 -30.52		
 49.11   	 -86.47		 53.39   	 -30.52		
 48.77   	 -81.38		 53.27   	 -30.52		
 48.44   	 -76.30		 53.14   	 -30.52		
 48.14   	 -71.21		 53.02   	 -25.43		
 47.85   	 -71.21		 52.92   	 -30.52		
 47.57   	 -66.12		 52.80   	 -25.43		
 47.30   	 -71.21		 52.70   	 -25.43		
 47.02   	 -66.12		 52.59   	 -30.52		
 46.75   	 -71.21		 52.47   	 -25.43		
 46.47   	 -71.21		 52.37   	 -25.43		
 46.18   	 -71.21		 52.27   	 -25.43		
 45.90   	 -76.30		 52.17   	 -25.43		
 45.59   	 -81.38		 52.06   	 -25.43		
 45.27   	 -96.64		 51.96   	 -25.43		
 44.88   	 -91.56		 51.86   	 -25.43		
 44.52   	 -91.56		 51.76   	 -25.43		
 44.15   	 -91.56		 51.66   	 -25.43		
 43.78   	 -86.47		 51.56   	 -20.35		
 43.44   	 -86.47		 51.47   	 -20.35		
 43.09   	 -76.30		 51.39   	 -25.43		
 42.79   	 -76.30		 51.29   	 -20.35		
 42.48   	 -71.21		 51.21   	 -20.35		
 42.20   	 -61.04		 51.13   	 -20.35		
 41.95   	 -50.86		 51.05   	 -25.43		
 41.75   	 -45.78		 50.95   	 -20.35		
 41.57   	 -25.43		 50.86   	 -20.35		
 41.46   	 -10.17		 50.78   	 -20.35		
 41.42   	   0.00		 50.70   	 -20.35		
 41.42   	  15.26		 50.62   	 -15.26		
 41.49   	  15.26		 50.56   	 -20.35		
 41.55   	  20.35		 50.48   	 -20.35		
 41.63   	  15.26		 50.40   	 -20.35		
 41.69   	  10.17		 50.32   	 -15.26		
 41.73   	 -10.17		 50.25   	 -20.35		
 41.69   	 -20.35		 50.17   	 -20.35		
 41.61   	 -45.78		 50.09   	 -15.26		
 41.42   	 -66.12		 50.03   	 -20.35		
 41.16   	 -81.38		 49.95   	 -20.35		
 40.83   	-116.99		 49.87   	 -20.35		
 40.37   	-116.99		 49.79   	 -20.35		
 39.90   	-106.82		 49.70   	 -20.35		
 39.47   	 -96.64		 49.62   	 -25.43		
 39.08   	 -71.21		 49.52   	 -20.35		
 38.80   	 -50.86		 49.44   	 -25.43		
 38.60   	 -35.61		 49.34   	 -25.43		
 38.45   	 -15.26		 49.24   	 -25.43		
 38.39   	  -5.09		 49.14   	 -25.43		
 38.37(D)	   0.00		 49.03   	 -25.43		
 38.37   	  15.26		 48.93   	 -25.43		
 38.43   	  25.43		 48.83   	 -20.35		
 38.53   	  35.61		 48.75   	 -25.43		
 38.68   	  55.95		 48.65   	 -25.43		
 38.90   	  76.30		 48.55   	 -25.43		
 39.21   	 101.73		 48.44   	 -20.35		
 39.61   	 122.07		 48.36   	 -20.35		
 40.10   	 142.42		 48.28   	 -10.17		
 40.67   	 157.68		 48.24   	  -5.09		
 41.30   	 172.94		 48.22(D)	   0.00		
 41.99   	 188.20		 48.22   	  20.35		
 42.75   	 193.29		 48.30   	  40.69		
 43.52   	 198.37		 48.46   	  55.95		
 44.31   	 198.37		 48.69   	  91.56		
 45.11   	 203.46		 49.05   	 111.90		
 45.92   	 223.80		 49.50   	 188.20		
 46.82   	 218.72		 50.25   	 203.46		
 47.69   	 213.63		 51.07   	 218.72		
 48.55   	 208.54		 51.94   	 228.89		
 49.38   	 203.46		 52.86   	 228.89		
 50.19   	 198.37		 53.77   	 233.98		
 50.99   	 193.29		 54.71   	 223.80		
 51.76   	 188.20		 55.61   	 228.89		
 52.51   	 183.11		 56.52   	 218.72		
 53.24   	 183.11		 57.40   	 218.72		
 53.98   	 183.11		 58.27   	 218.72		
 54.71   	 183.11		 59.15   	 218.72		
 55.44   	 193.29		 60.02   	 213.63		
 56.22   	 188.20		 60.87   	 208.54		
 56.97   	 198.37		 61.71   	 213.63		
 57.76   	 198.37		 62.56   	 203.46		
 58.56   	 193.29		 63.38   	 203.46		
 59.33   	 193.29		 64.19   	 198.37		
 60.10   	 183.11		 64.98   	 193.29		
 60.83   	 172.94		 65.76   	 193.29		
 61.53   	 157.68		 66.53   	 193.29		
 62.16   	 142.42		 67.30   	 188.20		
 62.73   	 127.16		 68.06   	 183.11		
 63.23   	 106.82		 68.79   	 183.11		
 63.66   	  86.47		 69.52   	 172.94		
 64.01   	  61.04		 70.21   	 178.03		
 64.25   	  35.61		 70.93   	 157.68		
 64.39   	  25.43		 71.56   	 142.42		
 64.50   	  10.17		 72.13   	 127.16		
 64.54(S)	  -5.09		 72.63   	 106.82		
 64.52   	 -15.26		 73.06   	  96.64		
 64.46   	 -15.26		 73.45   	  86.47		
 64.39   	 -25.43		 73.79   	  76.30		
 64.29   	 -20.35		 74.10   	  71.21		
 64.21   	 -20.35		 74.38   	  61.04		
 64.13   	  -5.09		 74.63   	  45.78		
 64.11   	   5.09		 74.81   	  35.61		
 64.13   	  20.35		 74.95   	  20.35		
 64.21   	  30.52		 75.04(S)	   0.00		
 64.33   	  25.43		 75.04   	 -10.17		
 64.44   	  15.26		 74.99   	 -30.52		
 64.50   	 -20.35		 74.87   	 -50.86		
 64.41   	 -50.86		 74.67   	 -66.12		
 64.21   	 -91.56		 74.40   	 -86.47		
 63.85   	-132.25		 74.06   	 -96.64		
 63.32   	-162.77		 73.67   	-111.90		
 62.67   	-193.29		 73.22   	-122.07		
 61.89   	-203.46		 72.74   	-132.25		
 61.08   	-208.54		 72.21   	-142.42		
 60.24   	-198.37		 71.64   	-147.51		
 59.45   	-193.29		 71.05   	-152.59		
 58.68   	-172.94		 70.44   	-157.68		
 57.99   	-152.59		 69.81   	-157.68		
 57.38   	-132.25		 69.18   	-167.85		
 56.85   	-122.07		 68.50   	-162.77		
 56.36   	-106.82		 67.85   	-162.77		
 55.93   	 -96.64		 67.20   	-157.68		
 55.54   	 -96.64		 66.57   	-157.68		
 55.16   	 -91.56		 65.94   	-147.51		
 54.79   	 -91.56		 65.35   	-142.42		
 54.43   	 -91.56		 64.78   	-132.25		
 54.06   	 -96.64		 64.25   	-127.16		
 53.67   	 -91.56		 63.74   	-116.99		
 53.31   	 -96.64		 63.28   	-111.90		
 52.92   	 -86.47		 62.83   	-111.90		
 52.57   	 -86.47		 62.38   	-101.73		
 52.23   	 -71.21		 61.97   	-101.73		
 51.94   	 -61.04		 61.57   	-101.73		
 51.70   	 -50.86		 61.16   	 -91.56		
 51.50   	 -40.69		 60.79   	 -96.64		
 51.33   	 -25.43		 60.41   	 -86.47		
 51.23   	 -15.26		 60.06   	 -86.47		
 51.17   	  -5.09		 59.71   	 -86.47		
 51.15   	   5.09		 59.37   	 -86.47		
 51.17   	   5.09		 59.02   	 -76.30		
 51.19   	   5.09		 58.72   	 -81.38		
 51.21   	   5.09		 58.39   	 -76.30		
 51.23   	   5.09		 58.09   	 -76.30		
 51.25   	  -5.09		 57.78   	 -76.30		
 51.23   	 -15.26		 57.48   	 -66.12		
 51.17   	 -20.35		 57.21   	 -66.12		
 51.09   	 -35.61		 56.95   	 -55.95		
 50.95   	 -45.78		 56.72   	 -55.95		
 50.76   	 -50.86		 56.50   	 -55.95		
 50.56   	 -61.04		 56.28   	 -45.78		
 50.32   	 -66.12		 56.09   	 -45.78		
 50.05   	 -76.30		 55.91   	 -40.69		
 49.75   	 -76.30		 55.75   	 -40.69		
 49.44   	 -86.47		 55.58   	 -40.69		
 49.09   	 -81.38		 55.42   	 -40.69		
 48.77   	 -91.56		 55.26   	 -40.69		
 48.40   	 -86.47		 55.10   	 -35.61		
 48.06   	 -86.47		 54.95   	 -35.61		
 47.71   	 -91.56		 54.81   	 -30.52		
 47.34   	 -81.38		 54.69   	 -35.61		
 47.02   	 -81.38		 54.55   	 -30.52		
 46.69   	 -81.38		 54.43   	 -30.52		
 46.37   	 -76.30		 54.30   	 -35.61		
 46.06   	 -71.21		 54.16   	 -25.43		
 45.78   	 -66.12		 54.06   	 -30.52		
 45.51   	 -71.21		 53.94   	 -30.52		
 45.23   	 -61.04		 53.81   	 -25.43		
 44.98   	 -66.12		 53.71   	 -30.52		
 44.72   	 -66.12		 53.59   	 -25.43		
 44.46   	 -71.21		 53.49   	 -30.52		
 44.17   	 -66.12		 53.37   	 -25.43		
 43.91   	 -76.30		 53.27   	 -25.43		
 43.60   	 -71.21		 53.16   	 -30.52		
 43.32   	 -91.56		 53.04   	 -30.52		
 42.95   	 -96.64		 52.92   	 -35.61		
 42.56   	 -96.64		 52.78   	 -30.52		
 42.18   	 -96.64		 52.65   	 -30.52		
 41.79   	 -96.64		 52.53   	 -25.43		
 41.40   	 -91.56		 52.43   	 -25.43		
 41.04   	 -96.64		 52.33   	 -25.43		
 40.65   	 -91.56		 52.23   	 -25.43		
 40.28   	 -91.56		 52.13   	 -20.35		
 39.92   	 -81.38		 52.04   	 -25.43		
 39.59   	 -71.21		 51.94   	 -25.43		
 39.31   	 -61.04		 51.84   	 -25.43		
 39.06   	 -45.78		 51.74   	 -20.35		
 38.88   	 -25.43		 51.66   	 -25.43		
 38.78   	  -5.09		 51.56   	 -25.43		
 38.76   	  10.17		 51.45   	 -25.43		
 38.80   	  20.35		 51.35   	 -20.35		
 38.88   	  20.35		 51.27   	 -25.43		
 38.96   	  15.26		 51.17   	 -20.35		
 39.02   	  10.17		 51.09   	 -20.35		
 39.06   	 -15.26		 51.01   	 -20.35		
 39.00   	 -30.52		 50.93   	 -15.26		
 38.88   	 -55.95		 50.86   	 -20.35		
 38.66   	 -81.38		 50.78   	 -20.35		
 38.33   	 -96.64		 50.70   	 -15.26		
 37.94   	-137.33		 50.64   	 -20.35		
 37.40   	-127.16		 50.56   	 -20.35		
 36.89   	-116.99		 50.48   	 -25.43		
 36.42   	 -91.56		 50.38   	 -20.35		
 36.05   	 -61.04		 50.29   	 -25.43		
 35.81   	 -35.61		 50.19   	 -25.43		
 35.67   	 -10.17		 50.09   	 -25.43		
 35.63(D)	  10.17		 49.99   	 -25.43		
 35.67   	  25.43		 49.89   	 -25.43		
 35.77   	  35.61		 49.79   	 -30.52		
 35.91   	  50.86		 49.66   	 -25.43		
 36.11   	  55.95		 49.56   	 -25.43		
 36.34   	  66.12		 49.46   	 -25.43		
 36.60   	  71.21		 49.36   	 -25.43		
 36.89   	  86.47		 49.26   	 -20.35		
 37.23   	 101.73		 49.18   	 -25.43		
 37.64   	 101.73		 49.07   	 -20.35		
 38.05   	 116.99		 48.99   	 -20.35		
 38.51   	 122.07		 48.91   	 -20.35		
 39.00   	 127.16		 48.83   	 -15.26		
 39.51   	 132.25		 48.77   	  -5.09		
 40.04   	 137.33		 48.75(D)	   5.09		
 40.59   	 142.42		 48.77   	  20.35		
 41.16   	 152.59		 48.85   	  40.69		
 41.77   	 162.77		 49.01   	  61.04		
 42.42   	 203.46		 49.26   	 127.16		
 43.23   	 218.72		 49.77   	 147.51		
 44.11   	 223.80		 50.36   	 167.85		
 45.00   	 228.89		 51.03   	 188.20		
 45.92   	 233.98		 51.78   	 198.37		
 46.86   	 233.98		 52.57   	 198.37		
 47.79   	 233.98		 53.37   	 208.54		
 48.73   	 228.89		 54.20   	 203.46		
 49.64   	 228.89		 55.02   	 208.54		
 50.56   	 218.72		 55.85   	 198.37		
 51.43   	 213.63		 56.64   	 198.37		
 52.29   	 213.63		 57.44   	 198.37		
 53.14   	 203.46		 58.23   	 193.29		
 53.96   	 208.54		 59.00   	 193.29		
 54.79   	 208.54		 59.78   	 188.20		
 55.63   	 208.54		 60.53   	 193.29		
 56.46   	 213.63		 61.30   	 183.11		
 57.31   	 208.54		 62.03   	 188.20		
 58.15   	 203.46		 62.79   	 183.11		
 58.96   	 198.37		 63.52   	 183.11		
 59.76   	 178.03		 64.25   	 183.11		
 60.47   	 167.85		 64.98   	 178.03		
 61.14   	 142.42		 65.70   	 178.03		
 61.71   	 122.07		 66.41   	 172.94		
 62.20   	  96.64		 67.10   	 172.94		
 62.58   	  66.12		 67.79   	 178.03		
 62.85   	  45.78		 68.50   	 167.85		
 63.03   	  30.52		 69.18   	 157.68		
 63.15   	  20.35		 69.81   	 142.42		
 63.23(S)	   0.00		 70.38   	 132.25		
 63.23   	  -5.09		 70.91   	 111.90		
 63.21   	 -15.26		 71.35   	 101.73		
 63.15   	 -20.35		 71.76   	  86.47		
 63.07   	 -30.52		 72.11   	  71.21		
 62.95   	 -25.43		 72.39   	  61.04		
 62.85   	 -35.61		 72.63   	  50.86		
 62.71   	 -25.43		 72.84   	  40.69		
 62.60   	 -15.26		 73.00   	  25.43		
 62.54   	  -5.09		 73.10   	  10.17		
 62.52   	   0.00		 73.14(S)	   0.00		
 62.52   	  -5.09		 73.14   	 -15.26		
 62.50   	 -15.26		 73.08   	 -25.43		
 62.44   	 -35.61		 72.98   	 -40.69		
 62.30   	 -66.12		 72.82   	 -55.95		
 62.03   	-101.73		 72.59   	 -71.21		
 61.63   	-127.16		 72.31   	 -81.38		
 61.12   	-157.68		 71.98   	 -96.64		
 60.49   	-172.94		 71.60   	-111.90		
 59.80   	-178.03		 71.15   	-116.99		
 59.08   	-188.20		 70.68   	-132.25		
 58.33   	-178.03		 70.15   	-137.33		
 57.62   	-172.94		 69.60   	-142.42		
 56.93   	-157.68		 69.03   	-147.51		
 56.30   	-142.42		 68.44   	-152.59		
 55.73   	-132.25		 67.83   	-157.68		
 55.20   	-122.07		 67.20   	-152.59		
 54.71   	-116.99		 66.59   	-152.59		
 54.24   	-106.82		 65.98   	-152.59		
 53.81   	-106.82		 65.37   	-142.42		
 53.39   	-101.73		 64.80   	-142.42		
 52.98   	 -96.64		 64.23   	-132.25		
 52.59   	-101.73		 63.70   	-127.16		
 52.19   	 -96.64		 63.19   	-116.99		
 51.80   	 -91.56		 62.73   	-116.99		
 51.43   	 -91.56		 62.26   	-101.73		
 51.07   	 -76.30		 61.85   	-101.73		
 50.76   	 -71.21		 61.44   	 -96.64		
 50.48   	 -55.95		 61.06   	 -96.64		
 50.25   	 -40.69		 60.67   	 -91.56		
 50.09   	 -30.52		 60.30   	 -91.56		
 49.97   	 -15.26		 59.94   	 -91.56		
 49.91   	  -5.09		 59.57   	 -86.47		
 49.89   	   5.09		 59.23   	 -86.47		
 49.91   	  15.26		 58.88   	 -86.47		
 49.97   	  10.17		 58.53   	 -81.38		
 50.01   	  15.26		 58.21   	 -76.30		
 50.07   	   5.09		 57.90   	 -76.30		
 50.09   	   0.00		 57.60   	 -76.30		
 50.09   	 -10.17		 57.29   	 -66.12		
 50.05   	 -25.43		 57.03   	 -66.12		
 49.95   	 -35.61		 56.76   	 -61.04		
 49.81   	 -50.86		 56.52   	 -61.04		
 49.60   	 -66.12		 56.28   	 -55.95		
 49.34   	 -71.21		 56.05   	 -55.95		
 49.05   	 -81.38		 55.83   	 -50.86		
 48.73   	 -91.56		 55.63   	 -50.86		
 48.36   	 -91.56		 55.42   	 -50.86		
 48.00   	 -96.64		 55.22   	 -40.69		
 47.61   	 -96.64		 55.06   	 -45.78		
 47.22   	 -91.56		 54.87   	 -40.69		
 46.86   	 -96.64		 54.71   	 -35.61		
 46.47   	 -91.56		 54.57   	 -35.61		
 46.10   	 -86.47		 54.43   	 -35.61		
 45.76   	 -81.38		 54.28   	 -35.61		
 45.43   	 -81.38		 54.14   	 -35.61		
 45.11   	 -76.30		 54.00   	 -30.52		
 44.80   	 -71.21		 53.88   	 -35.61		
 44.52   	 -71.21		 53.73   	 -30.52		
 44.23   	 -66.12		 53.61   	 -30.52		
 43.97   	 -61.04		 53.49   	 -35.61		
 43.72   	 -66.12		 53.35   	 -30.52		
 43.46   	 -61.04		 53.22   	 -30.52		
 43.21   	 -61.04		 53.10   	 -30.52		
 42.97   	 -76.30		 52.98   	 -30.52		
 42.67   	 -76.30		 52.86   	 -35.61		
 42.36   	 -76.30		 52.72   	 -30.52		
 42.05   	 -86.47		 52.59   	 -30.52		
 41.71   	 -81.38		 52.47   	 -30.52		
 41.38   	 -86.47		 52.35   	 -25.43		
 41.04   	 -86.47		 52.25   	 -25.43		
 40.69   	 -91.56		 52.15   	 -25.43		
 40.33   	 -91.56		 52.04   	 -20.35		
 39.96   	 -86.47		 51.96   	 -25.43		
 39.61   	 -91.56		 51.86   	 -20.35		
 39.25   	 -86.47		 51.78   	 -25.43		
 38.90   	 -76.30		 51.68   	 -20.35		
 38.60   	 -61.04		 51.60   	 -25.43		
 38.35   	 -45.78		 51.50   	 -25.43		
 38.17   	 -15.26		 51.39   	 -20.35		
 38.11   	   0.00		 51.31   	 -25.43		
 38.11   	  15.26		 51.21   	 -25.43		
 38.17   	  15.26		 51.11   	 -20.35		
 38.23   	  20.35		 51.03   	 -20.35		
 38.31   	   5.09		 50.95   	 -20.35		
 38.33   	 -15.26		 50.86   	 -20.35		
 38.27   	 -40.69		 50.78   	 -15.26		
 38.11   	 -66.12		 50.72   	 -15.26		
 37.84   	 -86.47		 50.66   	 -20.35		
 37.50   	-142.42		 50.58   	 -20.35		
 36.93   	-142.42		 50.50   	 -20.35		
 36.36   	-132.25		 50.42   	 -20.35		
 35.83   	-122.07		 50.34   	 -25.43		
 35.34   	 -96.64		 50.23   	 -25.43		
 34.95   	 -71.21		 50.13   	 -20.35		
 34.67   	 -40.69		 50.05   	 -25.43		
 34.51   	 -10.17		 49.95   	 -25.43		
 34.47(D)	  20.35		 49.85   	 -25.43		
 34.55   	  40.69		 49.75   	 -25.43		
 34.71   	  61.04		 49.64   	 -25.43		
 34.95   	  81.38		 49.54   	 -20.35		
 35.28   	  96.64		 49.46   	 -25.43		
 35.67   	 106.82		 49.36   	 -20.35		
 36.09   	 116.99		 49.28   	 -20.35		
 36.56   	 122.07		 49.20   	 -20.35		
 37.05   	 127.16		 49.11   	 -15.26		
 37.56   	 127.16		 49.05   	 -20.35		
 38.07   	 132.25		 48.97   	 -20.35		
 38.60   	 137.33		 48.89   	 -15.26		
 39.15   	 132.25		 48.83   	 -10.17		
 39.67   	 137.33		 48.79   	  -5.09		
 40.22   	 147.51		 48.77(D)	   5.09		
 40.81   	 147.51		 48.79   	  15.26		
 41.40   	 157.68		 48.85   	  40.69		
 42.03   	 203.46		 49.01   	  86.47		
 42.85   	 208.54		 49.36   	 111.90		
 43.68   	 213.63		 49.81   	 132.25		
 44.54   	 223.80		 50.34   	 152.59		
 45.43   	 233.98		 50.95   	 167.85		
 46.37   	 233.98		 51.62   	 178.03		
 47.30   	 244.15		 52.33   	 183.11		
 48.28   	 244.15		 53.06   	 188.20		
 49.26   	 249.24		 53.81   	 188.20		
 50.25   	 249.24		 54.57   	 183.11		
 51.25   	 249.24		 55.30   	 188.20		
 52.25   	 244.15		 56.05   	 183.11		
 53.22   	 239.06		 56.79   	 183.11		
 54.18   	 228.89		 57.52   	 178.03		
 55.10   	 223.80		 58.23   	 183.11		
 55.99   	 213.63		 58.96   	 178.03		
 56.85   	 203.46		 59.67   	 172.94		
 57.66   	 198.37		 60.37   	 178.03		
 58.45   	 183.11		 61.08   	 172.94		
 59.19   	 172.94		 61.77   	 167.85		
 59.88   	 162.77		 62.44   	 167.85		
 60.53   	 147.51		 63.11   	 162.77		
 61.12   	 132.25		 63.76   	 162.77		
 61.65   	 111.90		 64.41   	 157.68		
 62.10   	  96.64		 65.05   	 152.59		
 62.48   	  76.30		 65.66   	 167.85		
 62.79   	  55.95		 66.33   	 162.77		
 63.01   	  45.78		 66.98   	 157.68		
 63.19   	  30.52		 67.61   	 147.51		
 63.32   	  15.26		 68.20   	 142.42		
 63.38   	  10.17		 68.77   	 127.16		
 63.42(S)	  -5.09		 69.28   	 116.99		
 63.40   	  -5.09		 69.75   	 101.73		
 63.38   	 -20.35		 70.15   	  86.47		
 63.30   	 -20.35		 70.50   	  71.21		
 63.21   	 -25.43		 70.78   	  55.95		
 63.11   	 -25.43		 71.01   	  40.69		
 63.01   	 -20.35		 71.17   	  25.43		
 62.93   	 -15.26		 71.27   	  20.35		
 62.87   	  -5.09		 71.35   	  10.17		
 62.85   	  -5.09		 71.39(S)	  -5.09		
 62.83   	 -15.26		 71.37   	 -10.17		
 62.77   	 -30.52		 71.33   	 -25.43		
 62.64   	 -55.95		 71.23   	 -40.69		
 62.42   	 -86.47		 71.07   	 -50.86		
 62.08   	-106.82		 70.86   	 -66.12		
 61.65   	-137.33		 70.60   	 -81.38		
 61.10   	-157.68		 70.27   	 -91.56		
 60.47   	-167.85		 69.91   	-101.73		
 59.80   	-167.85		 69.50   	-111.90		
 59.12   	-167.85		 69.05   	-127.16		
 58.45   	-162.77		 68.55   	-132.25		
 57.80   	-157.68		 68.02   	-137.33		
 57.17   	-147.51		 67.47   	-142.42		
 56.58   	-137.33		 66.90   	-152.59		
 56.03   	-127.16		 66.29   	-152.59		
 55.52   	-127.16		 65.68   	-147.51		
 55.02   	-122.07		 65.09   	-147.51		
 54.53   	-122.07		 64.50   	-147.51		
 54.04   	-111.90		 63.91   	-137.33		
 53.59   	-116.99		 63.36   	-127.16		
 53.12   	-111.90		 62.85   	-122.07		
 52.68   	-101.73		 62.36   	-116.99		
 52.27   	-101.73		 61.89   	-106.82		
 51.86   	 -86.47		 61.46   	-101.73		
 51.52   	 -81.38		 61.06   	 -96.64		
 51.19   	 -61.04		 60.67   	 -96.64		
 50.95   	 -50.86		 60.28   	 -91.56		
 50.74   	 -40.69		 59.92   	 -91.56		
 50.58   	 -20.35		 59.55   	 -91.56		
 50.50   	 -10.17		 59.19   	 -86.47		
 50.46   	   0.00		 58.84   	 -91.56		
 50.46   	  10.17		 58.47   	 -81.38		
 50.50   	  10.17		 58.15   	 -86.47		
 50.54   	  10.17		 57.80   	 -76.30		
 50.58   	   5.09		 57.50   	 -81.38		
 50.60   	   0.00		 57.17   	 -71.21		
 50.60   	  -5.09		 56.89   	 -76.30		
 50.58   	 -25.43		 56.58   	 -66.12		
 50.48   	 -35.61		 56.32   	 -66.12		
 50.34   	 -45.78		 56.05   	 -66.12		
 50.15   	 -66.12		 55.79   	 -61.04		
 49.89   	 -71.21		 55.54   	 -55.95		
 49.60   	 -86.47		 55.32   	 -55.95		
 49.26   	 -96.64		 55.10   	 -50.86		
 48.87   	-101.73		 54.89   	 -50.86		
 48.46   	-101.73		 54.69   	 -45.78		
 48.06   	-106.82		 54.51   	 -45.78		
 47.63   	-101.73		 54.32   	 -40.69		
 47.22   	-101.73		 54.16   	 -40.69		
 46.82   	 -96.64		 54.00   	 -40.69		
 46.43   	 -91.56		 53.83   	 -35.61		
 46.06   	 -86.47		 53.69   	 -40.69		
 45.72   	 -81.38		 53.53   	 -30.52		
 45.39   	 -76.30		 53.41   	 -35.61		
 45.09   	 -66.12		 53.27   	 -30.52		
 44.82   	 -66.12		 53.14   	 -35.61		
 44.56   	 -61.04		 53.00   	 -30.52		
 44.31   	 -55.95		 52.88   	 -30.52		
 44.09   	 -55.95		 52.76   	 -30.52		
 43.87   	 -50.86		 52.63   	 -30.52		
 43.66   	 -55.95		 52.51   	 -30.52		
 43.44   	 -50.86		 52.39   	 -30.52		
 43.23   	 -55.95		 52.27   	 -30.52		
 43.01   	 -55.95		 52.15   	 -30.52		
 42.79   	 -55.95		 52.02   	 -30.52		
 42.56   	 -71.21		 51.90   	 -30.52		
 42.28   	 -71.21		 51.78   	 -30.52		
 41.99   	 -76.30		 51.66   	 -25.43		
 41.69   	 -81.38		 51.56   	 -25.43		
 41.36   	 -81.38		 51.45   	 -20.35		
 41.04   	 -86.47		 51.37   	 -25.43		
 40.69   	 -86.47		 51.27   	 -25.43		
 40.35   	 -91.56		 51.17   	 -20.35		
 39.98   	 -91.56		 51.09   	 -25.43		
 39.61   	 -91.56		 50.99   	 -25.43		
 39.25   	 -96.64		 50.88   	 -25.43		
 38.86   	 -91.56		 50.78   	 -20.35		
 38.49   	 -86.47		 50.70   	 -25.43		
 38.15   	 -76.30		 50.60   	 -25.43		
 37.84   	 -55.95		 50.50   	 -20.35		
 37.62   	 -35.61		 50.42   	 -20.35		
 37.48   	 -10.17		 50.34   	 -20.35		
 37.44   	  10.17		 50.25   	 -20.35		
 37.48   	  25.43		 50.17   	 -20.35		
 37.58   	  20.35		 50.09   	 -15.26		
 37.66   	  20.35		 50.03   	 -20.35		
 37.74   	   0.00		 49.95   	 -15.26		
 37.74   	 -25.43		 49.89   	 -20.35		
 37.64   	 -50.86		 49.81   	 -20.35		
 37.44   	 -81.38		 49.73   	 -20.35		
 37.11   	-116.99		 49.64   	 -20.35		
 36.64   	-122.07		 49.56   	 -20.35		
 36.15   	-106.82		 49.48   	 -20.35		
 35.73   	 -91.56		 49.40   	 -20.35		
 35.36   	 -76.30		 49.32   	 -25.43		
 35.06   	 -50.86		 49.22   	 -20.35		
 34.85   	 -30.52		 49.14   	 -25.43		
 34.73   	 -15.26		 49.03   	 -25.43		
 34.67(D)	   5.09		 48.93   	 -20.35		
 34.69   	  15.26		 48.85   	 -20.35		
 34.75   	  30.52		 48.77   	 -25.43		
 34.87   	  40.69		 48.67   	 -20.35		
 35.04   	  55.95		 48.59   	 -20.35		
 35.26   	  71.21		 48.50   	 -25.43		
 35.54   	  86.47		 48.40   	 -15.26		
 35.89   	  96.64		 48.34   	 -20.35		
 36.28   	 111.90		 48.26   	 -20.35		
 36.72   	 127.16		 48.18   	 -15.26		
 37.23   	 137.33		 48.12   	 -15.26		
 37.78   	 147.51		 48.06   	 -10.17		
 38.37   	 157.68		 48.02   	 -10.17		
 39.00   	 167.85		 47.98(D)	   0.00		
 39.67   	 178.03		 47.98   	  15.26		
 40.39   	 188.20		 48.04   	  25.43		
 41.14   	 193.29		 48.14   	  45.78		
 41.91   	 233.98		 48.32   	 106.82		
 42.85   	 239.06		 48.75   	 122.07		
 43.80   	 239.06		 49.24   	 147.51		
 44.76   	 249.24		 49.83   	 167.85		
 45.76   	 244.15		 50.50   	 178.03		
 46.73   	 249.24		 51.21   	 183.11		
 47.73   	 254.32		 51.94   	 193.29		
 48.75   	 254.32		 52.72   	 193.29		
 49.77   	 254.32		 53.49   	 188.20		
 50.78   	 249.24		 54.24   	 188.20		
 51.78   	 249.24		 54.99   	 183.11		
 52.78   	 244.15		 55.73   	 183.11		
 53.75   	 244.15		 56.46   	 178.03		
 54.73   	 233.98		 57.17   	 183.11		
 55.67   	 233.98		 57.90   	 183.11		
 56.60   	 228.89		 58.64   	 178.03		
 57.52   	 223.80		 59.35   	 183.11		
 58.41   	 213.63		 60.08   	 172.94		
 59.27   	 203.46		 60.77   	 178.03		
 60.08   	 188.20		 61.49   	 167.85		
 60.83   	 167.85		 62.16   	 167.85		
 61.51   	 147.51		 62.83   	 162.77		
 62.10   	 127.16		 63.48   	 157.68		
 62.60   	 101.73		 64.11   	 152.59		
 63.01   	  86.47		 64.72   	 152.59		
 63.36   	  50.86		 65.33   	 167.85		
 63.56   	  40.69		 66.00   	 162.77		
 63.72   	  30.52		 66.65   	 152.59		
 63.85   	  10.17		 67.26   	 142.42		
 63.89   	  10.17		 67.83   	 132.25		
 63.93(S)	  -5.09		 68.36   	 122.07		
 63.91   	  -5.09		 68.85   	 106.82		
 63.89   	 -10.17		 69.28   	  91.56		
 63.85   	 -15.26		 69.64   	  76.30		
 63.78   	 -20.35		 69.95   	  61.04		
 63.70   	 -20.35		 70.19   	  50.86		
 63.62   	 -20.35		 70.40   	  40.69		
 63.54   	 -15.26		 70.56   	  35.61		
 63.48   	  -5.09		 70.70   	  25.43		
 63.46   	  10.17		 70.80   	  15.26		
 63.50   	   5.09		 70.86   	   5.09		
 63.52   	  -5.09		 70.88(S)	 -10.17		
 63.50   	 -20.35		 70.84   	 -20.35		
 63.42   	 -45.78		 70.76   	 -35.61		
 63.23   	 -76.30		 70.62   	 -55.95		
 62.93   	-111.90		 70.40   	 -61.04		
 62.48   	-137.33		 70.15   	 -81.38		
 61.93   	-162.77		 69.83   	 -91.56		
 61.28   	-178.03		 69.46   	-106.82		
 60.57   	-178.03		 69.03   	-116.99		
 59.86   	-183.11		 68.57   	-122.07		
 59.12   	-172.94		 68.08   	-137.33		
 58.43   	-167.85		 67.53   	-137.33		
 57.76   	-152.59		 66.98   	-147.51		
 57.15   	-147.51		 66.39   	-147.51		
 56.56   	-132.25		 65.80   	-147.51		
 56.03   	-127.16		 65.21   	-152.59		
 55.52   	-122.07		 64.60   	-142.42		
 55.04   	-116.99		 64.03   	-142.42		
 54.57   	-116.99		 63.46   	-137.33		
 54.10   	-116.99		 62.91   	-132.25		
 53.63   	-111.90		 62.38   	-116.99		
 53.18   	-106.82		 61.91   	-116.99		
 52.76   	-101.73		 61.44   	-106.82		
 52.35   	 -91.56		 61.02   	-106.82		
 51.98   	 -81.38		 60.59   	-101.73		
 51.66   	 -66.12		 60.18   	 -96.64		
 51.39   	 -55.95		 59.80   	 -91.56		
 51.17   	 -40.69		 59.43   	 -91.56		
 51.01   	 -20.35		 59.06   	 -91.56		
 50.93   	 -15.26		 58.70   	 -86.47		
 50.86   	   5.09		 58.35   	 -86.47		
 50.88   	  10.17		 58.01   	 -86.47		
 50.93   	  15.26		 57.66   	 -81.38		
 50.99   	  15.26		 57.33   	 -76.30		
 51.05   	  15.26		 57.03   	 -76.30		
 51.11   	   5.09		 56.72   	 -76.30		
 51.13   	   0.00		 56.42   	 -71.21		
 51.13   	 -15.26		 56.13   	 -66.12		
 51.07   	 -30.52		 55.87   	 -66.12		
 50.95   	 -40.69		 55.61   	 -66.12		
 50.78   	 -61.04		 55.34   	 -55.95		
 50.54   	 -76.30		 55.12   	 -61.04		
 50.23   	 -81.38		 54.87   	 -50.86		
 49.91   	 -96.64		 54.67   	 -50.86		
 49.52   	-101.73		 54.47   	 -45.78		
 49.11   	-111.90		 54.28   	 -45.78		
 48.67   	-106.82		 54.10   	 -45.78		
 48.24   	-111.90		 53.92   	 -40.69		
 47.79   	-106.82		 53.75   	 -35.61		
 47.37   	-106.82		 53.61   	 -40.69		
 46.94   	-106.82		 53.45   	 -35.61		
 46.51   	 -96.64		 53.31   	 -35.61		
 46.12   	 -91.56		 53.16   	 -35.61		
 45.76   	 -81.38		 53.02   	 -35.61		
 45.43   	 -81.38		 52.88   	 -35.61		
 45.11   	 -71.21		 52.74   	 -30.52		
 44.82   	 -61.04		 52.61   	 -30.52		
 44.58   	 -61.04		 52.49   	 -30.52		
 44.33   	 -55.95		 52.37   	 -30.52		
 44.11   	 -50.86		 52.25   	 -30.52		
 43.91   	 -50.86		 52.13   	 -30.52		
 43.70   	 -50.86		 52.00   	 -30.52		
 43.50   	 -45.78		 51.88   	 -30.52		
 43.32   	 -45.78		 51.76   	 -30.52		
 43.13   	 -45.78		 51.64   	 -30.52		
 42.95   	 -50.86		 51.52   	 -30.52		
 42.75   	 -50.86		 51.39   	 -25.43		
 42.54   	 -61.04		 51.29   	 -30.52		
 42.30   	 -66.12		 51.17   	 -25.43		
 42.03   	 -66.12		 51.07   	 -25.43		
 41.77   	 -76.30		 50.97   	 -20.35		
 41.46   	 -76.30		 50.88   	 -25.43		
 41.16   	 -81.38		 50.78   	 -20.35		
 40.83   	 -86.47		 50.70   	 -25.43		
 40.49   	 -86.47		 50.60   	 -20.35		
 40.14   	 -96.64		 50.52   	 -25.43		
 39.76   	 -91.56		 50.42   	 -25.43		
 39.39   	 -96.64		 50.32   	 -20.35		
 39.00   	 -96.64		 50.23   	 -25.43		
 38.62   	 -96.64		 50.13   	 -25.43		
 38.23   	 -96.64		 50.03   	 -20.35		
 37.84   	 -76.30		 49.95   	 -20.35		
 37.54   	 -61.04		 49.87   	 -20.35		
 37.29   	 -30.52		 49.79   	 -20.35		
 37.17   	 -10.17		 49.70   	 -15.26		
 37.13   	  15.26		 49.64   	 -20.35		
 37.19   	  25.43		 49.56   	 -15.26		
 37.29   	  20.35		 49.50   	 -20.35		
 37.38   	  15.26		 49.42   	 -15.26		
 37.44   	   0.00		 49.36   	 -15.26		
 37.44   	 -30.52		 49.30   	 -20.35		
 37.31   	 -50.86		 49.22   	 -15.26		
 37.11   	 -96.64		 49.16   	 -20.35		
 36.72   	-101.73		 49.07   	 -20.35		
 36.32   	 -96.64		 48.99   	 -20.35		
 35.93   	 -91.56		 48.91   	 -20.35		
 35.56   	 -76.30		 48.83   	 -25.43		
 35.26   	 -66.12		 48.73   	 -20.35		
 34.99   	 -55.95		 48.65   	 -25.43		
 34.77   	 -40.69		 48.55   	 -20.35		
 34.61   	 -30.52		 48.46   	 -25.43		
 34.49   	 -20.35		 48.36   	 -25.43		
 34.40   	  -5.09		 48.26   	 -20.35		
 34.38(D)	  10.17		 48.18   	 -20.35		
 34.43   	  30.52		 48.10   	 -20.35		
 34.55   	  50.86		 48.02   	 -20.35		
 34.75   	  66.12		 47.93   	 -20.35		
 35.02   	  86.47		 47.85   	 -20.35		
 35.36   	 106.82		 47.77   	 -20.35		
 35.79   	 127.16		 47.69   	 -15.26		
 36.30   	 137.33		 47.63   	 -15.26		
 36.85   	 157.68		 47.57   	 -15.26		
 37.48   	 172.94		 47.51   	 -10.17		
 38.17   	 183.11		 47.47(D)	   0.00		
 38.90   	 193.29		 47.47   	   5.09		
 39.67   	 203.46		 47.49   	  25.43		
 40.49   	 208.54		 47.59   	  40.69		
 41.32   	 239.06		 47.75   	 101.73		
 42.28   	 239.06		 48.16   	 116.99		
 43.23   	 233.98		 48.63   	 147.51		
 44.17   	 239.06		 49.22   	 157.68		
 45.13   	 244.15		 49.85   	 178.03		
 46.10   	 239.06		 50.56   	 183.11		
 47.06   	 249.24		 51.29   	 193.29		
 48.06   	 254.32		 52.06   	 193.29		
 49.07   	 264.50		 52.84   	 198.37		
 50.13   	 259.41		 53.63   	 188.20		
 51.17   	 269.58		 54.38   	 193.29		
 52.25   	 259.41		 55.16   	 188.20		
 53.29   	 254.32		 55.91   	 183.11		
 54.30   	 239.06		 56.64   	 188.20		
 55.26   	 228.89		 57.40   	 183.11		
 56.17   	 208.54		 58.13   	 183.11		
 57.01   	 193.29		 58.86   	 178.03		
 57.78   	 172.94		 59.57   	 183.11		
 58.47   	 162.77		 60.30   	 172.94		
 59.12   	 147.51		 61.00   	 172.94		
 59.71   	 142.42		 61.69   	 172.94		
 60.28   	 127.16		 62.38   	 167.85		
 60.79   	 116.99		 63.05   	 167.85		
 61.26   	 106.82		 63.72   	 162.77		
 61.69   	  96.64		 64.37   	 157.68		
 62.08   	  81.38		 65.00   	 167.85		
 62.40   	  71.21		 65.68   	 162.77		
 62.69   	  61.04		 66.33   	 157.68		
 62.93   	  50.86		 66.96   	 142.42		
 63.13   	  40.69		 67.53   	 137.33		
 63.30   	  35.61		 68.08   	 122.07		
 63.44   	  30.52		 68.57   	 111.90		
 63.56   	  25.43		 69.01   	  91.56		
 63.66   	  15.26		 69.38   	  86.47		
 63.72   	   5.09		 69.73   	  66.12		
 63.74(S)	   0.00		 69.99   	  55.95		
 63.74   	 -10.17		 70.21   	  45.78		
 63.70   	  -5.09		 70.40   	  30.52		
 63.68   	 -10.17		 70.52   	  25.43		
 63.64   	   0.00		 70.62   	  10.17		
 63.64   	  -5.09		 70.66   	   5.09		
 63.62   	 -10.17		 70.68(S)	  -5.09		
 63.58   	 -30.52		 70.66   	 -20.35		
 63.46   	 -55.95		 70.58   	 -35.61		
 63.23   	 -81.38		 70.44   	 -45.78		
 62.91   	-116.99		 70.25   	 -61.04		
 62.44   	-137.33		 70.01   	 -71.21		
 61.89   	-167.85		 69.73   	 -86.47		
 61.22   	-178.03		 69.38   	 -91.56		
 60.51   	-193.29		 69.01   	-106.82		
 59.74   	-188.20		 68.59   	-116.99		
 58.98   	-183.11		 68.12   	-127.16		
 58.25   	-178.03		 67.61   	-137.33		
 57.54   	-162.77		 67.06   	-137.33		
 56.89   	-147.51		 66.51   	-147.51		
 56.30   	-132.25		 65.92   	-147.51		
 55.77   	-127.16		 65.33   	-147.51		
 55.26   	-116.99		 64.74   	-147.51		
 54.79   	-106.82		 64.15   	-142.42		
 54.36   	-106.82		 63.58   	-137.33		
 53.94   	 -96.64		 63.03   	-127.16		
 53.55   	-101.73		 62.52   	-116.99		
 53.14   	 -91.56		 62.05   	-116.99		
 52.78   	 -91.56		 61.59   	-101.73		
 52.41   	 -81.38		 61.18   	-101.73		
 52.09   	 -76.30		 60.77   	-101.73		
 51.78   	 -61.04		 60.37   	 -91.56		
 51.54   	 -50.86		 60.00   	 -96.64		
 51.33   	 -35.61		 59.61   	 -91.56		
 51.19   	 -20.35		 59.25   	 -86.47		
 51.11   	  -5.09		 58.90   	 -91.56		
 51.09   	   5.09		 58.53   	 -86.47		
 51.11   	  10.17		 58.19   	 -81.38		
 51.15   	  20.35		 57.86   	 -81.38		
 51.23   	  20.35		 57.54   	 -76.30		
 51.31   	  20.35		 57.23   	 -76.30		
 51.39   	  10.17		 56.93   	 -71.21		
 51.43   	   0.00		 56.64   	 -66.12		
 51.43   	 -10.17		 56.38   	 -71.21		
 51.39   	 -25.43		 56.09   	 -66.12		
 51.29   	 -40.69		 55.83   	 -61.04		
 51.13   	 -55.95		 55.58   	 -61.04		
 50.91   	 -66.12		 55.34   	 -55.95		
 50.64   	 -81.38		 55.12   	 -50.86		
 50.32   	 -86.47		 54.91   	 -50.86		
 49.97   	 -96.64		 54.71   	 -50.86		
 49.58   	 -96.64		 54.51   	 -45.78		
 49.20   	-101.73		 54.32   	 -40.69		
 48.79   	-106.82		 54.16   	 -40.69		
 48.36   	 -96.64		 54.00   	 -40.69		
 47.98   	-101.73		 53.83   	 -40.69		
 47.57   	 -96.64		 53.67   	 -35.61		
 47.18   	 -91.56		 53.53   	 -35.61		
 46.82   	 -81.38		 53.39   	 -35.61		
 46.49   	 -81.38		 53.24   	 -30.52		
 46.16   	 -76.30		 53.12   	 -35.61		
 45.86   	 -66.12		 52.98   	 -30.52		
 45.59   	 -61.04		 52.86   	 -35.61		
 45.35   	 -55.95		 52.72   	 -30.52		
 45.13   	 -50.86		 52.59   	 -30.52		
 44.92   	 -50.86		 52.47   	 -30.52		
 44.72   	 -40.69		 52.35   	 -25.43		
 44.56   	 -45.78		 52.25   	 -30.52		
 44.37   	 -35.61		 52.13   	 -25.43		
 44.23   	 -40.69		 52.02   	 -25.43		
 44.07   	 -40.69		 51.92   	 -30.52		
 43.91   	 -40.69		 51.80   	 -25.43		
 43.74   	 -45.78		 51.70   	 -25.43		
 43.56   	 -45.78		 51.60   	 -25.43		
 43.38   	 -50.86		 51.50   	 -25.43		
 43.17   	 -61.04		 51.39   	 -25.43		
 42.93   	 -66.12		 51.29   	 -25.43		
 42.67   	 -71.21		 51.19   	 -25.43		
 42.38   	 -71.21		 51.09   	 -20.35		
 42.10   	 -76.30		 51.01   	 -25.43		
 41.79   	 -76.30		 50.91   	 -20.35		
 41.49   	 -76.30		 50.82   	 -20.35		
 41.18   	 -81.38		 50.74   	 -15.26		
 40.85   	 -76.30		 50.68   	 -20.35		
 40.55   	 -81.38		 50.60   	 -20.35		
 40.22   	 -81.38		 50.52   	 -25.43		
 39.90   	 -81.38		 50.42   	 -20.35		
 39.57   	 -81.38		 50.34   	 -20.35		
 39.25   	 -71.21		 50.25   	 -20.35		
 38.96   	 -71.21		 50.17   	 -20.35		
 38.68   	 -50.86		 50.09   	 -20.35		
 38.47   	 -25.43		 50.01   	 -25.43		
 38.37   	  -5.09		 49.91   	 -20.35		
 38.35   	  15.26		 49.83   	 -20.35		
 38.41   	  25.43		 49.75   	 -20.35		
 38.51   	  25.43		 49.66   	 -15.26		
 38.62   	  20.35		 49.60   	 -20.35		
 38.70   	  10.17		 49.52   	 -15.26		
 38.74   	 -15.26		 49.46   	 -15.26		
 38.68   	 -40.69		 49.40   	 -15.26		
 38.51   	 -81.38		 49.34   	 -15.26		
 38.19   	 -91.56		 49.28   	 -20.35		
 37.82   	 -91.56		 49.20   	 -15.26		
 37.46   	 -91.56		 49.14   	 -20.35		
 37.09   	 -81.38		 49.05   	 -20.35		
 36.76   	 -71.21		 48.97   	 -25.43		
 36.48   	 -61.04		 48.87   	 -20.35		
 36.24   	 -45.78		 48.79   	 -25.43		
 36.05   	 -40.69		 48.69   	 -20.35		
 35.89   	 -20.35		 48.61   	 -25.43		
 35.81   	 -10.17		 48.50   	 -20.35		
 35.77(D)	  15.26		 48.42   	 -25.43		
 35.83   	  35.61		 48.32   	 -20.35		
 35.97   	  61.04		 48.24   	 -20.35		
 36.22   	  86.47		 48.16   	 -20.35		
 36.56   	 106.82		 48.08   	 -20.35		
 36.99   	 132.25		 48.00   	 -20.35		
 37.52   	 152.59		 47.91   	 -15.26		
 38.13   	 157.68		 47.85   	 -10.17		
 38.76   	 172.94		 47.81   	 -10.17		
 39.45   	 178.03		 47.77(D)	   0.00		
 40.16   	 178.03		 47.77   	  10.17		
 40.87   	 183.11		 47.81   	  20.35		
 41.61   	 188.20		 47.89   	  40.69		
 42.36   	 188.20		 48.06   	  66.12		
 43.11   	 218.72		 48.32   	 122.07		
 43.99   	 218.72		 48.81   	 147.51		
 44.86   	 223.80		 49.40   	 167.85		
 45.76   	 223.80		 50.07   	 188.20		
 46.65   	 228.89		 50.82   	 198.37		
 47.57   	 233.98		 51.62   	 203.46		
 48.50   	 233.98		 52.43   	 203.46		
 49.44   	 228.89		 53.24   	 208.54		
 50.36   	 233.98		 54.08   	 208.54		
 51.29   	 223.80		 54.91   	 203.46		
 52.19   	 218.72		 55.73   	 198.37		
 53.06   	 213.63		 56.52   	 198.37		
 53.92   	 208.54		 57.31   	 198.37		
 54.75   	 198.37		 58.11   	 198.37		
 55.54   	 193.29		 58.90   	 198.37		
 56.32   	 198.37		 59.69   	 193.29		
 57.11   	 193.29		 60.47   	 198.37		
 57.88   	 193.29		 61.26   	 193.29		
 58.66   	 198.37		 62.03   	 188.20		
 59.45   	 198.37		 62.79   	 188.20		
 60.24   	 193.29		 63.54   	 183.11		
 61.02   	 188.20		 64.27   	 178.03		
 61.77   	 167.85		 64.98   	 172.94		
 62.44   	 157.68		 65.68   	 167.85		
 63.07   	 127.16		 66.35   	 167.85		
 63.58   	  91.56		 67.02   	 183.11		
 63.95   	  66.12		 67.75   	 172.94		
 64.21   	  45.78		 68.44   	 162.77		
 64.39   	  25.43		 69.09   	 152.59		
 64.50   	   5.09		 69.70   	 132.25		
 64.52   	   0.00		 70.23   	 116.99		
 64.52   	 -10.17		 70.70   	 106.82		
 64.48   	 -15.26		 71.13   	  86.47		
 64.41   	 -15.26		 71.47   	  81.38		
 64.35   	 -15.26		 71.80   	  66.12		
 64.29   	 -20.35		 72.06   	  61.04		
 64.21   	 -10.17		 72.31   	  45.78		
 64.17   	 -10.17		 72.49   	  40.69		
 64.13   	   5.09		 72.65   	  30.52		
 64.15   	  15.26		 72.78   	  15.26		
 64.21   	  15.26		 72.84   	   5.09		
 64.27   	  10.17		 72.86(S)	 -15.26		
 64.31   	 -15.26		 72.80   	 -30.52		
 64.25   	 -35.61		 72.68   	 -40.69		
 64.11   	 -76.30		 72.51   	 -55.95		
 63.80   	-111.90		 72.29   	 -76.30		
 63.36   	-147.51		 71.98   	 -81.38		
 62.77   	-178.03		 71.66   	 -96.64		
 62.05   	-193.29		 71.27   	-111.90		
 61.28   	-208.54		 70.82   	-122.07		
 60.45   	-203.46		 70.34   	-127.16		
 59.63   	-193.29		 69.83   	-142.42		
 58.86   	-183.11		 69.26   	-147.51		
 58.13   	-162.77		 68.67   	-152.59		
 57.48   	-142.42		 68.06   	-157.68		
 56.91   	-122.07		 67.43   	-152.59		
 56.42   	-101.73		 66.82   	-157.68		
 56.01   	 -91.56		 66.18   	-152.59		
 55.65   	 -86.47		 65.57   	-147.51		
 55.30   	 -76.30		 64.98   	-142.42		
 54.99   	 -71.21		 64.41   	-132.25		
 54.71   	 -76.30		 63.89   	-127.16		
 54.40   	 -81.38		 63.38   	-116.99		
 54.08   	 -76.30		 62.91   	-116.99		
 53.77   	 -81.38		 62.44   	-106.82		
 53.45   	 -81.38		 62.01   	-106.82		
 53.12   	 -71.21		 61.59   	-101.73		
 52.84   	 -66.12		 61.18   	-101.73		
 52.57   	 -61.04		 60.77   	 -91.56		
 52.33   	 -45.78		 60.41   	 -96.64		
 52.15   	 -35.61		 60.02   	 -91.56		
 52.00   	 -25.43		 59.65   	 -86.47		
 51.90   	 -15.26		 59.31   	 -86.47		
 51.84   	  -5.09		 58.96   	 -81.38		
 51.82   	   5.09		 58.64   	 -81.38		
 51.84   	   5.09		 58.31   	 -76.30		
 51.86   	  10.17		 58.01   	 -76.30		
 51.90   	   5.09		 57.70   	 -71.21		
 51.92   	   0.00		 57.42   	 -71.21		
 51.92   	  -5.09		 57.13   	 -66.12		
 51.90   	 -15.26		 56.87   	 -66.12		
 51.84   	 -20.35		 56.60   	 -61.04		
 51.76   	 -35.61		 56.36   	 -61.04		
 51.62   	 -45.78		 56.11   	 -50.86		
 51.43   	 -55.95		 55.91   	 -50.86		
 51.21   	 -61.04		 55.71   	 -50.86		
 50.97   	 -71.21		 55.50   	 -45.78		
 50.68   	 -76.30		 55.32   	 -45.78		
 50.38   	 -76.30		 55.14   	 -40.69		
 50.07   	 -81.38		 54.97   	 -40.69		
 49.75   	 -81.38		 54.81   	 -40.69		
 49.42   	 -81.38		 54.65   	 -40.69		
 49.09   	 -81.38		 54.49   	 -35.61		
 48.77   	 -76.30		 54.34   	 -35.61		
 48.46   	 -81.38		 54.20   	 -30.52		
 48.14   	 -76.30		 54.08   	 -30.52		
 47.83   	  N/A		 53.96   	  N/A		
