SAMPLE NUMBER:   3
TIME RESOLUTION: 4 ms/sample
mmHg RESOLUTION: 0.0203458 mmHg/unit
DATA UNITS:      mmHg, mmHg/sec

------------------------- Begin Data -------------------------
  RV     	  RV'		  FA     	  FA'		
  6.57   	-305.19		 79.15   	-157.68		
  5.35   	-279.75		 78.51   	-162.77		
  4.23   	-233.98		 77.86   	-167.85		
  3.30   	-203.46		 77.19   	-157.68		
  2.48   	-167.85		 76.56   	-162.77		
  1.81   	-116.99		 75.91   	-157.68		
  1.34   	 -81.38		 75.28   	-157.68		
  1.02   	 -86.47		 74.65   	-147.51		
  0.67   	 -76.30		 74.06   	-147.51		
  0.37   	 -45.78		 73.47   	-137.33		
  0.18   	 -35.61		 72.92   	-137.33		
  0.04   	 -10.17		 72.37   	-132.25		
  0.00   	  20.35		 71.84   	-127.16		
  0.08   	  35.61		 71.33   	-122.07		
  0.22   	  50.86		 70.84   	-116.99		
  0.43   	  66.12		 70.38   	-111.90		
  0.69   	  76.30		 69.93   	-111.90		
  1.00   	  81.38		 69.48   	-106.82		
  1.32   	  81.38		 69.05   	-106.82		
  1.65   	  81.38		 68.63   	-106.82		
  1.97   	  91.56		 68.20   	-101.73		
  2.34   	  86.47		 67.79   	 -96.64		
  2.69   	  91.56		 67.41   	-101.73		
  3.05   	  91.56		 67.00   	 -96.64		
  3.42   	  86.47		 66.61   	-101.73		
  3.76   	  76.30		 66.21   	 -91.56		
  4.07   	  71.21		 65.84   	 -96.64		
  4.35   	  61.04		 65.45   	 -91.56		
  4.60   	  50.86		 65.09   	 -91.56		
  4.80   	  40.69		 64.72   	 -86.47		
  4.96   	  35.61		 64.37   	 -86.47		
  5.11   	  25.43		 64.03   	 -81.38		
  5.21   	  15.26		 63.70   	 -81.38		
  5.27   	   5.09		 63.38   	 -76.30		
  5.29   	  10.17		 63.07   	 -76.30		
  5.33   	  15.26		 62.77   	 -71.21		
  5.39   	   5.09		 62.48   	 -66.12		
  5.41   	   5.09		 62.22   	 -66.12		
  5.43   	  10.17		 61.95   	 -61.04		
  5.47   	  15.26		 61.71   	 -61.04		
  5.53   	  10.17		 61.46   	 -61.04		
  5.57   	   5.09		 61.22   	 -55.95		
  5.60   	   0.00		 61.00   	 -55.95		
  5.60   	  -5.09		 60.77   	 -50.86		
  5.57   	 -15.26		 60.57   	 -50.86		
  5.51   	 -15.26		 60.37   	 -50.86		
  5.45   	  -5.09		 60.16   	 -50.86		
  5.43   	 -15.26		 59.96   	 -50.86		
  5.37   	 -15.26		 59.76   	 -45.78		
  5.31   	 -15.26		 59.57   	 -45.78		
  5.25   	 -15.26		 59.39   	 -50.86		
  5.19   	 -10.17		 59.19   	 -45.78		
  5.15   	 -10.17		 59.00   	 -45.78		
  5.11   	 -10.17		 58.82   	 -40.69		
  5.07   	  -5.09		 58.66   	 -45.78		
  5.05   	  -5.09		 58.47   	 -45.78		
  5.03   	   0.00		 58.29   	 -40.69		
  5.03   	   5.09		 58.13   	 -45.78		
  5.05   	   5.09		 57.94   	 -40.69		
  5.07   	   0.00		 57.78   	 -40.69		
  5.07   	  15.26		 57.62   	 -40.69		
  5.13   	  10.17		 57.46   	 -40.69		
  5.17   	  15.26		 57.29   	 -35.61		
  5.23   	  20.35		 57.15   	 -40.69		
  5.31   	  25.43		 56.99   	 -35.61		
  5.41   	  25.43		 56.85   	 -35.61		
  5.51   	  25.43		 56.70   	 -35.61		
  5.62   	  25.43		 56.56   	 -30.52		
  5.72   	  30.52		 56.44   	 -35.61		
  5.84   	  50.86		 56.30   	 -40.69		
  6.04   	  15.26		 56.13   	 -40.69		
  6.10   	  15.26		 55.97   	 -40.69		
  6.16   	  25.43		 55.81   	 -35.61		
  6.27   	  20.35		 55.67   	 -40.69		
  6.35   	  20.35		 55.50   	 -40.69		
  6.43(E)	  20.35		 55.34   	 -40.69		
  6.51   	  20.35		 55.18   	 -35.61		
  6.59   	  15.26		 55.04   	 -40.69		
  6.65   	  20.35		 54.87   	 -35.61		
  6.73   	  25.43		 54.73   	 -40.69		
  6.84   	  20.35		 54.57   	 -35.61		
  6.92   	  35.61		 54.43   	 -30.52		
  7.06   	  35.61		 54.30   	 -35.61		
  7.20   	  45.78		 54.16   	 -35.61		
  7.39   	  71.21		 54.02   	 -30.52		
  7.67   	  86.47		 53.90   	 -30.52		
  8.02   	 127.16		 53.77   	 -30.52		
  8.52   	 162.77		 53.65   	 -30.52		
  9.18   	 178.03		 53.53   	 -30.52		
  9.89   	 218.72		 53.41   	 -25.43		
 10.76   	 289.93		 53.31   	 -30.52		
 11.92   	 335.71		 53.18   	 -30.52		
 13.27   	 350.97		 53.06   	 -30.52		
 14.67   	 391.66		 52.94   	 -30.52		
 16.24   	 422.18		 52.82   	 -30.52		
 17.92   	 432.35		 52.70   	 -30.52		
 19.65   	 447.61		 52.57   	 -30.52		
 21.44   	 442.52		 52.45   	 -30.52		
 23.21   	 427.26		 52.33   	 -30.52		
 24.92   	 427.26		 52.21   	 -30.52		
 26.63   	 406.92		 52.09   	 -25.43		
 28.26   	 381.48		 51.98   	 -30.52		
 29.79   	 366.22		 51.86   	 -25.43		
 31.25   	 335.71		 51.76   	 -25.43		
 32.59   	 305.19		 51.66   	 -30.52		
 33.81   	 274.67		 51.54   	 -25.43		
 34.91   	 239.06		 51.43   	 -25.43		
 35.87   	 208.54		 51.33   	 -25.43		
 36.70   	 172.94		 51.23   	 -25.43		
 37.40   	 137.33		 51.13   	 -25.43		
 37.94   	 111.90		 51.03   	 -25.43		
 38.39   	  81.38		 50.93   	 -25.43		
 38.72   	  55.95		 50.82   	 -25.43		
 38.94   	  25.43		 50.72   	 -20.35		
 39.04   	   5.09		 50.64   	 -25.43		
 39.06   	 -10.17		 50.54   	 -25.43		
 39.02   	 -10.17		 50.44   	 -20.35		
 38.98   	 -30.52		 50.36   	 -20.35		
 38.86   	 -35.61		 50.27   	 -20.35		
 38.72   	 -35.61		 50.19   	 -10.17		
 38.58   	 -25.43		 50.15   	  -5.09		
 38.47   	 -10.17		 50.13   	   5.09		
 38.43   	   0.00		 50.15   	  20.35		
 38.43   	   0.00		 50.23   	  40.69		
 38.43   	  30.52		 50.40   	  61.04		
 38.56   	  45.78		 50.64   	  86.47		
 38.74   	  35.61		 50.99   	 116.99		
 38.88   	  61.04		 51.45   	 142.42		
 39.12   	  71.21		 52.02   	 172.94		
 39.41   	  76.30		 52.72   	 193.29		
 39.72   	  86.47		 53.49   	 223.80		
 40.06   	  96.64		 54.38   	 244.15		
 40.45   	  96.64		 55.36   	 259.41		
 40.83   	 101.73		 56.40   	 279.75		
 41.24   	 101.73		 57.52   	 289.93		
 41.65   	 101.73		 58.68   	 300.10		
 42.05   	 106.82		 59.88   	 305.19		
 42.48   	 101.73		 61.10   	 310.27		
 42.89   	  91.56		 62.34   	 310.27		
 43.26   	  81.38		 63.58   	 310.27		
 43.58   	  76.30		 64.82   	 300.10		
 43.89   	  66.12		 66.02   	 295.01		
 44.15   	  61.04		 67.20   	 289.93		
 44.39   	  50.86		 68.36   	 284.84		
 44.60   	  35.61		 69.50   	 274.67		
 44.74   	  25.43		 70.60   	 264.50		
 44.84   	  15.26		 71.66   	 264.50		
 44.90   	   5.09		 72.72   	 254.32		
 44.92(S)	  -5.09		 73.73   	 249.24		
 44.90   	 -10.17		 74.73   	 244.15		
 44.86   	 -20.35		 75.71   	 244.15		
 44.78   	 -30.52		 76.68   	 239.06		
 44.66   	 -35.61		 77.64   	 233.98		
 44.52   	 -45.78		 78.58   	 233.98		
 44.33   	 -50.86		 79.51   	 228.89		
 44.13   	 -61.04		 80.43   	 223.80		
 43.89   	 -66.12		 81.32   	 208.54		
 43.62   	 -71.21		 82.16   	 203.46		
 43.34   	 -81.38		 82.97   	 183.11		
 43.01   	-106.82		 83.70   	 162.77		
 42.58   	-122.07		 84.35   	 142.42		
 42.10   	-142.42		 84.92   	 122.07		
 41.53   	-167.85		 85.41   	  91.56		
 40.85   	-203.46		 85.78   	  61.04		
 40.04   	-228.89		 86.02   	  35.61		
 39.12   	-269.58		 86.16(S)	   0.00		
 38.05   	-295.01		 86.16   	 -20.35		
 36.87   	-310.27		 86.08   	 -50.86		
 35.63   	-345.88		 85.88   	 -76.30		
 34.24   	-401.83		 85.57   	-101.73		
 32.63   	-447.61		 85.17   	-122.07		
 30.84   	-467.95		 84.68   	-132.25		
 28.97   	-493.39		 84.15   	-147.51		
 27.00   	-513.73		 83.56   	-157.68		
 24.94   	-518.82		 82.93   	-157.68		
 22.87   	-513.73		 82.30   	-162.77		
 20.81   	-508.65		 81.65   	-162.77		
 18.78   	-508.65		 81.00   	-157.68		
 16.74   	-503.56		 80.37   	-162.77		
 14.73   	-493.39		 79.71   	-152.59		
 12.76   	-473.04		 79.10   	-152.59		
 10.86   	-457.78		 78.49   	-152.59		
  9.03   	-432.35		 77.88   	-147.51		
  7.30   	-412.00		 77.29   	-147.51		
  5.66   	-386.57		 76.70   	-147.51		
  4.11   	-361.14		 76.11   	-152.59		
  2.67   	-330.62		 75.50   	-147.51		
  1.34   	-295.01		 74.91   	-152.59		
  0.16   	-233.98		 74.30   	-152.59		
 -0.77   	-188.20		 73.69   	-147.51		
 -1.53   	-183.11		 73.10   	-147.51		
 -2.26   	-198.37		 72.51   	-147.51		
 -3.05   	-167.85		 71.92   	-142.42		
 -3.72   	-101.73		 71.35   	-137.33		
 -4.13   	 -76.30		 70.80   	-132.25		
 -4.44   	 -55.95		 70.27   	-127.16		
 -4.66   	 -15.26		 69.77   	-122.07		
 -4.72(D)	  20.35		 69.28   	-116.99		
 -4.64   	  25.43		 68.81   	-111.90		
 -4.54   	  55.95		 68.36   	-106.82		
 -4.31   	  81.38		 67.93   	-101.73		
 -3.99   	  91.56		 67.53   	 -96.64		
 -3.62   	  91.56		 67.14   	 -91.56		
 -3.26   	 101.73		 66.77   	 -96.64		
 -2.85   	 106.82		 66.39   	 -86.47		
 -2.42   	  96.64		 66.04   	 -91.56		
 -2.03   	 111.90		 65.68   	 -86.47		
 -1.59   	 101.73		 65.33   	 -86.47		
 -1.18   	  91.56		 64.98   	 -81.38		
 -0.81   	  91.56		 64.66   	 -86.47		
 -0.45   	 106.82		 64.31   	 -81.38		
 -0.02   	  96.64		 63.99   	 -81.38		
  0.37   	  86.47		 63.66   	 -81.38		
  0.71   	 101.73		 63.34   	 -76.30		
  1.12   	 106.82		 63.03   	 -81.38		
  1.55   	 101.73		 62.71   	 -71.21		
  1.95   	  91.56		 62.42   	 -76.30		
  2.32   	  81.38		 62.12   	 -71.21		
  2.64   	  76.30		 61.83   	 -66.12		
  2.95   	  71.21		 61.57   	 -66.12		
  3.23   	  55.95		 61.30   	 -66.12		
  3.46   	  45.78		 61.04   	 -61.04		
  3.64   	  35.61		 60.79   	 -55.95		
  3.78   	  30.52		 60.57   	 -55.95		
  3.91   	  10.17		 60.35   	 -55.95		
  3.95   	 -10.17		 60.12   	 -50.86		
  3.91   	 -10.17		 59.92   	 -55.95		
  3.87   	  -5.09		 59.69   	 -45.78		
  3.85   	  10.17		 59.51   	 -50.86		
  3.89   	   5.09		 59.31   	 -45.78		
  3.91   	   5.09		 59.12   	 -50.86		
  3.93   	   5.09		 58.92   	 -40.69		
  3.95   	  10.17		 58.76   	 -45.78		
  3.99   	  25.43		 58.58   	 -45.78		
  4.09   	  25.43		 58.39   	 -40.69		
  4.19   	  25.43		 58.23   	 -40.69		
  4.29   	  30.52		 58.07   	 -40.69		
  4.42   	  40.69		 57.90   	 -35.61		
  4.58   	  40.69		 57.76   	 -40.69		
  4.74   	  40.69		 57.60   	 -35.61		
  4.90   	  50.86		 57.46   	 -35.61		
  5.11   	  40.69		 57.31   	 -35.61		
  5.27   	  45.78		 57.17   	 -40.69		
  5.45   	  50.86		 57.01   	 -35.61		
  5.66   	  61.04		 56.87   	 -35.61		
  5.90   	  61.04		 56.72   	 -30.52		
  6.14   	 111.90		 56.60   	 -40.69		
  6.59   	  50.86		 56.44   	 -40.69		
  6.80   	  50.86		 56.28   	 -40.69		
  7.00   	  50.86		 56.11   	 -35.61		
  7.20   	  45.78		 55.97   	 -35.61		
  7.39   	  45.78		 55.83   	 -35.61		
  7.57(E)	  35.61		 55.69   	 -35.61		
  7.71   	  35.61		 55.54   	 -35.61		
  7.85   	  35.61		 55.40   	 -30.52		
  8.00   	  35.61		 55.28   	 -35.61		
  8.14   	  30.52		 55.14   	 -30.52		
  8.26   	  40.69		 55.02   	 -30.52		
  8.42   	  55.95		 54.89   	 -30.52		
  8.65   	  66.12		 54.77   	 -30.52		
  8.91   	  96.64		 54.65   	 -30.52		
  9.30   	 137.33		 54.53   	 -25.43		
  9.85   	 142.42		 54.43   	 -30.52		
 10.42   	 178.03		 54.30   	 -25.43		
 11.13   	 249.24		 54.20   	 -30.52		
 12.13   	 269.58		 54.08   	 -25.43		
 13.20   	 289.93		 53.98   	 -30.52		
 14.36   	 376.40		 53.86   	 -25.43		
 15.87   	 417.09		 53.75   	 -30.52		
 17.54   	 422.18		 53.63   	 -25.43		
 19.23   	 452.69		 53.53   	 -25.43		
 21.04   	 483.21		 53.43   	 -30.52		
 22.97   	 467.95		 53.31   	 -25.43		
 24.84   	 462.87		 53.20   	 -25.43		
 26.69   	 462.87		 53.10   	 -25.43		
 28.55   	 447.61		 53.00   	 -25.43		
 30.34   	 417.09		 52.90   	 -25.43		
 32.00   	 396.74		 52.80   	 -25.43		
 33.59   	 381.48		 52.70   	 -25.43		
 35.12   	 325.53		 52.59   	 -25.43		
 36.42   	 289.93		 52.49   	 -20.35		
 37.58   	 264.50		 52.41   	 -25.43		
 38.64   	 223.80		 52.31   	 -25.43		
 39.53   	 188.20		 52.21   	 -20.35		
 40.28   	 157.68		 52.13   	 -25.43		
 40.92   	 132.25		 52.02   	 -25.43		
 41.44   	  96.64		 51.92   	 -20.35		
 41.83   	  76.30		 51.84   	 -25.43		
 42.14   	  55.95		 51.74   	 -25.43		
 42.36   	  40.69		 51.64   	 -20.35		
 42.52   	  25.43		 51.56   	 -20.35		
 42.62   	  20.35		 51.47   	 -20.35		
 42.71   	  15.26		 51.39   	 -20.35		
 42.77   	  15.26		 51.31   	 -20.35		
 42.83   	  20.35		 51.23   	 -20.35		
 42.91   	  20.35		 51.15   	 -15.26		
 42.99   	  35.61		 51.09   	 -15.26		
 43.13   	  45.78		 51.03   	 -10.17		
 43.32   	  55.95		 50.99(D)	   0.00		
 43.54   	  66.12		 50.99   	   5.09		
 43.80   	  86.47		 51.01   	  25.43		
 44.15   	 101.73		 51.11   	  40.69		
 44.56   	 116.99		 51.27   	  66.12		
 45.03   	 127.16		 51.54   	  91.56		
 45.53   	 142.42		 51.90   	 111.90		
 46.10   	 147.51		 52.35   	 142.42		
 46.69   	 157.68		 52.92   	 167.85		
 47.32   	 167.85		 53.59   	 193.29		
 48.00   	 167.85		 54.36   	 218.72		
 48.67   	 152.59		 55.24   	 239.06		
 49.28   	 162.77		 56.20   	 259.41		
 49.93   	 157.68		 57.23   	 274.67		
 50.56   	 137.33		 58.33   	 289.93		
 51.11   	 127.16		 59.49   	 300.10		
 51.62   	 132.25		 60.69   	 310.27		
 52.15   	 111.90		 61.93   	 315.36		
 52.59   	  96.64		 63.19   	 315.36		
 52.98   	  91.56		 64.46   	 315.36		
 53.35   	  81.38		 65.72   	 310.27		
 53.67   	  61.04		 66.96   	 305.19		
 53.92   	  55.95		 68.18   	 300.10		
 54.14   	  50.86		 69.38   	 295.01		
 54.34   	  35.61		 70.56   	 284.84		
 54.49   	  25.43		 71.70   	 274.67		
 54.59   	  15.26		 72.80   	 269.58		
 54.65   	   5.09		 73.88   	 264.50		
 54.67   	   5.09		 74.93   	 259.41		
 54.69(S)	  -5.09		 75.97   	 249.24		
 54.67   	 -10.17		 76.97   	 249.24		
 54.63   	 -15.26		 77.97   	 244.15		
 54.57   	 -20.35		 78.94   	 244.15		
 54.49   	 -30.52		 79.92   	 233.98		
 54.36   	 -35.61		 80.85   	 228.89		
 54.22   	 -40.69		 81.77   	 223.80		
 54.06   	 -55.95		 82.66   	 218.72		
 53.83   	 -61.04		 83.54   	 198.37		
 53.59   	 -76.30		 84.33   	 188.20		
 53.29   	 -91.56		 85.09   	 167.85		
 52.92   	-106.82		 85.76   	 142.42		
 52.49   	-132.25		 86.33   	 122.07		
 51.96   	-162.77		 86.82   	  91.56		
 51.31   	-188.20		 87.18   	  61.04		
 50.56   	-213.63		 87.43   	  30.52		
 49.70   	-244.15		 87.55(S)	   0.00		
 48.73   	-249.24		 87.55   	 -30.52		
 47.73   	-274.67		 87.43   	 -55.95		
 46.63   	-310.27		 87.20   	 -81.38		
 45.39   	-340.79		 86.88   	-106.82		
 44.03   	-381.48		 86.45   	-122.07		
 42.50   	-422.18		 85.96   	-137.33		
 40.81   	-452.69		 85.41   	-147.51		
 39.00   	-473.04		 84.82   	-157.68		
 37.11   	-483.21		 84.19   	-157.68		
 35.18   	-508.65		 83.56   	-162.77		
 33.14   	-528.99		 82.91   	-162.77		
 31.03   	-534.08		 82.26   	-157.68		
 28.89   	-539.16		 81.63   	-157.68		
 26.73   	-544.25		 81.00   	-157.68		
 24.56   	-534.08		 80.37   	-152.59		
 22.42   	-513.73		 79.76   	-152.59		
 20.37   	-503.56		 79.15   	-152.59		
 18.35   	-483.21		 78.53   	-152.59		
 16.42   	-452.69		 77.92   	-152.59		
 14.61   	-432.35		 77.31   	-152.59		
 12.88   	-406.92		 76.70   	-152.59		
 11.25   	-366.22		 76.09   	-152.59		
  9.79   	-335.71		 75.48   	-152.59		
  8.44   	-310.27		 74.87   	-152.59		
  7.20   	-274.67		 74.26   	-147.51		
  6.10   	-233.98		 73.67   	-142.42		
  5.17   	-208.54		 73.10   	-137.33		
  4.33   	-183.11		 72.55   	-132.25		
  3.60   	-152.59		 72.02   	-132.25		
  2.99   	-132.25		 71.50   	-122.07		
  2.46   	-122.07		 71.01   	-116.99		
  1.97   	-122.07		 70.54   	-116.99		
  1.49   	-111.90		 70.07   	-106.82		
  1.04   	 -71.21		 69.64   	-106.82		
  0.75   	 -66.12		 69.22   	 -96.64		
  0.49   	 -61.04		 68.83   	 -96.64		
  0.24   	 -35.61		 68.44   	 -91.56		
  0.10   	 -10.17		 68.08   	 -91.56		
  0.06(D)	  10.17		 67.71   	 -86.47		
  0.10   	  45.78		 67.36   	 -86.47		
  0.28   	  66.12		 67.02   	 -86.47		
  0.55   	  96.64		 66.67   	 -81.38		
  0.94   	 111.90		 66.35   	 -81.38		
  1.38   	 122.07		 66.02   	 -86.47		
  1.87   	 132.25		 65.68   	 -81.38		
  2.40   	 127.16		 65.35   	 -76.30		
  2.91   	 116.99		 65.05   	 -81.38		
  3.38   	 116.99		 64.72   	 -81.38		
  3.85   	 101.73		 64.39   	 -76.30		
  4.25   	  86.47		 64.09   	 -76.30		
  4.60   	  86.47		 63.78   	 -76.30		
  4.94   	  81.38		 63.48   	 -76.30		
  5.27   	  71.21		 63.17   	 -76.30		
  5.55   	  66.12		 62.87   	 -71.21		
  5.82   	  50.86		 62.58   	 -66.12		
  6.02   	  45.78		 62.32   	 -71.21		
  6.21   	  40.69		 62.03   	 -61.04		
  6.37   	  25.43		 61.79   	 -66.12		
  6.47   	  15.26		 61.53   	 -61.04		
  6.53   	  10.17		 61.28   	 -55.95		
  6.57   	  10.17		 61.06   	 -61.04		
  6.61   	   0.00		 60.81   	 -55.95		
  6.61   	   0.00		 60.59   	 -50.86		
  6.61   	  -5.09		 60.39   	 -50.86		
  6.59   	   0.00		 60.18   	 -50.86		
  6.59   	  -5.09		 59.98   	 -45.78		
  6.57   	 -15.26		 59.80   	 -45.78		
  6.51   	 -10.17		 59.61   	 -45.78		
  6.47   	 -15.26		 59.43   	 -45.78		
  6.41   	  -5.09		 59.25   	 -45.78		
  6.39   	   0.00		 59.06   	 -40.69		
  6.39   	   5.09		 58.90   	 -45.78		
  6.41   	  -5.09		 58.72   	 -45.78		
  6.39   	  15.26		 58.53   	 -40.69		
  6.45   	  35.61		 58.37   	 -45.78		
  6.59   	  10.17		 58.19   	 -40.69		
  6.63   	   5.09		 58.03   	 -40.69		
  6.65   	  30.52		 57.86   	 -40.69		
  6.78   	  25.43		 57.70   	 -40.69		
  6.88   	  10.17		 57.54   	 -40.69		
  6.92   	  66.12		 57.38   	 -45.78		
  7.18   	  25.43		 57.19   	 -40.69		
  7.28   	  20.35		 57.03   	 -45.78		
  7.37   	  30.52		 56.85   	 -40.69		
  7.49   	  30.52		 56.68   	 -40.69		
  7.61(E)	  30.52		 56.52   	 -35.61		
  7.73   	  30.52		 56.38   	 -40.69		
  7.85   	  25.43		 56.22   	 -35.61		
  7.96   	  35.61		 56.07   	 -35.61		
  8.10   	  35.61		 55.93   	 -35.61		
  8.24   	  30.52		 55.79   	 -35.61		
  8.36   	  25.43		 55.65   	 -35.61		
  8.46   	  30.52		 55.50   	 -35.61		
  8.59   	  45.78		 55.36   	 -35.61		
  8.77   	  61.04		 55.22   	 -35.61		
  9.01   	  55.95		 55.08   	 -30.52		
  9.24   	  66.12		 54.95   	 -35.61		
  9.50   	 106.82		 54.81   	 -30.52		
  9.93   	 137.33		 54.69   	 -35.61		
 10.48   	 167.85		 54.55   	 -30.52		
 11.15   	 233.98		 54.43   	 -30.52		
 12.09   	 295.01		 54.30   	 -35.61		
 13.27   	 325.53		 54.16   	 -30.52		
 14.57   	 361.14		 54.04   	 -30.52		
 16.01   	 406.92		 53.92   	 -30.52		
 17.64   	 457.78		 53.79   	 -30.52		
 19.47   	 478.13		 53.67   	 -30.52		
 21.38   	 488.30		 53.55   	 -25.43		
 23.34   	 493.39		 53.45   	 -30.52		
 25.31   	 488.30		 53.33   	 -30.52		
 27.26   	 473.04		 53.20   	 -30.52		
 29.16   	 462.87		 53.08   	 -30.52		
 31.01   	 437.43		 52.96   	 -25.43		
 32.76   	 406.92		 52.86   	 -30.52		
 34.38   	 376.40		 52.74   	 -25.43		
 35.89   	 340.79		 52.63   	 -30.52		
 37.25   	 305.19		 52.51   	 -25.43		
 38.47   	 284.84		 52.41   	 -25.43		
 39.61   	 259.41		 52.31   	 -30.52		
 40.65   	 233.98		 52.19   	 -25.43		
 41.59   	 203.46		 52.09   	 -30.52		
 42.40   	 183.11		 51.96   	 -25.43		
 43.13   	 157.68		 51.86   	 -20.35		
 43.76   	 122.07		 51.78   	 -25.43		
 44.25   	  91.56		 51.68   	 -25.43		
 44.62   	  66.12		 51.58   	 -25.43		
 44.88   	  40.69		 51.47   	 -25.43		
 45.05   	  15.26		 51.37   	 -20.35		
 45.11   	   5.09		 51.29   	 -15.26		
 45.13   	 -10.17		 51.23   	 -10.17		
 45.09   	 -25.43		 51.19   	  -5.09		
 44.98   	 -25.43		 51.17(D)	  10.17		
 44.88   	 -25.43		 51.21   	  30.52		
 44.78   	 -30.52		 51.33   	  50.86		
 44.66   	 -25.43		 51.54   	  76.30		
 44.56   	 -25.43		 51.84   	 106.82		
 44.46   	  -5.09		 52.27   	 137.33		
 44.44   	  -5.09		 52.82   	 162.77		
 44.41   	  10.17		 53.47   	 193.29		
 44.46   	  20.35		 54.24   	 223.80		
 44.54   	  30.52		 55.14   	 244.15		
 44.66   	  45.78		 56.11   	 269.58		
 44.84   	  66.12		 57.19   	 289.93		
 45.11   	  66.12		 58.35   	 305.19		
 45.37   	  76.30		 59.57   	 320.45		
 45.68   	  86.47		 60.85   	 330.62		
 46.02   	  91.56		 62.18   	 330.62		
 46.39   	  91.56		 63.50   	 340.79		
 46.75   	  91.56		 64.86   	 335.71		
 47.12   	  91.56		 66.21   	 330.62		
 47.49   	  91.56		 67.53   	 330.62		
 47.85   	  86.47		 68.85   	 325.53		
 48.20   	  81.38		 70.15   	 315.36		
 48.52   	  76.30		 71.41   	 305.19		
 48.83   	  66.12		 72.63   	 305.19		
 49.09   	  61.04		 73.86   	 295.01		
 49.34   	  50.86		 75.04   	 295.01		
 49.54   	  40.69		 76.22   	 289.93		
 49.70   	  35.61		 77.38   	 284.84		
 49.85   	  25.43		 78.51   	 284.84		
 49.95   	   5.09		 79.65   	 289.93		
 49.97   	   5.09		 80.81   	 279.75		
 49.99(S)	   0.00		 81.93   	 284.84		
 49.99   	 -15.26		 83.07   	 274.67		
 49.93   	 -30.52		 84.17   	 274.67		
 49.81   	 -30.52		 85.27   	 259.41		
 49.68   	 -40.69		 86.31   	 249.24		
 49.52   	 -45.78		 87.30   	 228.89		
 49.34   	 -55.95		 88.22   	 208.54		
 49.11   	 -81.38		 89.05   	 178.03		
 48.79   	 -96.64		 89.77   	 147.51		
 48.40   	-101.73		 90.36   	 116.99		
 48.00   	-137.33		 90.82   	  76.30		
 47.45   	-172.94		 91.13   	  45.78		
 46.75   	-203.46		 91.31   	   5.09		
 45.94   	-244.15		 91.33(S)	 -25.43		
 44.96   	-279.75		 91.23   	 -61.04		
 43.85   	-325.53		 90.99   	 -86.47		
 42.54   	-366.22		 90.64   	-116.99		
 41.08   	-406.92		 90.17   	-132.25		
 39.45   	-447.61		 89.64   	-147.51		
 37.66   	-493.39		 89.05   	-157.68		
 35.69   	-528.99		 88.42   	-167.85		
 33.57   	-554.42		 87.75   	-162.77		
 31.35   	-564.60		 87.10   	-167.85		
 29.09   	-569.68		 86.43   	-157.68		
 26.82   	-574.77		 85.80   	-157.68		
 24.52   	-569.68		 85.17   	-147.51		
 22.24   	-559.51		 84.58   	-147.51		
 20.00   	-534.08		 83.99   	-142.42		
 17.86   	-528.99		 83.42   	-132.25		
 15.75   	-493.39		 82.89   	-137.33		
 13.77   	-462.87		 82.34   	-132.25		
 11.92   	-432.35		 81.81   	-127.16		
 10.19   	-401.83		 81.30   	-137.33		
  8.59   	-366.22		 80.75   	-132.25		
  7.12   	-330.62		 80.22   	-142.42		
  5.80   	-295.01		 79.65   	-142.42		
  4.62   	-269.58		 79.08   	-142.42		
  3.54   	-259.41		 78.51   	-152.59		
  2.50   	-218.72		 77.90   	-152.59		
  1.63   	-167.85		 77.29   	-152.59		
  0.96   	-132.25		 76.68   	-152.59		
  0.43   	-106.82		 76.07   	-147.51		
  0.00   	 -76.30		 75.48   	-147.51		
 -0.31   	 -55.95		 74.89   	-147.51		
 -0.53   	 -30.52		 74.30   	-142.42		
 -0.65   	  -5.09		 73.73   	-132.25		
 -0.67(D)	  15.26		 73.20   	-132.25		
 -0.61   	  45.78		 72.68   	-127.16		
 -0.43   	  66.12		 72.17   	-122.07		
 -0.16   	  86.47		 71.68   	-122.07		
  0.18   	  91.56		 71.19   	-111.90		
  0.55   	  96.64		 70.74   	-111.90		
  0.94   	 106.82		 70.29   	-106.82		
  1.36   	 122.07		 69.87   	-101.73		
  1.85   	 122.07		 69.46   	 -96.64		
  2.34   	 127.16		 69.07   	-101.73		
  2.85   	 122.07		 68.67   	 -96.64		
  3.34   	 122.07		 68.28   	 -91.56		
  3.83   	 106.82		 67.91   	 -91.56		
  4.25   	 101.73		 67.55   	 -91.56		
  4.66   	  96.64		 67.18   	 -86.47		
  5.05   	  91.56		 66.84   	 -86.47		
  5.41   	  76.30		 66.49   	 -86.47		
  5.72   	  71.21		 66.14   	 -81.38		
  6.00   	  61.04		 65.82   	 -81.38		
  6.25   	  45.78		 65.49   	 -81.38		
  6.43   	  40.69		 65.17   	 -76.30		
  6.59   	  40.69		 64.86   	 -76.30		
  6.75   	  25.43		 64.56   	 -71.21		
  6.86   	  25.43		 64.27   	 -71.21		
  6.96   	  20.35		 63.99   	 -66.12		
  7.04   	  10.17		 63.72   	 -66.12		
  7.08   	  10.17		 63.46   	 -66.12		
  7.12   	   5.09		 63.19   	 -61.04		
  7.14   	  -5.09		 62.95   	 -61.04		
  7.12   	  -5.09		 62.71   	 -55.95		
  7.10   	  -5.09		 62.48   	 -55.95		
  7.08   	   0.00		 62.26   	 -55.95		
  7.08   	  -5.09		 62.03   	 -50.86		
  7.06   	   0.00		 61.83   	 -50.86		
  7.06   	 -10.17		 61.63   	 -50.86		
  7.02   	 -20.35		 61.42   	 -45.78		
  6.94   	 -10.17		 61.24   	 -45.78		
  6.90   	   0.00		 61.06   	 -45.78		
  6.90   	   0.00		 60.87   	 -40.69		
  6.90   	  -5.09		 60.71   	 -45.78		
  6.88   	   0.00		 60.53   	 -40.69		
  6.88   	  -5.09		 60.37   	 -40.69		
  6.86   	   5.09		 60.20   	 -45.78		
  6.88   	   5.09		 60.02   	 -40.69		
  6.90   	  10.17		 59.86   	 -40.69		
  6.94   	  25.43		 59.69   	 -40.69		
  7.04   	  20.35		 59.53   	 -35.61		
  7.12   	  25.43		 59.39   	 -40.69		
  7.22   	  30.52		 59.23   	 -40.69		
  7.34   	  30.52		 59.06   	 -35.61		
  7.47   	  35.61		 58.92   	 -40.69		
  7.61   	  35.61		 58.76   	 -35.61		
  7.75   	  35.61		 58.62   	 -40.69		
  7.89   	  81.38		 58.45   	 -40.69		
  8.22   	  40.69		 58.29   	 -35.61		
  8.38   	  30.52		 58.15   	 -40.69		
  8.50   	  30.52		 57.99   	 -35.61		
  8.63   	  35.61		 57.84   	 -40.69		
  8.77   	  30.52		 57.68   	 -35.61		
  8.89(E)	  20.35		 57.54   	 -35.61		
  8.97   	  25.43		 57.40   	 -40.69		
  9.07   	  25.43		 57.23   	 -35.61		
  9.18   	  25.43		 57.09   	 -35.61		
  9.28   	  20.35		 56.95   	 -35.61		
  9.36   	  25.43		 56.81   	 -35.61		
  9.46   	  25.43		 56.66   	 -35.61		
  9.56   	  30.52		 56.52   	 -30.52		
  9.68   	  35.61		 56.40   	 -35.61		
  9.83   	  45.78		 56.26   	 -35.61		
 10.01   	  76.30		 56.11   	 -35.61		
 10.32   	 111.90		 55.97   	 -30.52		
 10.76   	 147.51		 55.85   	 -35.61		
 11.35   	 203.46		 55.71   	 -30.52		
 12.17   	 254.32		 55.58   	 -30.52		
 13.18   	 295.01		 55.46   	 -30.52		
 14.36   	 325.53		 55.34   	 -30.52		
 15.67   	 356.05		 55.22   	 -30.52		
 17.09   	 386.57		 55.10   	 -30.52		
 18.64   	 417.09		 54.97   	 -25.43		
 20.31   	 437.43		 54.87   	 -30.52		
 22.05   	 452.69		 54.75   	 -30.52		
 23.87   	 467.95		 54.63   	 -25.43		
 25.74   	 457.78		 54.53   	 -25.43		
 27.57   	 442.52		 54.43   	 -30.52		
 29.34   	 427.26		 54.30   	 -25.43		
 31.05   	 406.92		 54.20   	 -30.52		
 32.68   	 376.40		 54.08   	 -25.43		
 34.18   	 350.97		 53.98   	 -25.43		
 35.58   	 320.45		 53.88   	 -25.43		
 36.87   	 300.10		 53.77   	 -30.52		
 38.07   	 289.93		 53.65   	 -25.43		
 39.23   	 254.32		 53.55   	 -30.52		
 40.24   	 228.89		 53.43   	 -25.43		
 41.16   	 208.54		 53.33   	 -30.52		
 41.99   	 178.03		 53.20   	 -25.43		
 42.71   	 147.51		 53.10   	 -25.43		
 43.30   	 116.99		 53.00   	 -25.43		
 43.76   	  91.56		 52.90   	 -30.52		
 44.13   	  55.95		 52.78   	 -20.35		
 44.35   	  40.69		 52.70   	 -25.43		
 44.52   	  15.26		 52.59   	 -20.35		
 44.58   	   5.09		 52.51   	 -20.35		
 44.60   	  -5.09		 52.43   	 -15.26		
 44.58   	 -10.17		 52.37   	  -5.09		
 44.54   	 -15.26		 52.35(D)	   5.09		
 44.48   	 -20.35		 52.37   	  25.43		
 44.39   	 -20.35		 52.47   	  40.69		
 44.31   	 -20.35		 52.63   	  66.12		
 44.23   	 -10.17		 52.90   	  91.56		
 44.19   	   5.09		 53.27   	 122.07		
 44.21   	  15.26		 53.75   	 147.51		
 44.27   	  30.52		 54.34   	 178.03		
 44.39   	  35.61		 55.06   	 203.46		
 44.54   	  50.86		 55.87   	 228.89		
 44.74   	  55.95		 56.79   	 249.24		
 44.96   	  71.21		 57.78   	 274.67		
 45.25   	  81.38		 58.88   	 289.93		
 45.57   	  91.56		 60.04   	 310.27		
 45.94   	 101.73		 61.28   	 315.36		
 46.35   	 101.73		 62.54   	 330.62		
 46.75   	 101.73		 63.87   	 330.62		
 47.16   	 111.90		 65.19   	 335.71		
 47.61   	 101.73		 66.53   	 335.71		
 48.02   	 101.73		 67.87   	 330.62		
 48.42   	 101.73		 69.20   	 330.62		
 48.83   	  91.56		 70.52   	 320.45		
 49.20   	  86.47		 71.80   	 320.45		
 49.54   	  76.30		 73.08   	 315.36		
 49.85   	  66.12		 74.34   	 305.19		
 50.11   	  45.78		 75.56   	 305.19		
 50.29   	  35.61		 76.79   	 305.19		
 50.44   	  25.43		 78.01   	 295.01		
 50.54   	  15.26		 79.19   	 300.10		
 50.60   	  10.17		 80.39   	 295.01		
 50.64(S)	   0.00		 81.57   	 289.93		
 50.64   	 -15.26		 82.73   	 289.93		
 50.58   	 -25.43		 83.89   	 284.84		
 50.48   	 -30.52		 85.03   	 274.67		
 50.36   	 -35.61		 86.12   	 264.50		
 50.21   	 -40.69		 87.18   	 249.24		
 50.05   	 -55.95		 88.18   	 223.80		
 49.83   	 -71.21		 89.07   	 203.46		
 49.54   	 -71.21		 89.89   	 172.94		
 49.26   	 -91.56		 90.58   	 142.42		
 48.89   	-106.82		 91.15   	 111.90		
 48.46   	-137.33		 91.60   	  76.30		
 47.91   	-167.85		 91.90   	  35.61		
 47.24   	-198.37		 92.04   	   5.09		
 46.45   	-233.98		 92.06(S)	 -30.52		
 45.51   	-269.58		 91.94   	 -55.95		
 44.44   	-315.36		 91.72   	 -91.56		
 43.17   	-345.88		 91.35   	-111.90		
 41.79   	-381.48		 90.91   	-132.25		
 40.26   	-427.26		 90.38   	-142.42		
 38.56   	-473.04		 89.81   	-157.68		
 36.66   	-498.47		 89.18   	-162.77		
 34.67   	-518.82		 88.52   	-167.85		
 32.59   	-539.16		 87.85   	-162.77		
 30.44   	-544.25		 87.20   	-162.77		
 28.26   	-554.42		 86.55   	-162.77		
 26.04   	-549.34		 85.90   	-152.59		
 23.85   	-539.16		 85.29   	-147.51		
 21.69   	-523.90		 84.70   	-147.51		
 19.59   	-503.56		 84.11   	-137.33		
 17.58   	-483.21		 83.56   	-137.33		
 15.65   	-457.78		 83.01   	-137.33		
 13.81   	-427.26		 82.46   	-132.25		
 12.11   	-401.83		 81.93   	-137.33		
 10.50   	-376.40		 81.38   	-137.33		
  8.99   	-340.79		 80.83   	-137.33		
  7.63   	-305.19		 80.28   	-147.51		
  6.41   	-289.93		 79.69   	-142.42		
  5.25   	-244.15		 79.12   	-147.51		
  4.27   	-208.54		 78.53   	-152.59		
  3.44   	-172.94		 77.92   	-147.51		
  2.75   	-122.07		 77.33   	-152.59		
  2.26   	 -76.30		 76.72   	-147.51		
  1.95   	 -76.30		 76.13   	-142.42		
  1.65   	 -71.21		 75.56   	-142.42		
  1.36   	 -30.52		 74.99   	-137.33		
  1.24   	  -5.09		 74.45   	-137.33		
  1.22(D)	  10.17		 73.90   	-127.16		
  1.26   	  30.52		 73.39   	-127.16		
  1.38   	  55.95		 72.88   	-116.99		
  1.61   	  71.21		 72.41   	-116.99		
  1.89   	  86.47		 71.94   	-116.99		
  2.24   	  96.64		 71.47   	-106.82		
  2.62   	 101.73		 71.05   	-106.82		
  3.03   	 106.82		 70.62   	-101.73		
  3.46   	 106.82		 70.21   	-101.73		
  3.89   	 106.82		 69.81   	 -96.64		
  4.31   	 106.82		 69.42   	 -96.64		
  4.74   	 106.82		 69.03   	 -91.56		
  5.17   	 101.73		 68.67   	 -96.64		
  5.57   	  91.56		 68.28   	 -91.56		
  5.94   	  96.64		 67.91   	 -86.47		
  6.33   	  91.56		 67.57   	 -91.56		
  6.69   	  86.47		 67.20   	 -81.38		
  7.04   	  66.12		 66.88   	 -86.47		
  7.30   	  66.12		 66.53   	 -81.38		
  7.57   	  50.86		 66.21   	 -81.38		
  7.77   	  30.52		 65.88   	 -76.30		
  7.89   	  30.52		 65.57   	 -76.30		
  8.02   	  30.52		 65.27   	 -76.30		
  8.14   	  25.43		 64.96   	 -66.12		
  8.24   	  20.35		 64.70   	 -66.12		
  8.32   	  20.35		 64.44   	 -66.12		
  8.40   	  15.26		 64.17   	 -66.12		
  8.46   	  10.17		 63.91   	 -61.04		
  8.50   	  10.17		 63.66   	 -55.95		
  8.55   	  10.17		 63.44   	 -55.95		
  8.59   	   5.09		 63.21   	 -55.95		
  8.61   	   5.09		 62.99   	 -50.86		
  8.63   	   5.09		 62.79   	 -50.86		
  8.65   	   5.09		 62.58   	 -50.86		
  8.67   	   5.09		 62.38   	 -50.86		
  8.69   	   0.00		 62.18   	 -45.78		
  8.69   	   0.00		 61.99   	 -45.78		
  8.69   	  -5.09		 61.81   	 -45.78		
  8.67   	 -10.17		 61.63   	 -45.78		
  8.63   	 -10.17		 61.44   	 -45.78		
  8.59   	  -5.09		 61.26   	 -40.69		
  8.57   	   0.00		 61.10   	 -40.69		
  8.57   	   0.00		 60.94   	 -45.78		
  8.57   	   5.09		 60.75   	 -40.69		
  8.59   	   0.00		 60.59   	 -40.69		
  8.59   	  15.26		 60.43   	 -40.69		
  8.65   	  20.35		 60.26   	 -40.69		
  8.73   	  15.26		 60.10   	 -40.69		
  8.79   	  15.26		 59.94   	 -35.61		
  8.85   	  25.43		 59.80   	 -40.69		
  8.95   	  30.52		 59.63   	 -35.61		
  9.07   	  15.26		 59.49   	 -35.61		
  9.14   	  20.35		 59.35   	 -35.61		
  9.22   	  25.43		 59.21   	 -35.61		
  9.32   	  35.61		 59.06   	 -30.52		
  9.46   	  35.61		 58.94   	 -35.61		
  9.60   	  30.52		 58.80   	 -30.52		
  9.73   	  71.21		 58.68   	 -35.61		
 10.01   	  35.61		 58.53   	 -40.69		
 10.15   	  35.61		 58.37   	 -30.52		
 10.29   	  35.61		 58.25   	 -40.69		
 10.44   	  30.52		 58.09   	 -35.61		
 10.56(E)	  30.52		 57.94   	 -35.61		
 10.68   	  20.35		 57.80   	 -35.61		
 10.76   	  25.43		 57.66   	 -35.61		
 10.86   	  25.43		 57.52   	 -35.61		
 10.97   	  30.52		 57.38   	 -35.61		
 11.09   	  35.61		 57.23   	 -40.69		
 11.23   	  35.61		 57.07   	 -35.61		
 11.37   	  30.52		 56.93   	 -35.61		
 11.50   	  35.61		 56.79   	 -35.61		
 11.64   	  55.95		 56.64   	 -35.61		
 11.86   	  61.04		 56.50   	 -30.52		
 12.11   	  91.56		 56.38   	 -35.61		
 12.47   	 132.25		 56.24   	 -30.52		
 13.00   	 157.68		 56.11   	 -30.52		
 13.63   	 203.46		 55.99   	 -25.43		
 14.45   	 254.32		 55.89   	 -30.52		
 15.46   	 284.84		 55.77   	 -30.52		
 16.60   	 305.19		 55.65   	 -25.43		
 17.82   	 340.79		 55.54   	 -25.43		
 19.19   	 361.14		 55.44   	 -30.52		
 20.63   	 391.66		 55.32   	 -25.43		
 22.20   	 412.00		 55.22   	 -30.52		
 23.85   	 417.09		 55.10   	 -25.43		
 25.51   	 417.09		 54.99   	 -25.43		
 27.18   	 406.92		 54.89   	 -30.52		
 28.81   	 401.83		 54.77   	 -30.52		
 30.42   	 386.57		 54.65   	 -25.43		
 31.96   	 356.05		 54.55   	 -30.52		
 33.39   	 350.97		 54.43   	 -30.52		
 34.79   	 350.97		 54.30   	 -30.52		
 36.20   	 335.71		 54.18   	 -30.52		
 37.54   	 330.62		 54.06   	 -30.52		
 38.86   	 320.45		 53.94   	 -30.52		
 40.14   	 284.84		 53.81   	 -30.52		
 41.28   	 244.15		 53.69   	 -25.43		
 42.26   	 208.54		 53.59   	 -30.52		
 43.09   	 167.85		 53.47   	 -25.43		
 43.76   	 127.16		 53.37   	 -25.43		
 44.27   	 106.82		 53.27   	 -25.43		
 44.70   	  76.30		 53.16   	 -25.43		
 45.00   	  45.78		 53.06   	 -25.43		
 45.19   	  25.43		 52.96   	 -25.43		
 45.29   	   5.09		 52.86   	 -20.35		
 45.31   	  -5.09		 52.78   	 -20.35		
 45.29   	 -20.35		 52.70   	 -20.35		
 45.21   	 -30.52		 52.61   	  -5.09		
 45.09   	 -30.52		 52.59(D)	   0.00		
 44.96   	 -30.52		 52.59   	  15.26		
 44.84   	 -35.61		 52.65   	  35.61		
 44.70   	 -30.52		 52.80   	  61.04		
 44.58   	 -25.43		 53.04   	  81.38		
 44.48   	 -10.17		 53.37   	 111.90		
 44.44   	   5.09		 53.81   	 137.33		
 44.46   	  15.26		 54.36   	 167.85		
 44.52   	  30.52		 55.04   	 188.20		
 44.64   	  40.69		 55.79   	 218.72		
 44.80   	  55.95		 56.66   	 239.06		
 45.03   	  66.12		 57.62   	 264.50		
 45.29   	  76.30		 58.68   	 274.67		
 45.59   	  86.47		 59.78   	 295.01		
 45.94   	  86.47		 60.96   	 305.19		
 46.29   	  91.56		 62.18   	 315.36		
 46.65   	 101.73		 63.44   	 320.45		
 47.06   	  96.64		 64.72   	 320.45		
 47.45   	  96.64		 66.00   	 325.53		
 47.83   	  86.47		 67.30   	 320.45		
 48.18   	  81.38		 68.59   	 315.36		
 48.50   	  81.38		 69.85   	 310.27		
 48.83   	  76.30		 71.09   	 310.27		
 49.14   	  61.04		 72.33   	 300.10		
 49.38   	  50.86		 73.53   	 295.01		
 49.58   	  40.69		 74.71   	 295.01		
 49.75   	  25.43		 75.89   	 284.84		
 49.85   	  10.17		 77.03   	 284.84		
 49.89   	   5.09		 78.17   	 279.75		
 49.91(S)	 -10.17		 79.29   	 279.75		
 49.87   	 -25.43		 80.41   	 274.67		
 49.77   	 -30.52		 81.51   	 269.58		
 49.64   	 -45.78		 82.58   	 269.58		
 49.46   	 -50.86		 83.66   	 254.32		
 49.26   	 -61.04		 84.68   	 249.24		
 49.01   	 -71.21		 85.68   	 233.98		
 48.73   	 -76.30		 86.61   	 213.63		
 48.42   	 -91.56		 87.47   	 188.20		
 48.06   	-106.82		 88.22   	 167.85		
 47.63   	-116.99		 88.89   	 137.33		
 47.16   	-142.42		 89.44   	 106.82		
 46.59   	-172.94		 89.87   	  71.21		
 45.90   	-198.37		 90.15   	  40.69		
 45.11   	-228.89		 90.32   	   5.09		
 44.19   	-264.50		 90.34(S)	 -25.43		
 43.13   	-300.10		 90.23   	 -61.04		
 41.93   	-330.62		 89.99   	 -86.47		
 40.61   	-361.14		 89.64   	-111.90		
 39.17   	-406.92		 89.20   	-132.25		
 37.54   	-452.69		 88.67   	-147.51		
 35.73   	-478.13		 88.08   	-162.77		
 33.81   	-513.73		 87.43   	-167.85		
 31.76   	-528.99		 86.75   	-172.94		
 29.64   	-539.16		 86.06   	-178.03		
 27.49   	-549.34		 85.35   	-172.94		
 25.29   	-549.34		 84.66   	-172.94		
 23.09   	-539.16		 83.97   	-167.85		
 20.94   	-528.99		 83.30   	-162.77		
 18.82   	-518.82		 82.64   	-162.77		
 16.74   	-503.56		 81.99   	-157.68		
 14.73   	-467.95		 81.36   	-152.59		
 12.86   	-442.52		 80.75   	-147.51		
 11.09   	-417.09		 80.16   	-152.59		
  9.42   	-396.74		 79.55   	-147.51		
  7.83   	-366.22		 78.96   	-152.59		
  6.37   	-335.71		 78.35   	-147.51		
  5.03   	-300.10		 77.76   	-157.68		
  3.83   	-274.67		 77.13   	-152.59		
  2.73   	-244.15		 76.52   	-152.59		
  1.75   	-198.37		 75.91   	-152.59		
  0.96   	-157.68		 75.30   	-152.59		
  0.33   	-106.82		 74.69   	-147.51		
 -0.10   	 -81.38		 74.10   	-147.51		
 -0.43   	 -86.47		 73.51   	-142.42		
 -0.77   	 -66.12		 72.94   	-142.42		
 -1.04   	 -35.61		 72.37   	-132.25		
 -1.18   	 -20.35		 71.84   	-132.25		
 -1.26(D)	   5.09		 71.31   	-127.16		
 -1.24   	  35.61		 70.80   	-116.99		
 -1.10   	  50.86		 70.34   	-122.07		
 -0.90   	  55.95		 69.85   	-111.90		
 -0.67   	  71.21		 69.40   	-111.90		
 -0.39   	  86.47		 68.95   	-106.82		
 -0.04   	  86.47		 68.52   	-101.73		
  0.31   	  81.38		 68.12   	-106.82		
  0.63   	  96.64		 67.69   	-101.73		
  1.02   	 101.73		 67.28   	 -96.64		
  1.42   	  91.56		 66.90   	-101.73		
  1.79   	  86.47		 66.49   	 -91.56		
  2.14   	  96.64		 66.12   	 -96.64		
  2.52   	  86.47		 65.74   	 -96.64		
  2.87   	  81.38		 65.35   	 -91.56		
  3.19   	  76.30		 64.98   	 -86.47		
  3.50   	  66.12		 64.64   	 -91.56		
  3.76   	  61.04		 64.27   	 -86.47		
  4.01   	  50.86		 63.93   	 -81.38		
  4.21   	  35.61		 63.60   	 -81.38		
  4.35   	  25.43		 63.28   	 -76.30		
  4.46   	  25.43		 62.97   	 -76.30		
  4.56   	  25.43		 62.67   	 -71.21		
  4.66   	  20.35		 62.38   	 -71.21		
  4.74   	  15.26		 62.10   	 -66.12		
  4.80   	  15.26		 61.83   	 -66.12		
  4.86   	  15.26		 61.57   	 -66.12		
  4.92   	  10.17		 61.30   	 -61.04		
  4.96   	  10.17		 61.06   	 -61.04		
  5.01   	   5.09		 60.81   	 -55.95		
  5.03   	   0.00		 60.59   	 -61.04		
  5.03   	   0.00		 60.35   	 -55.95		
  5.03   	  -5.09		 60.12   	 -50.86		
  5.01   	 -10.17		 59.92   	 -55.95		
  4.96   	 -10.17		 59.69   	 -50.86		
  4.92   	 -10.17		 59.49   	 -50.86		
  4.88   	 -15.26		 59.29   	 -50.86		
  4.82   	 -15.26		 59.08   	 -45.78		
  4.76   	 -15.26		 58.90   	 -50.86		
  4.70   	 -15.26		 58.70   	 -45.78		
  4.64   	   0.00		 58.51   	 -45.78		
  4.64   	  -5.09		 58.33   	 -45.78		
  4.62   	  -5.09		 58.15   	 -45.78		
  4.60   	   5.09		 57.97   	 -45.78		
  4.62   	  20.35		 57.78   	 -40.69		
  4.70   	  20.35		 57.62   	 -40.69		
  4.78   	  25.43		 57.46   	 -35.61		
  4.88   	  15.26		 57.31   	 -40.69		
  4.94   	  15.26		 57.15   	 -40.69		
  5.01   	  15.26		 56.99   	 -40.69		
  5.07   	  10.17		 56.83   	 -35.61		
  5.11   	  15.26		 56.68   	 -35.61		
  5.17   	  15.26		 56.54   	 -40.69		
  5.23   	  30.52		 56.38   	 -35.61		
  5.35   	  30.52		 56.24   	 -35.61		
  5.47   	  30.52		 56.09   	 -35.61		
  5.60   	  25.43		 55.95   	 -35.61		
  5.70   	  55.95		 55.81   	 -40.69		
  5.92   	  20.35		 55.65   	 -40.69		
  6.00   	  25.43		 55.48   	 -40.69		
  6.10   	  25.43		 55.32   	 -35.61		
  6.21   	  20.35		 55.18   	 -40.69		
  6.29   	  20.35		 55.02   	 -35.61		
  6.37(E)	  20.35		 54.87   	 -35.61		
  6.45   	  15.26		 54.73   	 -35.61		
  6.51   	  25.43		 54.59   	 -35.61		
  6.61   	  25.43		 54.45   	 -30.52		
  6.71   	  30.52		 54.32   	 -35.61		
  6.84   	  30.52		 54.18   	 -35.61		
  6.96   	  35.61		 54.04   	 -30.52		
  7.10   	  45.78		 53.92   	 -30.52		
  7.28   	  71.21		 53.79   	 -35.61		
  7.57   	 127.16		 53.65   	 -30.52		
  8.08   	 183.11		 53.53   	 -30.52		
  8.81   	 162.77		 53.41   	 -30.52		
  9.46   	 122.07		 53.29   	 -30.52		
  9.95   	 183.11		 53.16   	 -30.52		
 10.68   	 244.15		 53.04   	 -35.61		
 11.66   	 269.58		 52.90   	 -30.52		
 12.74   	 310.27		 52.78   	 -30.52		
 13.98   	 371.31		 52.65   	 -30.52		
 15.46   	 386.57		 52.53   	 -30.52		
 17.01   	 401.83		 52.41   	 -30.52		
 18.62   	 437.43		 52.29   	 -25.43		
 20.37   	 442.52		 52.19   	 -30.52		
 22.14   	 427.26		 52.06   	 -30.52		
 23.85   	 427.26		 51.94   	 -30.52		
 25.55   	 427.26		 51.82   	 -25.43		
 27.26   	 396.74		 51.72   	 -30.52		
 28.85   	 376.40		 51.60   	 -25.43		
 30.36   	 345.88		 51.50   	 -30.52		
 31.74   	 320.45		 51.37   	 -25.43		
 33.02   	 289.93		 51.27   	 -25.43		
 34.18   	 254.32		 51.17   	 -25.43		
 35.20   	 218.72		 51.07   	 -25.43		
 36.07   	 183.11		 50.97   	 -25.43		
 36.81   	 152.59		 50.86   	 -25.43		
 37.42   	 116.99		 50.76   	 -25.43		
 37.88   	  91.56		 50.66   	 -20.35		
 38.25   	  71.21		 50.58   	 -25.43		
 38.53   	  45.78		 50.48   	 -25.43		
 38.72   	  20.35		 50.38   	 -20.35		
 38.80   	   5.09		 50.29   	 -25.43		
 38.82   	  -5.09		 50.19   	 -20.35		
 38.80   	 -10.17		 50.11   	 -20.35		
 38.76   	 -20.35		 50.03   	 -20.35		
 38.68   	 -20.35		 49.95   	 -20.35		
 38.60   	 -25.43		 49.87   	 -15.26		
 38.49   	 -20.35		 49.81   	  -5.09		
 38.41   	 -10.17		 49.79(D)	   0.00		
 38.37   	   0.00		 49.79   	  15.26		
 38.37   	   5.09		 49.85   	  30.52		
 38.39   	  25.43		 49.97   	  55.95		
 38.49   	  40.69		 50.19   	  76.30		
 38.66   	  55.95		 50.50   	 101.73		
 38.88   	  61.04		 50.91   	 127.16		
 39.12   	  81.38		 51.41   	 157.68		
 39.45   	  91.56		 52.04   	 183.11		
 39.82   	 101.73		 52.78   	 203.46		
 40.22   	 111.90		 53.59   	 223.80		
 40.67   	 116.99		 54.49   	 244.15		
 41.14   	 116.99		 55.46   	 264.50		
 41.61   	 122.07		 56.52   	 274.67		
 42.10   	 122.07		 57.62   	 284.84		
 42.58   	 116.99		 58.76   	 295.01		
 43.05   	 111.90		 59.94   	 295.01		
 43.50   	 101.73		 61.12   	 300.10		
 43.91   	  91.56		 62.32   	 300.10		
 44.27   	  86.47		 63.52   	 295.01		
 44.62   	  71.21		 64.70   	 295.01		
 44.90   	  61.04		 65.88   	 284.84		
 45.15   	  50.86		 67.02   	 274.67		
 45.35   	  40.69		 68.12   	 274.67		
 45.51   	  25.43		 69.22   	 259.41		
 45.62   	  15.26		 70.25   	 254.32		
 45.68(S)	   0.00		 71.27   	 249.24		
 45.68   	 -10.17		 72.27   	 244.15		
 45.64   	 -15.26		 73.24   	 233.98		
 45.57   	 -15.26		 74.18   	 228.89		
 45.51   	 -30.52		 75.10   	 223.80		
 45.39   	 -40.69		 75.99   	 223.80		
 45.23   	 -40.69		 76.89   	 218.72		
 45.07   	 -45.78		 77.76   	 218.72		
 44.88   	 -50.86		 78.64   	 213.63		
 44.68   	 -55.95		 79.49   	 203.46		
 44.46   	 -71.21		 80.30   	 198.37		
 44.17   	 -81.38		 81.10   	 183.11		
 43.85   	 -91.56		 81.83   	 172.94		
 43.48   	-106.82		 82.52   	 152.59		
 43.05   	-137.33		 83.13   	 127.16		
 42.50   	-167.85		 83.64   	 106.82		
 41.83   	-193.29		 84.07   	  81.38		
 41.06   	-223.80		 84.39   	  55.95		
 40.16   	-264.50		 84.62   	  25.43		
 39.10   	-279.75		 84.72(S)	   0.00		
 37.99   	-300.10		 84.72   	 -30.52		
 36.79   	-335.71		 84.60   	 -61.04		
 35.44   	-381.48		 84.35   	 -76.30		
 33.92   	-427.26		 84.05   	-101.73		
 32.21   	-452.69		 83.64   	-116.99		
 30.40   	-473.04		 83.17   	-132.25		
 28.50   	-493.39		 82.64   	-147.51		
 26.53   	-503.56		 82.05   	-147.51		
 24.52   	-508.65		 81.46   	-157.68		
 22.48   	-513.73		 80.83   	-162.77		
 20.43   	-503.56		 80.18   	-157.68		
 18.41   	-503.56		 79.55   	-162.77		
 16.40   	-498.47		 78.90   	-152.59		
 14.40   	-483.21		 78.29   	-157.68		
 12.47   	-462.87		 77.66   	-152.59		
 10.62   	-442.52		 77.05   	-152.59		
  8.85   	-417.09		 76.44   	-152.59		
  7.18   	-391.66		 75.83   	-152.59		
  5.62   	-366.22		 75.22   	-152.59		
  4.15   	-330.62		 74.61   	-147.51		
  2.83   	-305.19		 74.02   	-152.59		
  1.61   	-274.67		 73.41   	-147.51		
  0.51   	-233.98		 72.82   	-152.59		
 -0.43   	-208.54		 72.21   	-142.42		
 -1.26   	-198.37		 71.64   	-142.42		
 -2.05   	-193.29		 71.07   	-142.42		
 -2.83   	-172.94		 70.50   	-132.25		
 -3.52   	-122.07		 69.97   	-127.16		
 -4.01   	 -66.12		 69.46   	-122.07		
 -4.27   	 -40.69		 68.97   	-122.07		
 -4.44   	  -5.09		 68.48   	-111.90		
 -4.46(D)	  25.43		 68.04   	-111.90		
 -4.35   	  50.86		 67.59   	-101.73		
 -4.15   	  61.04		 67.18   	-101.73		
 -3.91   	  86.47		 66.77   	 -91.56		
 -3.56   	  91.56		 66.41   	 -96.64		
 -3.19   	  96.64		 66.02   	 -86.47		
 -2.81   	  96.64		 65.68   	 -86.47		
 -2.42   	 106.82		 65.33   	 -86.47		
 -1.99   	 106.82		 64.98   	 -81.38		
 -1.57   	 122.07		 64.66   	 -76.30		
 -1.08   	 122.07		 64.35   	 -81.38		
 -0.59   	 116.99		 64.03   	 -76.30		
 -0.12   	 122.07		 63.72   	 -76.30		
  0.37   	 122.07		 63.42   	 -76.30		
  0.85   	 116.99		 63.11   	 -71.21		
  1.32   	  96.64		 62.83   	 -76.30		
  1.71   	  76.30		 62.52   	 -71.21		
  2.01   	  66.12		 62.24   	 -66.12		
  2.28   	  71.21		 61.97   	 -71.21		
  2.56   	  81.38		 61.69   	 -61.04		
  2.89   	  76.30		 61.44   	 -66.12		
  3.19   	  71.21		 61.18   	 -61.04		
  3.48   	  66.12		 60.94   	 -55.95		
  3.74   	  61.04		 60.71   	 -61.04		
  3.99   	  50.86		 60.47   	 -50.86		
  4.19   	  45.78		 60.26   	 -50.86		
  4.37   	  50.86		 60.06   	 -50.86		
  4.58   	  40.69		 59.86   	 -50.86		
  4.74   	  40.69		 59.65   	 -45.78		
  4.90   	  40.69		 59.47   	 -45.78		
  5.07   	  35.61		 59.29   	 -40.69		
  5.21   	  40.69		 59.12   	 -45.78		
  5.37   	  30.52		 58.94   	 -40.69		
  5.49   	  35.61		 58.78   	 -40.69		
  5.64   	  30.52		 58.62   	 -40.69		
  5.76   	  30.52		 58.45   	 -40.69		
  5.88   	  35.61		 58.29   	 -40.69		
  6.02   	  35.61		 58.13   	 -35.61		
  6.16   	  40.69		 57.99   	 -35.61		
  6.33   	  40.69		 57.84   	 -35.61		
  6.49   	  40.69		 57.70   	 -35.61		
  6.65   	  45.78		 57.56   	 -35.61		
  6.84   	  45.78		 57.42   	 -30.52		
  7.02   	  50.86		 57.29   	 -35.61		
  7.22   	  50.86		 57.15   	 -30.52		
  7.43   	  50.86		 57.03   	 -30.52		
  7.63   	  55.95		 56.91   	 -30.52		
  7.85   	 101.73		 56.79   	 -35.61		
  8.26   	  40.69		 56.64   	 -30.52		
  8.42   	  40.69		 56.52   	 -35.61		
  8.59   	  35.61		 56.38   	 -30.52		
  8.73   	  30.52		 56.26   	 -35.61		
  8.85   	  20.35		 56.11   	 -30.52		
  8.93(E)	  20.35		 55.99   	 -35.61		
  9.01   	  15.26		 55.85   	 -30.52		
  9.07   	  10.17		 55.73   	 -30.52		
  9.11   	  20.35		 55.61   	 -35.61		
  9.20   	  20.35		 55.46   	 -30.52		
  9.28   	  40.69		 55.34   	 -30.52		
  9.44   	  50.86		 55.22   	 -30.52		
  9.64   	  71.21		 55.10   	 -30.52		
  9.93   	  96.64		 54.97   	 -30.52		
 10.32   	 132.25		 54.85   	 -25.43		
 10.84   	 147.51		 54.75   	 -25.43		
 11.43   	 142.42		 54.65   	 -25.43		
 12.00   	 178.03		 54.55   	 -30.52		
 12.72   	 254.32		 54.43   	 -20.35		
 13.73   	 310.27		 54.34   	 -25.43		
 14.97   	 350.97		 54.24   	 -25.43		
 16.38   	 412.00		 54.14   	 -25.43		
 18.03   	 442.52		 54.04   	 -20.35		
 19.80   	 457.78		 53.96   	 -25.43		
 21.63   	 483.21		 53.86   	 -20.35		
 23.56   	 498.47		 53.77   	 -25.43		
 25.55   	 493.39		 53.67   	 -25.43		
 27.53   	 488.30		 53.57   	 -20.35		
 29.48   	 478.13		 53.49   	 -25.43		
 31.39   	 462.87		 53.39   	 -25.43		
 33.25   	 427.26		 53.29   	 -25.43		
 34.95   	 396.74		 53.18   	 -25.43		
 36.54   	 356.05		 53.08   	 -25.43		
 37.97   	 330.62		 52.98   	 -20.35		
 39.29   	 289.93		 52.90   	 -25.43		
 40.45   	 244.15		 52.80   	 -25.43		
 41.42   	 208.54		 52.70   	 -25.43		
 42.26   	 178.03		 52.59   	 -25.43		
 42.97   	 142.42		 52.49   	 -25.43		
 43.54   	 111.90		 52.39   	 -25.43		
 43.99   	  86.47		 52.29   	 -25.43		
 44.33   	  61.04		 52.19   	 -25.43		
 44.58   	  40.69		 52.09   	 -20.35		
 44.74   	  25.43		 52.00   	 -25.43		
 44.84   	  15.26		 51.90   	 -25.43		
 44.90   	   0.00		 51.80   	 -20.35		
 44.90   	   0.00		 51.72   	 -25.43		
 44.90   	   0.00		 51.62   	 -20.35		
 44.90   	   0.00		 51.54   	 -15.26		
 44.90   	   5.09		 51.47   	 -15.26		
 44.92   	  25.43		 51.41   	 -10.17		
 45.03   	  35.61		 51.37(D)	   0.00		
 45.17   	  45.78		 51.37   	  10.17		
 45.35   	  71.21		 51.41   	  25.43		
 45.64   	  86.47		 51.52   	  50.86		
 45.98   	  91.56		 51.72   	  71.21		
 46.35   	 111.90		 52.00   	  96.64		
 46.80   	 116.99		 52.39   	 122.07		
 47.26   	 116.99		 52.88   	 152.59		
 47.73   	 132.25		 53.49   	 172.94		
 48.26   	 132.25		 54.18   	 198.37		
 48.79   	 132.25		 54.97   	 223.80		
 49.32   	 137.33		 55.87   	 249.24		
 49.87   	 137.33		 56.87   	 259.41		
 50.42   	 137.33		 57.90   	 279.75		
 50.97   	 122.07		 59.02   	 295.01		
 51.45   	 116.99		 60.20   	 300.10		
 51.92   	 116.99		 61.40   	 310.27		
 52.39   	 111.90		 62.64   	 310.27		
 52.84   	 101.73		 63.89   	 315.36		
 53.24   	  86.47		 65.15   	 310.27		
 53.59   	  76.30		 66.39   	 310.27		
 53.90   	  71.21		 67.63   	 300.10		
 54.18   	  55.95		 68.83   	 300.10		
 54.40   	  45.78		 70.03   	 295.01		
 54.59   	  35.61		 71.21   	 284.84		
 54.73   	  25.43		 72.35   	 274.67		
 54.83   	  15.26		 73.45   	 274.67		
 54.89   	   5.09		 74.55   	 269.58		
 54.91(S)	  -5.09		 75.63   	 259.41		
 54.89   	 -10.17		 76.66   	 259.41		
 54.85   	 -15.26		 77.70   	 254.32		
 54.79   	 -25.43		 78.72   	 254.32		
 54.69   	 -30.52		 79.74   	 244.15		
 54.57   	 -30.52		 80.71   	 244.15		
 54.45   	 -40.69		 81.69   	 233.98		
 54.28   	 -45.78		 82.62   	 223.80		
 54.10   	 -61.04		 83.52   	 213.63		
 53.86   	 -61.04		 84.37   	 193.29		
 53.61   	 -71.21		 85.15   	 183.11		
 53.33   	 -86.47		 85.88   	 157.68		
 52.98   	-106.82		 86.51   	 132.25		
 52.55   	-132.25		 87.04   	 106.82		
 52.02   	-157.68		 87.47   	  76.30		
 51.39   	-183.11		 87.77   	  45.78		
 50.66   	-213.63		 87.95   	  15.26		
 49.81   	-239.06		 88.02(S)	 -15.26		
 48.85   	-249.24		 87.95   	 -40.69		
 47.85   	-269.58		 87.79   	 -71.21		
 46.77   	-300.10		 87.51   	 -91.56		
 45.57   	-340.79		 87.14   	-111.90		
 44.21   	-381.48		 86.69   	-127.16		
 42.69   	-417.09		 86.18   	-137.33		
 41.02   	-452.69		 85.64   	-152.59		
 39.21   	-483.21		 85.03   	-157.68		
 37.27   	-498.47		 84.39   	-162.77		
 35.28   	-508.65		 83.74   	-162.77		
 33.25   	-528.99		 83.09   	-157.68		
 31.13   	-544.25		 82.46   	-162.77		
 28.95   	-544.25		 81.81   	-157.68		
 26.78   	-539.16		 81.18   	-157.68		
 24.62   	-528.99		 80.55   	-152.59		
 22.50   	-523.90		 79.94   	-152.59		
 20.41   	-503.56		 79.33   	-152.59		
 18.39   	-488.30		 78.72   	-147.51		
 16.44   	-462.87		 78.13   	-152.59		
 14.59   	-437.43		 77.52   	-152.59		
 12.84   	-406.92		 76.91   	-152.59		
 11.21   	-381.48		 76.30   	-152.59		
  9.68   	-340.79		 75.69   	-152.59		
  8.32   	-310.27		 75.08   	-152.59		
  7.08   	-274.67		 74.47   	-147.51		
  5.98   	-239.06		 73.88   	-147.51		
  5.03   	-203.46		 73.29   	-137.33		
  4.21   	-172.94		 72.74   	-137.33		
  3.52   	-152.59		 72.19   	-127.16		
  2.91   	-132.25		 71.68   	-127.16		
  2.38   	-111.90		 71.17   	-116.99		
  1.93   	-101.73		 70.70   	-116.99		
  1.53   	 -96.64		 70.23   	-111.90		
  1.14   	 -71.21		 69.79   	-101.73		
  0.85   	 -71.21		 69.38   	-101.73		
  0.57   	 -66.12		 68.97   	-101.73		
  0.31   	 -30.52		 68.57   	 -96.64		
  0.18   	 -15.26		 68.18   	 -91.56		
  0.12(D)	  10.17		 67.81   	 -91.56		
  0.16   	  50.86		 67.45   	 -91.56		
  0.37   	  76.30		 67.08   	 -86.47		
  0.67   	  91.56		 66.73   	 -91.56		
  1.04   	  96.64		 66.37   	 -86.47		
  1.42   	 116.99		 66.02   	 -91.56		
  1.89   	 116.99		 65.66   	 -86.47		
  2.36   	 116.99		 65.31   	 -86.47		
  2.83   	 116.99		 64.96   	 -81.38		
  3.30   	 106.82		 64.64   	 -86.47		
  3.72   	 106.82		 64.29   	 -81.38		
  4.15   	  96.64		 63.97   	 -76.30		
  4.54   	  81.38		 63.66   	 -81.38		
  4.86   	  86.47		 63.34   	 -71.21		
  5.21   	  76.30		 63.05   	 -76.30		
  5.51   	  76.30		 62.75   	 -66.12		
  5.82   	  61.04		 62.48   	 -71.21		
  6.06   	  45.78		 62.20   	 -61.04		
  6.25   	  40.69		 61.95   	 -66.12		
  6.41   	  25.43		 61.69   	 -55.95		
  6.51   	  25.43		 61.46   	 -61.04		
  6.61   	  15.26		 61.22   	 -55.95		
  6.67   	   5.09		 61.00   	 -55.95		
  6.69   	  -5.09		 60.77   	 -55.95		
  6.67   	   0.00		 60.55   	 -50.86		
  6.67   	  -5.09		 60.35   	 -50.86		
  6.65   	 -20.35		 60.14   	 -50.86		
  6.57   	 -15.26		 59.94   	 -50.86		
  6.51   	 -15.26		 59.74   	 -45.78		
  6.45   	 -15.26		 59.55   	 -50.86		
  6.39   	 -15.26		 59.35   	 -45.78		
  6.33   	 -10.17		 59.17   	 -50.86		
  6.29   	  -5.09		 58.96   	 -45.78		
  6.27   	 -10.17		 58.78   	 -40.69		
  6.23   	  -5.09		 58.62   	 -45.78		
  6.21   	  -5.09		 58.43   	 -45.78		
  6.19   	   5.09		 58.25   	 -40.69		
  6.21   	  10.17		 58.09   	 -40.69		
  6.25   	  10.17		 57.92   	 -40.69		
  6.29   	  20.35		 57.76   	 -40.69		
  6.37   	  25.43		 57.60   	 -35.61		
  6.47   	  35.61		 57.46   	 -35.61		
  6.61   	  30.52		 57.31   	 -40.69		
  6.73   	  30.52		 57.15   	 -35.61		
  6.86   	  71.21		 57.01   	 -40.69		
  7.14   	  35.61		 56.85   	 -40.69		
  7.28   	  20.35		 56.68   	 -40.69		
  7.37   	  30.52		 56.52   	 -35.61		
  7.49   	  35.61		 56.38   	 -40.69		
  7.63   	  25.43		 56.22   	 -35.61		
  7.73(E)	  25.43		 56.07   	 -40.69		
  7.83   	  20.35		 55.91   	 -35.61		
  7.91   	  30.52		 55.77   	 -35.61		
  8.04   	  30.52		 55.63   	 -35.61		
  8.16   	  30.52		 55.48   	 -35.61		
  8.28   	  30.52		 55.34   	 -35.61		
  8.40   	  35.61		 55.20   	 -35.61		
  8.55   	  40.69		 55.06   	 -30.52		
  8.71   	  55.95		 54.93   	 -35.61		
  8.93   	  61.04		 54.79   	 -30.52		
  9.18   	  76.30		 54.67   	 -30.52		
  9.48   	 101.73		 54.55   	 -35.61		
  9.89   	 127.16		 54.40   	 -30.52		
 10.40   	 157.68		 54.28   	 -30.52		
 11.03   	 223.80		 54.16   	 -30.52		
 11.92   	 279.75		 54.04   	 -30.52		
 13.04   	 300.10		 53.92   	 -30.52		
 14.24   	 335.71		 53.79   	 -30.52		
 15.58   	 366.22		 53.67   	 -25.43		
 17.05   	 396.74		 53.57   	 -30.52		
 18.64   	 442.52		 53.45   	 -30.52		
 20.41   	 467.95		 53.33   	 -25.43		
 22.28   	 457.78		 53.22   	 -30.52		
 24.11   	 473.04		 53.10   	 -25.43		
 26.00   	 467.95		 53.00   	 -30.52		
 27.87   	 452.69		 52.88   	 -25.43		
 29.68   	 427.26		 52.78   	 -25.43		
 31.39   	 412.00		 52.68   	 -30.52		
 33.04   	 381.48		 52.55   	 -25.43		
 34.57   	 345.88		 52.45   	 -25.43		
 35.95   	 320.45		 52.35   	 -30.52		
 37.23   	 295.01		 52.23   	 -25.43		
 38.41   	 274.67		 52.13   	 -25.43		
 39.51   	 249.24		 52.02   	 -25.43		
 40.51   	 223.80		 51.92   	 -25.43		
 41.40   	 203.46		 51.82   	 -25.43		
 42.22   	 178.03		 51.72   	 -25.43		
 42.93   	 142.42		 51.62   	 -25.43		
 43.50   	 116.99		 51.52   	 -25.43		
 43.97   	  91.56		 51.41   	 -20.35		
 44.33   	  61.04		 51.33   	 -20.35		
 44.58   	  45.78		 51.25   	 -25.43		
 44.76   	  20.35		 51.15   	 -15.26		
 44.84   	   5.09		 51.09   	 -10.17		
 44.86   	  -5.09		 51.05   	 -10.17		
 44.84   	 -10.17		 51.01(D)	   5.09		
 44.80   	 -15.26		 51.03   	  20.35		
 44.74   	 -20.35		 51.11   	  35.61		
 44.66   	 -25.43		 51.25   	  61.04		
 44.56   	 -15.26		 51.50   	  91.56		
 44.50   	 -15.26		 51.86   	 116.99		
 44.44   	   0.00		 52.33   	 142.42		
 44.44   	   0.00		 52.90   	 172.94		
 44.44   	  15.26		 53.59   	 203.46		
 44.50   	  35.61		 54.40   	 223.80		
 44.64   	  45.78		 55.30   	 249.24		
 44.82   	  45.78		 56.30   	 274.67		
 45.00   	  61.04		 57.40   	 289.93		
 45.25   	  71.21		 58.56   	 305.19		
 45.53   	  81.38		 59.78   	 315.36		
 45.86   	  81.38		 61.04   	 330.62		
 46.18   	  91.56		 62.36   	 330.62		
 46.55   	  96.64		 63.68   	 330.62		
 46.94   	 101.73		 65.00   	 335.71		
 47.34   	  96.64		 66.35   	 330.62		
 47.73   	  96.64		 67.67   	 330.62		
 48.12   	  96.64		 68.99   	 320.45		
 48.50   	  91.56		 70.27   	 320.45		
 48.87   	  81.38		 71.56   	 315.36		
 49.20   	  81.38		 72.82   	 305.19		
 49.52   	  61.04		 74.04   	 300.10		
 49.77   	  50.86		 75.24   	 300.10		
 49.97   	  45.78		 76.44   	 295.01		
 50.15   	  30.52		 77.62   	 289.93		
 50.27   	  20.35		 78.78   	 289.93		
 50.36   	  10.17		 79.94   	 289.93		
 50.40(S)	  -5.09		 81.10   	 284.84		
 50.38   	 -15.26		 82.24   	 284.84		
 50.32   	 -25.43		 83.38   	 279.75		
 50.21   	 -30.52		 84.50   	 264.50		
 50.09   	 -40.69		 85.55   	 259.41		
 49.93   	 -45.78		 86.59   	 239.06		
 49.75   	 -55.95		 87.55   	 223.80		
 49.52   	 -71.21		 88.44   	 193.29		
 49.24   	 -81.38		 89.22   	 172.94		
 48.91   	 -96.64		 89.91   	 137.33		
 48.52   	-116.99		 90.46   	 101.73		
 48.06   	-147.51		 90.86   	  71.21		
 47.47   	-172.94		 91.15   	  30.52		
 46.77   	-208.54		 91.27(S)	  -5.09		
 45.94   	-254.32		 91.25   	 -40.69		
 44.92   	-289.93		 91.09   	 -71.21		
 43.76   	-335.71		 90.80   	 -96.64		
 42.42   	-371.31		 90.42   	-122.07		
 40.94   	-412.00		 89.93   	-137.33		
 39.29   	-457.78		 89.38   	-157.68		
 37.46   	-503.56		 88.75   	-162.77		
 35.44   	-528.99		 88.10   	-167.85		
 33.33   	-549.34		 87.43   	-167.85		
 31.13   	-559.51		 86.75   	-162.77		
 28.89   	-569.68		 86.10   	-162.77		
 26.61   	-569.68		 85.45   	-157.68		
 24.33   	-564.60		 84.82   	-147.51		
 22.08   	-544.25		 84.23   	-137.33		
 19.90   	-528.99		 83.68   	-137.33		
 17.78   	-518.82		 83.13   	-132.25		
 15.71   	-478.13		 82.60   	-127.16		
 13.79   	-452.69		 82.10   	-122.07		
 11.98   	-422.18		 81.61   	-127.16		
 10.29   	-391.66		 81.10   	-127.16		
  8.73   	-350.97		 80.59   	-127.16		
  7.32   	-320.45		 80.08   	-132.25		
  6.04   	-284.84		 79.55   	-132.25		
  4.90   	-264.50		 79.02   	-142.42		
  3.85   	-233.98		 78.45   	-142.42		
  2.91   	-203.46		 77.88   	-147.51		
  2.10   	-162.77		 77.29   	-147.51		
  1.44   	-122.07		 76.70   	-147.51		
  0.96   	 -96.64		 76.11   	-147.51		
  0.57   	 -66.12		 75.52   	-147.51		
  0.31   	 -45.78		 74.93   	-142.42		
  0.12   	 -30.52		 74.36   	-137.33		
  0.00(D)	   0.00		 73.81   	-132.25		
  0.00   	  30.52		 73.29   	-132.25		
  0.12   	  55.95		 72.76   	-127.16		
  0.35   	  71.21		 72.25   	-122.07		
  0.63   	  81.38		 71.76   	-116.99		
  0.96   	 101.73		 71.29   	-111.90		
  1.36   	 116.99		 70.84   	-106.82		
  1.83   	 111.90		 70.42   	-106.82		
  2.28   	 116.99		 69.99   	-101.73		
  2.75   	 116.99		 69.58   	 -96.64		
  3.21   	 122.07		 69.20   	 -96.64		
  3.70   	 111.90		 68.81   	 -91.56		
  4.15   	 106.82		 68.44   	 -96.64		
  4.58   	 111.90		 68.06   	 -91.56		
  5.03   	 101.73		 67.69   	 -91.56		
  5.43   	  96.64		 67.32   	 -86.47		
  5.82   	  81.38		 66.98   	 -86.47		
  6.14   	  66.12		 66.63   	 -86.47		
  6.41   	  61.04		 66.29   	 -86.47		
  6.65   	  61.04		 65.94   	 -81.38		
  6.90   	  50.86		 65.62   	 -81.38		
  7.10   	  40.69		 65.29   	 -76.30		
  7.26   	  30.52		 64.98   	 -76.30		
  7.39   	  35.61		 64.68   	 -71.21		
  7.53   	  20.35		 64.39   	 -71.21		
  7.61   	  15.26		 64.11   	 -66.12		
  7.67   	  10.17		 63.85   	 -66.12		
  7.71   	  10.17		 63.58   	 -61.04		
  7.75   	   5.09		 63.34   	 -61.04		
  7.77   	   5.09		 63.09   	 -55.95		
  7.79   	   0.00		 62.87   	 -55.95		
  7.79   	  -5.09		 62.64   	 -55.95		
  7.77   	   0.00		 62.42   	 -50.86		
  7.77   	   0.00		 62.22   	 -50.86		
  7.77   	 -10.17		 62.01   	 -45.78		
  7.73   	 -15.26		 61.83   	 -50.86		
  7.67   	 -10.17		 61.63   	 -50.86		
  7.63   	  -5.09		 61.42   	 -45.78		
  7.61   	   0.00		 61.24   	 -40.69		
  7.61   	 -10.17		 61.08   	 -45.78		
  7.57   	  -5.09		 60.89   	 -45.78		
  7.55   	   5.09		 60.71   	 -45.78		
  7.57   	  15.26		 60.53   	 -45.78		
  7.63   	  10.17		 60.35   	 -40.69		
  7.67   	  15.26		 60.18   	 -40.69		
  7.73   	  25.43		 60.02   	 -35.61		
  7.83   	  25.43		 59.88   	 -40.69		
  7.93   	  25.43		 59.71   	 -40.69		
  8.04   	  30.52		 59.55   	 -35.61		
  8.16   	  30.52		 59.41   	 -35.61		
  8.28   	  30.52		 59.27   	 -35.61		
  8.40   	  30.52		 59.12   	 -40.69		
  8.52   	  30.52		 58.96   	 -35.61		
  8.65   	  40.69		 58.82   	 -35.61		
  8.81   	  35.61		 58.68   	 -35.61		
  8.95   	  61.04		 58.53   	 -35.61		
  9.20   	  30.52		 58.39   	 -40.69		
  9.32   	  35.61		 58.23   	 -40.69		
  9.46   	  30.52		 58.07   	 -35.61		
  9.58   	  25.43		 57.92   	 -40.69		
  9.68   	  25.43		 57.76   	 -40.69		
  9.79(E)	  20.35		 57.60   	 -35.61		
  9.87   	  25.43		 57.46   	 -35.61		
  9.97   	  15.26		 57.31   	 -40.69		
 10.03   	  10.17		 57.15   	 -35.61		
 10.07   	  25.43		 57.01   	 -35.61		
 10.17   	  25.43		 56.87   	 -30.52		
 10.27   	  25.43		 56.74   	 -35.61		
 10.38   	  35.61		 56.60   	 -35.61		
 10.52   	  45.78		 56.46   	 -30.52		
 10.70   	  61.04		 56.34   	 -30.52		
 10.95   	  96.64		 56.22   	 -35.61		
 11.33   	 132.25		 56.07   	 -30.52		
 11.86   	 162.77		 55.95   	 -30.52		
 12.51   	 203.46		 55.83   	 -30.52		
 13.33   	 254.32		 55.71   	 -30.52		
 14.34   	 289.93		 55.58   	 -30.52		
 15.50   	 305.19		 55.46   	 -30.52		
 16.72   	 335.71		 55.34   	 -25.43		
 18.07   	 381.48		 55.24   	 -30.52		
 19.59   	 396.74		 55.12   	 -30.52		
 21.18   	 417.09		 54.99   	 -25.43		
 22.85   	 432.35		 54.89   	 -30.52		
 24.58   	 437.43		 54.77   	 -25.43		
 26.33   	 432.35		 54.67   	 -25.43		
 28.06   	 417.09		 54.57   	 -25.43		
 29.73   	 401.83		 54.47   	 -25.43		
 31.33   	 391.66		 54.36   	 -30.52		
 32.90   	 371.31		 54.24   	 -25.43		
 34.38   	 350.97		 54.14   	 -25.43		
 35.79   	 345.88		 54.04   	 -25.43		
 37.17   	 325.53		 53.94   	 -25.43		
 38.47   	 310.27		 53.83   	 -25.43		
 39.72   	 300.10		 53.73   	 -25.43		
 40.92   	 259.41		 53.63   	 -25.43		
 41.95   	 208.54		 53.53   	 -25.43		
 42.79   	 183.11		 53.43   	 -25.43		
 43.52   	 152.59		 53.33   	 -25.43		
 44.13   	 106.82		 53.22   	 -25.43		
 44.56   	  81.38		 53.12   	 -25.43		
 44.88   	  61.04		 53.02   	 -25.43		
 45.13   	  35.61		 52.92   	 -25.43		
 45.27   	  15.26		 52.82   	 -20.35		
 45.33   	   5.09		 52.74   	 -20.35		
 45.35   	 -15.26		 52.65   	 -15.26		
 45.29   	 -15.26		 52.59   	  -5.09		
 45.23   	 -20.35		 52.57(D)	   0.00		
 45.15   	 -30.52		 52.57   	  20.35		
 45.03   	 -20.35		 52.65   	  40.69		
 44.94   	 -20.35		 52.82   	  66.12		
 44.86   	 -15.26		 53.08   	  86.47		
 44.80   	   0.00		 53.43   	 116.99		
 44.80   	   5.09		 53.90   	 147.51		
 44.82   	  20.35		 54.49   	 167.85		
 44.90   	  30.52		 55.16   	 203.46		
 45.03   	  45.78		 55.97   	 223.80		
 45.21   	  55.95		 56.87   	 244.15		
 45.43   	  71.21		 57.84   	 269.58		
 45.72   	  81.38		 58.92   	 284.84		
 46.04   	  86.47		 60.06   	 300.10		
 46.39   	  91.56		 61.26   	 310.27		
 46.75   	 101.73		 62.50   	 320.45		
 47.16   	 106.82		 63.78   	 330.62		
 47.59   	 106.82		 65.11   	 330.62		
 48.02   	 106.82		 66.43   	 325.53		
 48.44   	  96.64		 67.73   	 330.62		
 48.83   	 101.73		 69.05   	 325.53		
 49.24   	  91.56		 70.36   	 325.53		
 49.60   	  81.38		 71.66   	 320.45		
 49.93   	  81.38		 72.94   	 315.36		
 50.25   	  66.12		 74.20   	 310.27		
 50.52   	  55.95		 75.44   	 305.19		
 50.74   	  40.69		 76.66   	 305.19		
 50.91   	  25.43		 77.88   	 305.19		
 51.01   	  20.35		 79.10   	 300.10		
 51.09   	  10.17		 80.30   	 300.10		
 51.13(S)	   0.00		 81.51   	 295.01		
 51.13   	 -10.17		 82.69   	 289.93		
 51.09   	 -25.43		 83.85   	 289.93		
 50.99   	 -25.43		 85.00   	 279.75		
 50.88   	 -35.61		 86.12   	 264.50		
 50.74   	 -55.95		 87.18   	 249.24		
 50.52   	 -55.95		 88.18   	 228.89		
 50.29   	 -71.21		 89.09   	 208.54		
 50.01   	 -81.38		 89.93   	 178.03		
 49.68   	-101.73		 90.64   	 147.51		
 49.28   	-116.99		 91.23   	 116.99		
 48.81   	-142.42		 91.70   	  76.30		
 48.24   	-172.94		 92.00   	  45.78		
 47.55   	-208.54		 92.19   	   5.09		
 46.71   	-244.15		 92.21(S)	 -25.43		
 45.74   	-279.75		 92.11   	 -61.04		
 44.62   	-310.27		 91.86   	 -86.47		
 43.38   	-350.97		 91.52   	-111.90		
 41.97   	-386.57		 91.07   	-132.25		
 40.43   	-432.35		 90.54   	-147.51		
 38.70   	-473.04		 89.95   	-162.77		
 36.81   	-498.47		 89.30   	-167.85		
 34.81   	-523.90		 88.63   	-167.85		
 32.72   	-539.16		 87.95   	-172.94		
 30.56   	-554.42		 87.26   	-167.85		
 28.34   	-549.34		 86.59   	-162.77		
 26.14   	-549.34		 85.94   	-157.68		
 23.95   	-539.16		 85.31   	-152.59		
 21.79   	-523.90		 84.70   	-152.59		
 19.69   	-503.56		 84.09   	-142.42		
 17.68   	-488.30		 83.52   	-142.42		
 15.73   	-462.87		 82.95   	-137.33		
 13.88   	-422.18		 82.40   	-137.33		
 12.19   	-401.83		 81.85   	-142.42		
 10.58   	-376.40		 81.28   	-137.33		
  9.07   	-340.79		 80.73   	-137.33		
  7.71   	-315.36		 80.18   	-147.51		
  6.45   	-279.75		 79.59   	-147.51		
  5.33   	-244.15		 79.00   	-147.51		
  4.35   	-208.54		 78.41   	-152.59		
  3.52   	-167.85		 77.80   	-147.51		
  2.85   	-116.99		 77.21   	-152.59		
  2.38   	 -76.30		 76.60   	-147.51		
  2.08   	 -71.21		 76.01   	-142.42		
  1.79   	 -66.12		 75.44   	-147.51		
  1.53   	 -25.43		 74.85   	-137.33		
  1.42   	 -15.26		 74.30   	-137.33		
  1.36(D)	   5.09		 73.75   	-132.25		
  1.38   	  35.61		 73.22   	-127.16		
  1.53   	  50.86		 72.72   	-127.16		
  1.73   	  55.95		 72.21   	-122.07		
  1.95   	  76.30		 71.72   	-116.99		
  2.26   	  86.47		 71.25   	-116.99		
  2.60   	  86.47		 70.78   	-111.90		
  2.95   	  91.56		 70.34   	-111.90		
  3.32   	  91.56		 69.89   	-106.82		
  3.68   	  91.56		 69.46   	-101.73		
  4.05   	  96.64		 69.05   	-106.82		
  4.44   	  91.56		 68.63   	-101.73		
  4.80   	  86.47		 68.22   	 -96.64		
  5.15   	  86.47		 67.83   	-101.73		
  5.49   	  81.38		 67.43   	 -96.64		
  5.82   	  76.30		 67.04   	 -96.64		
  6.12   	  55.95		 66.65   	 -91.56		
  6.35   	  55.95		 66.29   	 -91.56		
  6.57   	  45.78		 65.92   	 -91.56		
  6.75   	  40.69		 65.55   	 -86.47		
  6.92   	  30.52		 65.21   	 -86.47		
  7.04   	  15.26		 64.86   	 -81.38		
  7.10   	  15.26		 64.54   	 -81.38		
  7.16   	  10.17		 64.21   	 -76.30		
  7.20   	   5.09		 63.91   	 -76.30		
  7.22   	   5.09		 63.60   	 -71.21		
  7.24   	  10.17		 63.32   	 -71.21		
  7.28   	   0.00		 63.03   	 -71.21		
  7.28   	 -10.17		 62.75   	 -66.12		
  7.24   	 -10.17		 62.48   	 -61.04		
  7.20   	 -10.17		 62.24   	 -66.12		
  7.16   	 -20.35		 61.97   	 -61.04		
  7.08   	 -20.35		 61.73   	 -61.04		
  7.00   	 -20.35		 61.49   	 -61.04		
  6.92   	 -30.52		 61.24   	 -55.95		
  6.80   	 -25.43		 61.02   	 -55.95		
  6.69   	 -25.43		 60.79   	 -55.95		
  6.59   	 -30.52		 60.57   	 -55.95		
  6.47   	 -25.43		 60.35   	 -50.86		
  6.37   	 -20.35		 60.14   	 -50.86		
  6.29   	 -10.17		 59.94   	 -50.86		
  6.25   	 -15.26		 59.74   	 -50.86		
  6.19   	  -5.09		 59.53   	 -50.86		
  6.16   	   0.00		 59.33   	 -45.78		
  6.16   	   0.00		 59.15   	 -45.78		
  6.16   	   0.00		 58.96   	 -45.78		
  6.16   	   5.09		 58.78   	 -45.78		
  6.19   	  10.17		 58.60   	 -45.78		
  6.23   	  15.26		 58.41   	 -45.78		
  6.29   	   5.09		 58.23   	 -45.78		
  6.31   	  10.17		 58.05   	 -40.69		
  6.35   	  20.35		 57.88   	 -40.69		
  6.43   	  20.35		 57.72   	 -40.69		
  6.51   	  15.26		 57.56   	 -40.69		
  6.57   	  15.26		 57.40   	 -45.78		
  6.63   	  25.43		 57.21   	 -40.69		
  6.73   	  50.86		 57.05   	 -40.69		
  6.94   	  20.35		 56.89   	 -45.78		
  7.02   	  25.43		 56.70   	 -40.69		
  7.12   	  25.43		 56.54   	 -45.78		
  7.22   	  20.35		 56.36   	 -35.61		
  7.30(E)	  15.26		 56.22   	 -40.69		
  7.37   	  20.35		 56.05   	 -40.69		
  7.45   	  15.26		 55.89   	 -35.61		
  7.51   	  15.26		 55.75   	 -35.61		
  7.57   	   5.09		 55.61   	 -40.69		
  7.59   	  15.26		 55.44   	 -35.61		
  7.65   	  20.35		 55.30   	 -35.61		
  7.73   	  30.52		 55.16   	 -35.61		
  7.85   	  35.61		 55.02   	 -30.52		
  8.00   	  35.61		 54.89   	 -35.61		
  8.14   	  50.86		 54.75   	 -35.61		
  8.34   	  91.56		 54.61   	 -35.61		
  8.71   	 106.82		 54.47   	 -30.52		
  9.14   	 142.42		 54.34   	 -35.61		
  9.70   	 213.63		 54.20   	 -30.52		
 10.56   	 274.67		 54.08   	 -35.61		
 11.66   	 295.01		 53.94   	 -30.52		
 12.84   	 325.53		 53.81   	 -30.52		
 14.14   	 361.14		 53.69   	 -30.52		
 15.58   	 391.66		 53.57   	 -30.52		
 17.15   	 427.26		 53.45   	 -30.52		
 18.86   	 447.61		 53.33   	 -30.52		
 20.65   	 437.43		 53.20   	 -30.52		
 22.40   	 442.52		 53.08   	 -30.52		
 24.17   	 447.61		 52.96   	 -30.52		
 25.96   	 432.35		 52.84   	 -25.43		
 27.69   	 401.83		 52.74   	 -30.52		
 29.30   	 381.48		 52.61   	 -30.52		
 30.82   	 361.14		 52.49   	 -30.52		
 32.27   	 335.71		 52.37   	 -25.43		
 33.61   	 295.01		 52.27   	 -30.52		
 34.79   	 264.50		 52.15   	 -30.52		
 35.85   	 239.06		 52.02   	 -30.52		
 36.81   	 218.72		 51.90   	 -25.43		
 37.68   	 193.29		 51.80   	 -30.52		
 38.45   	 167.85		 51.68   	 -25.43		
 39.12   	 142.42		 51.58   	 -30.52		
 39.69   	 116.99		 51.45   	 -25.43		
 40.16   	  91.56		 51.35   	 -25.43		
 40.53   	  55.95		 51.25   	 -25.43		
 40.75   	  40.69		 51.15   	 -25.43		
 40.92   	  20.35		 51.05   	 -25.43		
 41.00   	   5.09		 50.95   	 -20.35		
 41.02   	 -10.17		 50.86   	 -15.26		
 40.98   	 -25.43		 50.80   	 -15.26		
 40.87   	 -30.52		 50.74   	 -10.17		
 40.75   	  N/A		 50.70   	  N/A		
